# Ic = 1.98 A, n = 20.20 , Tavg = 39.95 K, f23-afterlastbeamon_40K_d
#datetime                        t_s     iHTS_A                vHTS_V                tHTS_K  tTAR_K
0202-11-01_00:12:19.582000      12574.76        4.70439400e-02        3.19802224e-09  39.9475  39.4579
0202-11-01_00:12:19.773000      12574.96        2.84968500e-02        5.73904024e-09  39.9475  39.4579
0202-11-01_00:12:19.977000      12575.16        5.79196000e-02        7.47433534e-09  39.9475  39.4579
0202-11-01_00:12:20.180000      12575.36        8.88834600e-02        1.00773669e-08  39.9475  39.4579
0202-11-01_00:12:20.380000      12575.56        1.19092800e-01        6.42063854e-09  39.9391  39.4409
0202-11-01_00:12:20.586000      12575.77        1.46915700e-01        8.77581954e-09  39.9391  39.4409
0202-11-01_00:12:20.785000      12575.97        1.78854000e-01        5.73887554e-09  39.9391  39.4409
0202-11-01_00:12:21             12576.18        2.08502300e-01        1.00153884e-08  39.9391  39.4409
0202-11-01_00:12:21.234000      12576.42        2.37013800e-01        6.48261694e-09  39.9391  39.4409
0202-11-01_00:12:21.426000      12576.61        2.66792800e-01        7.41229364e-09  39.9386  39.4597
0202-11-01_00:12:21.617000      12576.80        2.96254000e-01        9.95341004e-09  39.9386  39.4597
0202-11-01_00:12:21.824000      12577.01        3.27432400e-01        1.14408927e-08  39.9386  39.4597
0202-11-01_00:12:22.016000      12577.20        3.57162400e-01        1.15028712e-08  39.9386  39.4597
0202-11-01_00:12:22.234000      12577.42        3.84330700e-01        9.02373334e-09  39.9386  39.4597
0202-11-01_00:12:22.465000      12577.65        4.16931000e-01        8.96175484e-09  39.9381  39.4388
0202-11-01_00:12:22.670000      12577.86        4.45326700e-01        1.05731945e-08  39.9381  39.4388
0202-11-01_00:12:22.875000      12578.06        4.75420300e-01        1.49116858e-08  39.9381  39.4388
0202-11-01_00:12:23.070000      12578.25        5.05939800e-01        1.60892763e-08  39.9381  39.4388
0202-11-01_00:12:23.280000      12578.46        5.34702900e-01        2.07376599e-08  39.9371  39.4589
0202-11-01_00:12:23.504000      12578.69        5.65850200e-01        1.82585220e-08  39.9371  39.4589
0202-11-01_00:12:23.707000      12578.89        5.94461100e-01        1.35481600e-08  39.9371  39.4589
0202-11-01_00:12:23.918000      12579.10        6.23888300e-01        1.24945264e-08  39.9371  39.4589
0202-11-01_00:12:24.117000      12579.30        6.54418200e-01        1.72048884e-08  39.9371  39.4589
0202-11-01_00:12:24.312000      12579.50        6.83167100e-01        2.06756815e-08  39.9428  39.4405
0202-11-01_00:12:24.516000      12579.70        7.12960900e-01        1.52215781e-08  39.9428  39.4405
0202-11-01_00:12:24.720000      12579.90        7.43583200e-01        1.51595996e-08  39.9428  39.4405
0202-11-01_00:12:24.910000      12580.09        7.73187000e-01        1.07591298e-08  39.9428  39.4405
0202-11-01_00:12:25.117000      12580.30        8.00491800e-01        1.91881987e-08  39.9428  39.4405
0202-11-01_00:12:25.320000      12580.50        8.32838300e-01        2.19152504e-08  39.9579  39.4637
0202-11-01_00:12:25.510000      12580.69        8.62850200e-01        2.12954723e-08  39.9579  39.4637
0202-11-01_00:12:25.715000      12580.90        8.89309100e-01        1.97460328e-08  39.9579  39.4637
0202-11-01_00:12:25.918000      12581.10        9.21999900e-01        1.36721723e-08  39.9579  39.4637
0202-11-01_00:12:26.110000      12581.29        9.51924200e-01        1.84445280e-08  39.9579  39.4637
0202-11-01_00:12:26.320000      12581.50        9.79524000e-01        2.27210420e-08  39.9579  39.4637
0202-11-01_00:12:26.510000      12581.70        1.01175500e+00        2.55720513e-08  39.9383  39.4398
0202-11-01_00:12:26.707000      12581.89        1.04152800e+00        2.32788482e-08  39.9383  39.4398
0202-11-01_00:12:26.914000      12582.10        1.07077100e+00        1.86304634e-08  39.9383  39.4398
0202-11-01_00:12:27.105000      12582.29        1.10039100e+00        2.06757527e-08  39.9383  39.4398
0202-11-01_00:12:27.310000      12582.49        1.13051700e+00        2.42085251e-08  39.9483  39.4591
0202-11-01_00:12:27.510000      12582.69        1.15830300e+00        2.19773004e-08  39.9483  39.4591
0202-11-01_00:12:27.703000      12582.89        1.18996100e+00        1.95601403e-08  39.9483  39.4591
0202-11-01_00:12:27.900000      12583.08        1.22022800e+00        1.97460757e-08  39.9483  39.4591
0202-11-01_00:12:28.105000      12583.29        1.24879900e+00        2.90428453e-08  39.9483  39.4591
0202-11-01_00:12:28.297000      12583.48        1.27833800e+00        3.11501131e-08  39.9483  39.4591
0202-11-01_00:12:28.500000      12583.68        1.30901000e+00        3.44349717e-08  39.9622  39.4427
0202-11-01_00:12:28.700000      12583.88        1.33847400e+00        2.65637068e-08  39.9622  39.4427
0202-11-01_00:12:28.895000      12584.08        1.36822800e+00        2.94766946e-08  39.9622  39.4427
0202-11-01_00:12:29.110000      12584.29        1.39924800e+00        2.74314052e-08  39.9622  39.4427
0202-11-01_00:12:29.316000      12584.50        1.42849400e+00        2.73074483e-08  39.9435  39.4598
0202-11-01_00:12:29.516000      12584.70        1.45691800e+00        2.63157929e-08  39.9435  39.4598
0202-11-01_00:12:29.707000      12584.89        1.48786900e+00        3.06542854e-08  39.9435  39.4598
0202-11-01_00:12:29.910000      12585.09        1.51747400e+00        3.36292516e-08  39.9435  39.4598
0202-11-01_00:12:30.113000      12585.29        1.54657600e+00        3.93932488e-08  39.9435  39.4598
0202-11-01_00:12:30.310000      12585.49        1.57713900e+00        3.94552272e-08  39.9257  39.4446
0202-11-01_00:12:30.508000      12585.69        1.60691900e+00        3.76578518e-08  39.9257  39.4446
0202-11-01_00:12:30.710000      12585.89        1.63552300e+00        3.43110147e-08  39.9257  39.4446
0202-11-01_00:12:30.906000      12586.09        1.66700400e+00        3.28855101e-08  39.9257  39.4446
0202-11-01_00:12:31.117000      12586.30        1.69692000e+00        3.31334239e-08  39.9257  39.4446
0202-11-01_00:12:31.316000      12586.50        1.72499100e+00        3.85255503e-08  39.9554  39.4598
0202-11-01_00:12:31.510000      12586.70        1.75634600e+00        3.88354545e-08  39.9554  39.4598
0202-11-01_00:12:31.707000      12586.89        1.78570900e+00        4.76364428e-08  39.9554  39.4598
0202-11-01_00:12:31.902000      12587.08        1.81269500e+00        5.13551852e-08  39.9554  39.4598
0202-11-01_00:12:32.094000      12587.28        1.84524200e+00        6.67258707e-08  39.9554  39.4598
0202-11-01_00:12:32.300000      12587.48        1.87536500e+00        8.23444494e-08  39.9468  39.4416
0202-11-01_00:12:32.500000      12587.68        1.90475200e+00        1.07011887e-07  39.9468  39.4416
0202-11-01_00:12:32.695000      12587.88        1.93401700e+00        1.36637604e-07  39.9468  39.4416
0202-11-01_00:12:32.900000      12588.08        1.96454200e+00        1.96384865e-07  39.9468  39.4416
0202-11-01_00:12:33.094000      12588.28        1.99477500e+00        2.56380041e-07  39.9468  39.4416
0202-11-01_00:12:33.297000      12588.48        2.02269800e+00        3.26911559e-07  39.9816  39.4660
0202-11-01_00:12:33.492000      12588.68        2.05416400e+00        4.52108102e-07  39.9816  39.4660
0202-11-01_00:12:33.703000      12588.89        2.08429200e+00        5.82572817e-07  39.9816  39.4660
0202-11-01_00:12:33.906000      12589.09        2.11254300e+00        8.04393822e-07  39.9816  39.4660
0202-11-01_00:12:34.098000      12589.28        2.14355100e+00        1.02311590e-06  39.9816  39.4660
0202-11-01_00:12:34.297000      12589.48        2.17338000e+00        1.32426937e-06  39.9472  39.4398
0202-11-01_00:12:34.496000      12589.68        2.20259200e+00        1.69490072e-06  39.9472  39.4398
0202-11-01_00:12:34.707000      12589.89        2.23199000e+00        3.17116629e-06  39.9472  39.4398
0202-11-01_00:12:34.910000      12590.09        2.26367400e+00        3.31297306e-06  39.9472  39.4398
0202-11-01_00:12:35.120000      12590.30        2.29184300e+00        4.64997296e-06  39.9472  39.4398
0202-11-01_00:12:35.316000      12590.50        2.32242500e+00        6.17898220e-06  39.9277  39.4615
0202-11-01_00:12:35.520000      12590.70        2.35104400e+00        7.36252335e-06  39.9277  39.4615
0202-11-01_00:12:35.715000      12590.90        2.38062300e+00        9.31633310e-06  39.9277  39.4615
0202-11-01_00:12:35.906000      12591.09        2.41151800e+00        1.10721836e-05  39.9277  39.4615
0202-11-01_00:12:36.100000      12591.29        2.44137500e+00        1.32677094e-05  39.9277  39.4615
0202-11-01_00:12:36.312000      12591.50        2.46895600e+00        1.62473869e-05  39.9277  39.4615
0202-11-01_00:12:36.520000      12591.70        2.50135000e+00        1.99419242e-05  39.9512  39.4461
0202-11-01_00:12:36.723000      12591.90        2.53067500e+00        2.31661068e-05  39.9512  39.4461