# Ic =  nan A, n =  nan , Tavg = 39.99 K, f29-130Kanneal-40K
#datetime                        t_s     iHTS_A                vHTS_V                tHTS_K  tTAR_K
0202-02-11_13:01:42.320000      10289.16        4.81987400e-02        6.28778050e-09  39.9785  39.3673
0202-02-11_13:01:42.560000      10289.40        1.29060000e-02        8.64299050e-09  39.9785  39.3673
0202-02-11_13:01:42.766000      10289.60        2.34196100e-02        1.58945405e-08  39.9760  39.3702
0202-02-11_13:01:42.957000      10289.80        3.27800500e-02        1.27955905e-08  39.9760  39.3702
0202-02-11_13:01:43.160000      10290.00        4.17026800e-02        1.17419405e-08  39.9760  39.3702
0202-02-11_13:01:43.355000      10290.19        5.26021700e-02        1.05023605e-08  39.9760  39.3702
0202-02-11_13:01:43.574000      10290.41        6.28887100e-02        1.20518405e-08  39.9760  39.3702
0202-02-11_13:01:43.785000      10290.62        7.27137700e-02        1.10601705e-08  39.9852  39.3676
0202-02-11_13:01:43.990000      10290.83        8.24200200e-02        1.00685105e-08  39.9852  39.3676
0202-02-11_13:01:44.184000      10291.02        9.20832300e-02        1.55846505e-08  39.9852  39.3676
0202-02-11_13:01:44.375000      10291.21        1.02242100e-01        1.55846505e-08  39.9852  39.3676
0202-02-11_13:01:44.590000      10291.43        1.12111600e-01        1.99231905e-08  39.9852  39.3676
0202-02-11_13:01:44.790000      10291.63        1.21780800e-01        1.47789205e-08  39.9833  39.3656
0202-02-11_13:01:44.992000      10291.83        1.31988700e-01        1.31054805e-08  39.9833  39.3656
0202-02-11_13:01:45.188000      10292.03        1.42057000e-01        1.21138205e-08  39.9833  39.3656
0202-02-11_13:01:45.380000      10292.22        1.51291000e-01        1.22377805e-08  39.9833  39.3656
0202-02-11_13:01:45.586000      10292.42        1.61905500e-01        1.20518405e-08  39.9833  39.3656
0202-02-11_13:01:45.785000      10292.62        1.72208400e-01        7.58951050e-09  39.9721  39.3674
0202-02-11_13:01:45.980000      10292.82        1.81187400e-01        4.24276050e-09  39.9721  39.3674
0202-02-11_13:01:46.184000      10293.02        1.91693600e-01        4.30486050e-09  39.9721  39.3674
0202-02-11_13:01:46.375000      10293.21        2.01457700e-01        1.08126705e-08  39.9721  39.3674
0202-02-11_13:01:46.580000      10293.42        2.10754300e-01        1.63907905e-08  39.9721  39.3674
0202-02-11_13:01:46.790000      10293.63        2.21576700e-01        1.83121405e-08  39.9636  39.3647
0202-02-11_13:01:46.992000      10293.83        2.31490100e-01        1.79402705e-08  39.9636  39.3647
0202-02-11_13:01:47.195000      10294.03        2.40840200e-01        2.24647405e-08  39.9636  39.3647
0202-02-11_13:01:47.387000      10294.23        2.51364200e-01        2.06053705e-08  39.9636  39.3647
0202-02-11_13:01:47.613000      10294.45        2.61475600e-01        2.30225505e-08  39.9636  39.3647
0202-02-11_13:01:47.824000      10294.66        2.71083900e-01        2.61215105e-08  39.9685  39.3679
0202-02-11_13:01:48.027000      10294.87        2.80897000e-01        2.07913005e-08  39.9685  39.3679
0202-02-11_13:01:48.223000      10295.06        2.90811000e-01        2.01715105e-08  39.9685  39.3679
0202-02-11_13:01:48.420000      10295.26        3.00699800e-01        1.83121405e-08  39.9685  39.3679
0202-02-11_13:01:48.617000      10295.46        3.11095800e-01        1.76303705e-08  39.9733  39.3697
0202-02-11_13:01:48.824000      10295.66        3.20870300e-01        2.20308905e-08  39.9733  39.3697
0202-02-11_13:01:49.020000      10295.86        3.30511300e-01        1.69486005e-08  39.9733  39.3697
0202-02-11_13:01:49.210000      10296.05        3.40858700e-01        2.24647405e-08  39.9733  39.3697
0202-02-11_13:01:49.418000      10296.25        3.50753400e-01        1.94897405e-08  39.9733  39.3697
0202-02-11_13:01:49.620000      10296.46        3.60131700e-01        2.04814105e-08  39.9804  39.3665
0202-02-11_13:01:49.830000      10296.67        3.70623000e-01        2.47579705e-08  39.9804  39.3665
0202-02-11_13:01:50.023000      10296.86        3.80498500e-01        2.90965105e-08  39.9804  39.3665
0202-02-11_13:01:50.215000      10297.05        3.89775000e-01        2.79808805e-08  39.9804  39.3665
0202-02-11_13:01:50.406000      10297.25        4.00316800e-01        2.54397405e-08  39.9804  39.3665
0202-02-11_13:01:50.613000      10297.45        4.10063100e-01        2.49439105e-08  39.9778  39.3724
0202-02-11_13:01:50.810000      10297.65        4.19736700e-01        2.61215105e-08  39.9778  39.3724
0202-02-11_13:01:51.010000      10297.85        4.30164300e-01        2.69272405e-08  39.9778  39.3724
0202-02-11_13:01:51.203000      10298.04        4.40214800e-01        3.13277505e-08  39.9778  39.3724
0202-02-11_13:01:51.395000      10298.23        4.49688100e-01        3.52324405e-08  39.9778  39.3724
0202-02-11_13:01:51.598000      10298.44        4.59250400e-01        3.43649205e-08  39.9770  39.3701
0202-02-11_13:01:51.800000      10298.64        4.69771100e-01        3.38698605e-08  39.9770  39.3701
0202-02-11_13:01:51.992000      10298.83        4.79682200e-01        3.23209605e-08  39.9770  39.3701
0202-02-11_13:01:52.188000      10299.03        4.88788900e-01        2.86026005e-08  39.9770  39.3701
0202-02-11_13:01:52.390000      10299.23        4.99385600e-01        3.00900905e-08  39.9770  39.3701
0202-02-11_13:01:52.610000      10299.45        5.09731500e-01        3.18255105e-08  39.9782  39.3737
0202-02-11_13:01:52.816000      10299.65        5.19596600e-01        3.46765505e-08  39.9782  39.3737
0202-02-11_13:01:53.008000      10299.85        5.29421500e-01        3.90150905e-08  39.9782  39.3737
0202-02-11_13:01:53.210000      10300.05        5.38906600e-01        4.03166505e-08  39.9782  39.3737
0202-02-11_13:01:53.414000      10300.25        5.48549600e-01        4.01926905e-08  39.9782  39.3737
0202-02-11_13:01:53.620000      10300.46        5.59103200e-01        3.72177005e-08  39.9819  39.3686
0202-02-11_13:01:53.824000      10300.66        5.67957600e-01        3.59781105e-08  39.9819  39.3686
0202-02-11_13:01:54.016000      10300.85        5.78698300e-01        3.44286305e-08  39.9819  39.3686
0202-02-11_13:01:54.207000      10301.05        5.88553000e-01        3.43666505e-08  39.9819  39.3686
0202-02-11_13:01:54.406000      10301.24        5.97852600e-01        3.43666505e-08  39.9819  39.3686
0202-02-11_13:01:54.610000      10301.45        6.08658500e-01        3.15775905e-08  39.9767  39.3690
0202-02-11_13:01:54.812000      10301.65        6.18360300e-01        2.92843705e-08  39.9767  39.3690
0202-02-11_13:01:55.008000      10301.85        6.27864200e-01        3.43046805e-08  39.9767  39.3690
0202-02-11_13:01:55.200000      10302.04        6.38480200e-01        3.46145705e-08  39.9767  39.3690
0202-02-11_13:01:55.406000      10302.24        6.48661400e-01        3.61020705e-08  39.9767  39.3690
0202-02-11_13:01:55.613000      10302.45        6.58136100e-01        3.13296805e-08  39.9686  39.3707
0202-02-11_13:01:55.820000      10302.66        6.68032300e-01        3.08338405e-08  39.9686  39.3707
0202-02-11_13:01:56.010000      10302.85        6.78280300e-01        2.82307205e-08  39.9686  39.3707
0202-02-11_13:01:56.207000      10303.04        6.87296400e-01        2.32104105e-08  39.9686  39.3707
0202-02-11_13:01:56.400000      10303.24        6.97937700e-01        2.14749905e-08  39.9686  39.3707
0202-02-11_13:01:56.600000      10303.44        7.07779000e-01        2.33963505e-08  39.9710  39.3679
0202-02-11_13:01:56.797000      10303.64        7.17022200e-01        2.59374905e-08  39.9710  39.3679
0202-02-11_13:01:56.990000      10303.83        7.27670800e-01        2.76729105e-08  39.9710  39.3679
0202-02-11_13:01:57.195000      10304.03        7.37739200e-01        2.77348905e-08  39.9710  39.3679
0202-02-11_13:01:57.387000      10304.23        7.46442200e-01        3.25072805e-08  39.9710  39.3679
0202-02-11_13:01:57.600000      10304.44        7.57622200e-01        3.35611605e-08  39.9710  39.3679
0202-02-11_13:01:57.805000      10304.64        7.67430800e-01        3.61032705e-08  39.9783  39.3695
0202-02-11_13:01:58.008000      10304.85        7.76605800e-01        3.38107605e-08  39.9783  39.3695
0202-02-11_13:01:58.207000      10305.05        7.86823400e-01        3.35633205e-08  39.9783  39.3695
0202-02-11_13:01:58.402000      10305.24        7.97167800e-01        3.18279105e-08  39.9783  39.3695
0202-02-11_13:01:58.610000      10305.45        8.06017700e-01        3.88315505e-08  39.9783  39.3695
0202-02-11_13:01:58.810000      10305.65        8.16936500e-01        3.64763405e-08  39.9812  39.3721
0202-02-11_13:01:59             10305.84        8.26889100e-01        4.06909305e-08  39.9812  39.3721
0202-02-11_13:01:59.207000      10306.05        8.35519400e-01        3.74060305e-08  39.9812  39.3721
0202-02-11_13:01:59.402000      10306.24        8.46550900e-01        3.29435305e-08  39.9812  39.3721
0202-02-11_13:01:59.605000      10306.44        8.56534700e-01        3.43690505e-08  39.9680  39.3723
0202-02-11_13:01:59.812000      10306.65        8.66208800e-01        3.54846805e-08  39.9680  39.3723
0202-02-11_13:02:00.004000      10306.84        8.76666000e-01        3.74060305e-08  39.9680  39.3723
0202-02-11_13:02:00.200000      10307.04        8.86298000e-01        3.26956105e-08  39.9680  39.3723
0202-02-11_13:02:00.395000      10307.23        8.95605100e-01        2.95346805e-08  39.9680  39.3723
0202-02-11_13:02:00.600000      10307.44        9.06280400e-01        3.20758205e-08  39.9680  39.3723
0202-02-11_13:02:00.805000      10307.64        9.16151400e-01        3.18279105e-08  39.9844  39.3757
0202-02-11_13:02:00.996000      10307.83        9.25569800e-01        3.31294705e-08  39.9844  39.3757
0202-02-11_13:02:01.188000      10308.03        9.35641100e-01        3.31914505e-08  39.9844  39.3757
0202-02-11_13:02:01.390000      10308.23        9.45864600e-01        3.28195705e-08  39.9844  39.3757
0202-02-11_13:02:01.613000      10308.45        9.55584200e-01        3.28815505e-08  39.9844  39.3757
0202-02-11_13:02:01.830000      10308.66        9.65976100e-01        3.03404105e-08  39.9831  39.3713
0202-02-11_13:02:02.020000      10308.86        9.75482000e-01        3.08362405e-08  39.9831  39.3713
0202-02-11_13:02:02.227000      10309.06        9.84548600e-01        3.23237405e-08  39.9831  39.3713
0202-02-11_13:02:02.420000      10309.26        9.95402100e-01        3.87075905e-08  39.9831  39.3713
0202-02-11_13:02:02.617000      10309.46        1.00503700e+00        4.06289505e-08  39.9751  39.3721
0202-02-11_13:02:02.830000      10309.67        1.01453700e+00        3.92034305e-08  39.9751  39.3721
0202-02-11_13:02:03.020000      10309.86        1.02525100e+00        4.45956105e-08  39.9751  39.3721
0202-02-11_13:02:03.210000      10310.05        1.03527100e+00        4.25503005e-08  39.9751  39.3721
0202-02-11_13:02:03.418000      10310.26        1.04411900e+00        4.45956105e-08  39.9751  39.3721
0202-02-11_13:02:03.620000      10310.46        1.05532700e+00        4.01945505e-08  39.9725  39.3723
0202-02-11_13:02:03.816000      10310.66        1.06526500e+00        3.91400905e-08  39.9725  39.3723
0202-02-11_13:02:04.010000      10310.85        1.07417900e+00        3.95728505e-08  39.9725  39.3723
0202-02-11_13:02:04.207000      10311.04        1.08473200e+00        4.56465405e-08  39.9725  39.3723
0202-02-11_13:02:04.400000      10311.24        1.09480200e+00        4.40350805e-08  39.9725  39.3723
0202-02-11_13:02:04.610000      10311.45        1.10386400e+00        4.22996705e-08  39.9725  39.3723
0202-02-11_13:02:04.810000      10311.65        1.11480300e+00        4.00064405e-08  39.9733  39.3727
0202-02-11_13:02:05             10311.84        1.12466000e+00        3.99444605e-08  39.9733  39.3727
0202-02-11_13:02:05.207000      10312.04        1.13369200e+00        4.82496605e-08  39.9733  39.3727
0202-02-11_13:02:05.400000      10312.24        1.14442500e+00        4.87454905e-08  39.9733  39.3727
0202-02-11_13:02:05.617000      10312.46        1.15462300e+00        4.76298705e-08  39.9819  39.3740
0202-02-11_13:02:05.830000      10312.67        1.16438400e+00        4.28574805e-08  39.9819  39.3740
0202-02-11_13:02:06.030000      10312.87        1.17409300e+00        4.26095605e-08  39.9819  39.3740
0202-02-11_13:02:06.223000      10313.06        1.18375800e+00        3.77132105e-08  39.9819  39.3740
0202-02-11_13:02:06.418000      10313.26        1.19358900e+00        3.52960205e-08  39.9819  39.3740
0202-02-11_13:02:06.620000      10313.46        1.20414600e+00        4.00064405e-08  39.9870  39.3719
0202-02-11_13:02:06.830000      10313.67        1.21402700e+00        4.52746605e-08  39.9870  39.3719
0202-02-11_13:02:07.023000      10313.86        1.22362000e+00        4.80017505e-08  39.9870  39.3719
0202-02-11_13:02:07.215000      10314.05        1.23394400e+00        4.49027905e-08  39.9870  39.3719
0202-02-11_13:02:07.406000      10314.24        1.24382000e+00        4.33533105e-08  39.9870  39.3719
0202-02-11_13:02:07.617000      10314.46        1.25291900e+00        4.39111205e-08  39.9800  39.3739
0202-02-11_13:02:07.824000      10314.66        1.26401300e+00        4.08741405e-08  39.9800  39.3739
0202-02-11_13:02:08.027000      10314.87        1.27365400e+00        4.57705005e-08  39.9800  39.3739
0202-02-11_13:02:08.230000      10315.07        1.28281700e+00        4.70720605e-08  39.9800  39.3739
0202-02-11_13:02:08.434000      10315.27        1.29328600e+00        5.06668505e-08  39.9800  39.3739
0202-02-11_13:02:08.630000      10315.47        1.30356700e+00        4.94892405e-08  39.9900  39.3772
0202-02-11_13:02:08.840000      10315.68        1.31311100e+00        4.75678905e-08  39.9900  39.3772
0202-02-11_13:02:09.030000      10315.87        1.32326100e+00        4.96751805e-08  39.9900  39.3772
0202-02-11_13:02:09.223000      10316.06        1.33332800e+00        5.04809105e-08  39.9900  39.3772
0202-02-11_13:02:09.430000      10316.27        1.34284400e+00        4.88074705e-08  39.9900  39.3772
0202-02-11_13:02:09.630000      10316.47        1.35289300e+00        4.85592105e-08  39.9754  39.3740
0202-02-11_13:02:09.830000      10316.66        1.36315400e+00        4.98604205e-08  39.9754  39.3740
0202-02-11_13:02:10.023000      10316.86        1.37236200e+00        5.29589105e-08  39.9754  39.3740
0202-02-11_13:02:10.215000      10317.05        1.38215700e+00        5.10995305e-08  39.9754  39.3740
0202-02-11_13:02:10.406000      10317.25        1.39270200e+00        4.62031805e-08  39.9754  39.3740
0202-02-11_13:02:10.617000      10317.46        1.40255400e+00        4.47156905e-08  39.9777  39.3762
0202-02-11_13:02:10.816000      10317.65        1.41193000e+00        4.41578705e-08  39.9777  39.3762
0202-02-11_13:02:11.008000      10317.85        1.42257800e+00        4.59552705e-08  39.9777  39.3762
0202-02-11_13:02:11.210000      10318.05        1.43235600e+00        4.13068305e-08  39.9777  39.3762
0202-02-11_13:02:11.406000      10318.24        1.44189600e+00        4.31042305e-08  39.9777  39.3762
0202-02-11_13:02:11.610000      10318.45        1.45183400e+00        4.53354805e-08  39.9908  39.3735
0202-02-11_13:02:11.812000      10318.65        1.46214400e+00        5.09755805e-08  39.9908  39.3735
0202-02-11_13:02:12.008000      10318.85        1.47203600e+00        5.01698505e-08  39.9908  39.3735
0202-02-11_13:02:12.210000      10319.05        1.48107700e+00        5.15333905e-08  39.9908  39.3735
0202-02-11_13:02:12.402000      10319.24        1.49191900e+00        5.17193305e-08  39.9908  39.3735
0202-02-11_13:02:12.613000      10319.45        1.50209500e+00        5.68635905e-08  39.9771  39.3741
0202-02-11_13:02:12.824000      10319.66        1.51124100e+00        5.20292205e-08  39.9771  39.3741
0202-02-11_13:02:13.027000      10319.87        1.52167900e+00        4.73807905e-08  39.9771  39.3741
0202-02-11_13:02:13.230000      10320.07        1.53182300e+00        4.14927705e-08  39.9771  39.3741
0202-02-11_13:02:13.420000      10320.26        1.54108800e+00        4.09969405e-08  39.9771  39.3741
0202-02-11_13:02:13.633000      10320.47        1.55122900e+00        4.55833905e-08  39.9817  39.3741
0202-02-11_13:02:13.832000      10320.67        1.56116300e+00        4.85583905e-08  39.9817  39.3741
0202-02-11_13:02:14.027000      10320.86        1.57094200e+00        5.15333905e-08  39.9817  39.3741
0202-02-11_13:02:14.230000      10321.07        1.58110200e+00        5.18432805e-08  39.9817  39.3741
0202-02-11_13:02:14.426000      10321.26        1.59115300e+00        4.96740105e-08  39.9817  39.3741
0202-02-11_13:02:14.625000      10321.46        1.60007200e+00        4.63891205e-08  39.9855  39.3693
0202-02-11_13:02:14.830000      10321.67        1.61083800e+00        4.39099605e-08  39.9855  39.3693
0202-02-11_13:02:15.023000      10321.86        1.62100000e+00        4.42818305e-08  39.9855  39.3693
0202-02-11_13:02:15.215000      10322.05        1.63002800e+00        4.38479805e-08  39.9855  39.3693
0202-02-11_13:02:15.418000      10322.26        1.64041700e+00        3.68443405e-08  39.9855  39.3693
0202-02-11_13:02:15.625000      10322.46        1.65090300e+00        3.34975605e-08  39.9834  39.3732
0202-02-11_13:02:15.820000      10322.66        1.66009500e+00        3.69684905e-08  39.9834  39.3732
0202-02-11_13:02:16.027000      10322.86        1.67060900e+00        3.75264405e-08  39.9834  39.3732
0202-02-11_13:02:16.220000      10323.06        1.68066800e+00        4.05634205e-08  39.9834  39.3732
0202-02-11_13:02:16.410000      10323.25        1.68947700e+00        3.49852905e-08  39.9834  39.3732
0202-02-11_13:02:16.630000      10323.47        1.70050800e+00        3.20103005e-08  39.9751  39.3740
0202-02-11_13:02:16.830000      10323.66        1.71021600e+00        2.93451905e-08  39.9751  39.3740
0202-02-11_13:02:17.020000      10323.86        1.71931500e+00        3.00889405e-08  39.9751  39.3740
0202-02-11_13:02:17.215000      10324.05        1.72997300e+00        2.79816505e-08  39.9751  39.3740
0202-02-11_13:02:17.410000      10324.25        1.74015900e+00        3.11425905e-08  39.9751  39.3740
0202-02-11_13:02:17.610000      10324.45        1.74879100e+00        2.87873805e-08  39.9766  39.3753
0202-02-11_13:02:17.810000      10324.65        1.76000100e+00        3.17004005e-08  39.9766  39.3753
0202-02-11_13:02:18             10324.84        1.76983700e+00        3.38696705e-08  39.9766  39.3753
0202-02-11_13:02:18.203000      10325.04        1.77892600e+00        3.69686305e-08  39.9766  39.3753
0202-02-11_13:02:18.400000      10325.24        1.78969700e+00        3.40556105e-08  39.9766  39.3753
0202-02-11_13:02:18.610000      10325.45        1.79982900e+00        3.24441505e-08  39.9946  39.3762
0202-02-11_13:02:18.820000      10325.66        1.80930000e+00        3.55431105e-08  39.9946  39.3762
0202-02-11_13:02:19.023000      10325.86        1.81922600e+00        3.77123805e-08  39.9946  39.3762
0202-02-11_13:02:19.220000      10326.06        1.82951500e+00        3.09566505e-08  39.9946  39.3762
0202-02-11_13:02:19.410000      10326.25        1.83837100e+00        3.36837305e-08  39.9946  39.3762
0202-02-11_13:02:19.620000      10326.46        1.84942400e+00        3.31259205e-08  39.9788  39.3737
0202-02-11_13:02:19.816000      10326.65        1.85928700e+00        4.11212305e-08  39.9788  39.3737
0202-02-11_13:02:20.008000      10326.85        1.86816200e+00        3.33738405e-08  39.9788  39.3737
0202-02-11_13:02:20.207000      10327.04        1.87899500e+00        3.41175905e-08  39.9788  39.3737
0202-02-11_13:02:20.400000      10327.24        1.88906000e+00        3.08946705e-08  39.9788  39.3737
0202-02-11_13:02:20.598000      10327.44        1.89800000e+00        3.34978005e-08  39.9843  39.3760
0202-02-11_13:02:20.800000      10327.64        1.90851000e+00        3.51092505e-08  39.9843  39.3760
0202-02-11_13:02:20.996000      10327.83        1.91860300e+00        3.84561305e-08  39.9843  39.3760
0202-02-11_13:02:21.188000      10328.03        1.92760300e+00        3.91379005e-08  39.9843  39.3760
0202-02-11_13:02:21.395000      10328.23        1.93853900e+00        3.81462305e-08  39.9843  39.3760
0202-02-11_13:02:21.613000      10328.45        1.94891200e+00        3.59779205e-08  39.9831  39.3744
0202-02-11_13:02:21.816000      10328.66        1.95822500e+00        3.67849305e-08  39.9831  39.3744
0202-02-11_13:02:22.010000      10328.85        1.96828700e+00        3.43067305e-08  39.9831  39.3744
0202-02-11_13:02:22.210000      10329.05        1.97707300e+00        3.52364205e-08  39.9831  39.3744
0202-02-11_13:02:22.414000      10329.25        1.98788800e+00        3.65379805e-08  39.9831  39.3744
0202-02-11_13:02:22.625000      10329.46        1.99811700e+00        3.30671505e-08  39.9822  39.3751
0202-02-11_13:02:22.820000      10329.66        2.00732000e+00        3.60421505e-08  39.9822  39.3751
0202-02-11_13:02:23.016000      10329.85        2.01790100e+00        3.49885005e-08  39.9822  39.3751
0202-02-11_13:02:23.207000      10330.05        2.02786600e+00        3.42447505e-08  39.9822  39.3751
0202-02-11_13:02:23.410000      10330.25        2.03742100e+00        3.16416305e-08  39.9822  39.3751
0202-02-11_13:02:23.620000      10330.46        2.04727900e+00        2.71791305e-08  39.9792  39.3736
0202-02-11_13:02:23.816000      10330.65        2.05749100e+00        3.55463105e-08  39.9792  39.3736
0202-02-11_13:02:24.010000      10330.85        2.06732200e+00        3.08359005e-08  39.9792  39.3736
0202-02-11_13:02:24.203000      10331.04        2.07712200e+00        3.22614205e-08  39.9792  39.3736
0202-02-11_13:02:24.400000      10331.24        2.08768000e+00        3.23234005e-08  39.9792  39.3736
0202-02-11_13:02:24.600000      10331.44        2.09749600e+00        2.90385005e-08  39.9747  39.3717
0202-02-11_13:02:24.810000      10331.65        2.10708600e+00        3.33150605e-08  39.9747  39.3717
0202-02-11_13:02:25.004000      10331.84        2.11712000e+00        3.03400605e-08  39.9747  39.3717
0202-02-11_13:02:25.195000      10332.03        2.12714400e+00        3.45546505e-08  39.9747  39.3717
0202-02-11_13:02:25.387000      10332.23        2.13678100e+00        3.17655905e-08  39.9747  39.3717
0202-02-11_13:02:25.605000      10332.44        2.14669300e+00        2.88525705e-08  39.9747  39.3717
0202-02-11_13:02:25.820000      10332.66        2.15717100e+00        2.72411105e-08  39.9820  39.3744
0202-02-11_13:02:26.020000      10332.86        2.16615000e+00        2.79848605e-08  39.9820  39.3744
0202-02-11_13:02:26.215000      10333.05        2.17700400e+00        3.34390205e-08  39.9820  39.3744
0202-02-11_13:02:26.420000      10333.26        2.18682600e+00        3.64140205e-08  39.9820  39.3744
0202-02-11_13:02:26.620000      10333.46        2.19619000e+00        3.03400605e-08  39.9787  39.3757
0202-02-11_13:02:26.816000      10333.66        2.20676700e+00        3.01541305e-08  39.9787  39.3757
0202-02-11_13:02:27.010000      10333.85        2.21655800e+00        2.74890205e-08  39.9787  39.3757
0202-02-11_13:02:27.207000      10334.04        2.22564400e+00        3.18895405e-08  39.9787  39.3757
0202-02-11_13:02:27.400000      10334.24        2.23625400e+00        3.08978805e-08  39.9787  39.3757
0202-02-11_13:02:27.617000      10334.46        2.24642000e+00        2.96580405e-08  39.9837  39.3752
0202-02-11_13:02:27.830000      10334.67        2.25621000e+00        2.51953505e-08  39.9837  39.3752
0202-02-11_13:02:28.030000      10334.87        2.26622300e+00        3.00295405e-08  39.9837  39.3752
0202-02-11_13:02:28.234000      10335.07        2.27551500e+00        3.08972505e-08  39.9837  39.3752
0202-02-11_13:02:28.438000      10335.27        2.28604700e+00        3.65373505e-08  39.9837  39.3752
0202-02-11_13:02:28.633000      10335.47        2.29591200e+00        3.38722505e-08  39.9813  39.3759
0202-02-11_13:02:28.844000      10335.68        2.30524100e+00        3.56076605e-08  39.9813  39.3759
0202-02-11_13:02:29.040000      10335.88        2.31552800e+00        2.43274605e-08  39.9813  39.3759
0202-02-11_13:02:29.230000      10336.07        2.32584600e+00        2.77982905e-08  39.9813  39.3759
0202-02-11_13:02:29.434000      10336.27        2.33468500e+00        2.48232905e-08  39.9813  39.3759
0202-02-11_13:02:29.637000      10336.47        2.34551000e+00        3.15790205e-08  39.9768  39.3741
0202-02-11_13:02:29.830000      10336.67        2.35561600e+00        3.20128705e-08  39.9768  39.3741
0202-02-11_13:02:30.040000      10336.88        2.36433900e+00        3.22607905e-08  39.9768  39.3741
0202-02-11_13:02:30.230000      10337.07        2.37530800e+00        3.39962005e-08  39.9768  39.3741
0202-02-11_13:02:30.420000      10337.26        2.38505300e+00        3.43680805e-08  39.9768  39.3741
0202-02-11_13:02:30.630000      10337.47        2.39479000e+00        3.20748505e-08  39.9902  39.3775
0202-02-11_13:02:30.830000      10337.67        2.40494500e+00        2.82321405e-08  39.9902  39.3775
0202-02-11_13:02:31.020000      10337.86        2.41483100e+00        2.66826605e-08  39.9902  39.3775
0202-02-11_13:02:31.220000      10338.06        2.42445700e+00        2.57529805e-08  39.9902  39.3775
0202-02-11_13:02:31.414000      10338.25        2.43424900e+00        2.46993305e-08  39.9902  39.3775
0202-02-11_13:02:31.620000      10338.46        2.44493200e+00        2.37076705e-08  39.9749  39.3745
0202-02-11_13:02:31.820000      10338.66        2.45458200e+00        2.64347505e-08  39.9749  39.3745
0202-02-11_13:02:32.016000      10338.85        2.46422600e+00        3.15790205e-08  39.9749  39.3745
0202-02-11_13:02:32.207000      10339.05        2.47462700e+00        3.17649605e-08  39.9749  39.3745
0202-02-11_13:02:32.414000      10339.25        2.48459400e+00        2.95337105e-08  39.9749  39.3745
0202-02-11_13:02:32.620000      10339.46        2.49398600e+00        2.82321405e-08  39.9810  39.3755
0202-02-11_13:02:32.816000      10339.66        2.50451900e+00        2.33357905e-08  39.9810  39.3755
0202-02-11_13:02:33.016000      10339.85        2.51455300e+00        2.52571405e-08  39.9810  39.3755
0202-02-11_13:02:33.207000      10340.05        2.52367600e+00        2.46373505e-08  39.9810  39.3755
0202-02-11_13:02:33.400000      10340.24        2.53427500e+00        3.02154805e-08  39.9810  39.3755
0202-02-11_13:02:33.617000      10340.46        2.54401800e+00        2.63122205e-08  39.9810  39.3755
0202-02-11_13:02:33.816000      10340.65        2.55415900e+00        2.78627805e-08  39.9876  39.3760
0202-02-11_13:02:34.020000      10340.86        2.56397500e+00        2.41451105e-08  39.9876  39.3760
0202-02-11_13:02:34.215000      10341.05        2.57373300e+00        3.04050005e-08  39.9876  39.3760
0202-02-11_13:02:34.406000      10341.24        2.58342000e+00        3.53013605e-08  39.9876  39.3760
0202-02-11_13:02:34.600000      10341.44        2.59429100e+00        3.53013605e-08  39.9773  39.3722
0202-02-11_13:02:34.797000      10341.63        2.60378000e+00        2.99091705e-08  39.9773  39.3722
0202-02-11_13:02:34.990000      10341.83        2.61274100e+00        2.65622905e-08  39.9773  39.3722
0202-02-11_13:02:35.184000      10342.02        2.62376100e+00        2.76159405e-08  39.9773  39.3722
0202-02-11_13:02:35.387000      10342.22        2.63351300e+00        3.17685505e-08  39.9773  39.3722
0202-02-11_13:02:35.582000      10342.42        2.64302800e+00        2.89794805e-08  39.9773  39.3722
0202-02-11_13:02:35.777000      10342.62        2.65350200e+00        3.31940705e-08  39.9733  39.3762
0202-02-11_13:02:35.977000      10342.81        2.66328500e+00        2.76159405e-08  39.9733  39.3762
0202-02-11_13:02:36.168000      10343.01        2.67270800e+00        2.63143805e-08  39.9733  39.3762
0202-02-11_13:02:36.363000      10343.20        2.68341500e+00        2.06122905e-08  39.9733  39.3762
0202-02-11_13:02:36.594000      10343.43        2.69325300e+00        2.32774005e-08  39.9733  39.3762
0202-02-11_13:02:36.793000      10343.63        2.70340000e+00        2.52607305e-08  39.9841  39.3732
0202-02-11_13:02:36.984000      10343.82        2.71310000e+00        2.84216705e-08  39.9841  39.3732
0202-02-11_13:02:37.188000      10344.03        2.72222200e+00        2.52607305e-08  39.9841  39.3732
0202-02-11_13:02:37.390000      10344.23        2.73308900e+00        2.32154205e-08  39.9841  39.3732
0202-02-11_13:02:37.613000      10344.45        2.74311200e+00        2.34013605e-08  39.9841  39.3732
0202-02-11_13:02:37.810000      10344.65        2.75271600e+00        2.48888605e-08  39.9896  39.3749
0202-02-11_13:02:38             10344.84        2.76298100e+00        2.65622905e-08  39.9896  39.3749
0202-02-11_13:02:38.195000      10345.03        2.77225300e+00        2.72440705e-08  39.9896  39.3749
0202-02-11_13:02:38.390000      10345.23        2.78208400e+00        2.39591705e-08  39.9896  39.3749
0202-02-11_13:02:38.605000      10345.44        2.79275500e+00        2.58185405e-08  39.9870  39.3770
0202-02-11_13:02:38.816000      10345.66        2.80233600e+00        2.74919805e-08  39.9870  39.3770
0202-02-11_13:02:39.020000      10345.86        2.81209100e+00        2.92274005e-08  39.9870  39.3770
0202-02-11_13:02:39.223000      10346.06        2.82258700e+00        3.30701105e-08  39.9870  39.3770
0202-02-11_13:02:39.414000      10346.25        2.83190600e+00        3.17682005e-08  39.9870  39.3770
0202-02-11_13:02:39.620000      10346.46        2.84193500e+00        3.61057005e-08  39.9800  39.3739
0202-02-11_13:02:39.824000      10346.66        2.85199000e+00        2.68694105e-08  39.9800  39.3739
0202-02-11_13:02:40.016000      10346.85        2.86191300e+00        2.84181905e-08  39.9800  39.3739
0202-02-11_13:02:40.220000      10347.06        2.87136600e+00        2.65588105e-08  39.9800  39.3739
0202-02-11_13:02:40.418000      10347.26        2.88220300e+00        3.46780805e-08  39.9800  39.3739
0202-02-11_13:02:40.625000      10347.46        2.89201600e+00        3.58556905e-08  39.9873  39.3779
0202-02-11_13:02:40.830000      10347.67        2.90129000e+00        3.83968305e-08  39.9873  39.3779
0202-02-11_13:02:41.020000      10347.86        2.91139100e+00        3.88306805e-08  39.9873  39.3779
0202-02-11_13:02:41.210000      10348.05        2.92166300e+00        3.88926605e-08  39.9873  39.3779
0202-02-11_13:02:41.414000      10348.25        2.93043600e+00        4.06280805e-08  39.9873  39.3779
0202-02-11_13:02:41.630000      10348.47        2.94152400e+00        3.82108905e-08  39.9873  39.3765
0202-02-11_13:02:41.840000      10348.68        2.95111500e+00        3.92025605e-08  39.9873  39.3765
0202-02-11_13:02:42.035000      10348.87        2.96099400e+00        4.31692305e-08  39.9873  39.3765
0202-02-11_13:02:42.240000      10349.08        2.97148100e+00        4.47187005e-08  39.9873  39.3765
0202-02-11_13:02:42.438000      10349.28        2.98067700e+00        4.03801605e-08  39.9873  39.3765
0202-02-11_13:02:42.645000      10349.48        2.99089700e+00        3.18890205e-08  39.9800  39.3745
0202-02-11_13:02:42.844000      10349.68        3.00124400e+00        3.71572505e-08  39.9800  39.3745
0202-02-11_13:02:43.040000      10349.88        3.01091600e+00        3.64754805e-08  39.9800  39.3745
0202-02-11_13:02:43.240000      10350.08        3.02054700e+00        4.24254805e-08  39.9800  39.3745
0202-02-11_13:02:43.440000      10350.28        3.03103000e+00        4.68879805e-08  39.9800  39.3745
0202-02-11_13:02:43.640000      10350.48        3.04111800e+00        5.54411005e-08  39.9832  39.3754
0202-02-11_13:02:43.848000      10350.68        3.05025300e+00        6.43661005e-08  39.9832  39.3754
0202-02-11_13:02:44.040000      10350.88        3.06074000e+00        6.88286005e-08  39.9832  39.3754
0202-02-11_13:02:44.230000      10351.07        3.07059400e+00        7.11218205e-08  39.9832  39.3754
0202-02-11_13:02:44.438000      10351.27        3.08030000e+00        7.80015105e-08  39.9832  39.3754
0202-02-11_13:02:44.637000      10351.48        3.09035800e+00        7.93650505e-08  39.9831  39.3736
0202-02-11_13:02:44.832000      10351.67        3.10076000e+00        8.18442205e-08  39.9831  39.3736
0202-02-11_13:02:45.027000      10351.86        3.11020100e+00        7.76916105e-08  39.9831  39.3736
0202-02-11_13:02:45.220000      10352.06        3.12003200e+00        8.32697405e-08  39.9831  39.3736
0202-02-11_13:02:45.410000      10352.25        3.13034000e+00        8.58106805e-08  39.9831  39.3736
0202-02-11_13:02:45.617000      10352.46        3.14017700e+00        9.12022405e-08  39.9772  39.3777
0202-02-11_13:02:45.816000      10352.65        3.14977400e+00        9.75852605e-08  39.9772  39.3777
0202-02-11_13:02:46.008000      10352.85        3.15994400e+00        1.06819740e-07  39.9772  39.3777
0202-02-11_13:02:46.210000      10353.05        3.17011800e+00        1.15868690e-07  39.9772  39.3777
0202-02-11_13:02:46.414000      10353.25        3.17934000e+00        1.23120250e-07  39.9772  39.3777
0202-02-11_13:02:46.630000      10353.47        3.18984800e+00        1.28202540e-07  39.9814  39.3777
0202-02-11_13:02:46.824000      10353.66        3.19945500e+00        1.33036910e-07  39.9814  39.3777
0202-02-11_13:02:47.016000      10353.85        3.20964100e+00        1.47292110e-07  39.9814  39.3777
0202-02-11_13:02:47.207000      10354.05        3.21956300e+00        1.55721280e-07  39.9814  39.3777
0202-02-11_13:02:47.414000      10354.25        3.22951300e+00        1.70968140e-07  39.9814  39.3777
0202-02-11_13:02:47.625000      10354.46        3.23901900e+00        1.76112410e-07  39.9772  39.3765
0202-02-11_13:02:47.832000      10354.67        3.24956700e+00        1.86710840e-07  39.9772  39.3765
0202-02-11_13:02:48.027000      10354.86        3.25911300e+00        2.04684790e-07  39.9772  39.3765
0202-02-11_13:02:48.230000      10355.07        3.26924500e+00        2.11378540e-07  39.9772  39.3765
0202-02-11_13:02:48.434000      10355.27        3.27916800e+00        2.30034250e-07  39.9772  39.3765
0202-02-11_13:02:48.645000      10355.48        3.28928700e+00        2.42306120e-07  39.9851  39.3754
0202-02-11_13:02:48.840000      10355.68        3.29869900e+00        2.63131110e-07  39.9851  39.3754
0202-02-11_13:02:49.035000      10355.87        3.30887000e+00        2.74907150e-07  39.9851  39.3754
0202-02-11_13:02:49.240000      10356.08        3.31865100e+00        2.90649840e-07  39.9851  39.3754
0202-02-11_13:02:49.440000      10356.28        3.32861400e+00        3.21763370e-07  39.9851  39.3754
0202-02-11_13:02:49.637000      10356.47        3.33908700e+00        3.42836270e-07  39.9946  39.3764
0202-02-11_13:02:49.844000      10356.68        3.34853600e+00        3.71036780e-07  39.9946  39.3764
0202-02-11_13:02:50.040000      10356.88        3.35830800e+00        3.90126350e-07  39.9946  39.3764
0202-02-11_13:02:50.230000      10357.07        3.36899900e+00        4.12252900e-07  39.9946  39.3764
0202-02-11_13:02:50.434000      10357.27        3.37849500e+00        4.39833610e-07  39.9946  39.3764
0202-02-11_13:02:50.633000      10357.47        3.38811000e+00        4.65802870e-07  39.9867  39.3804
0202-02-11_13:02:50.824000      10357.66        3.39831600e+00        4.93073690e-07  39.9867  39.3804
0202-02-11_13:02:51.027000      10357.87        3.40841500e+00        5.34723660e-07  39.9867  39.3804
0202-02-11_13:02:51.223000      10358.06        3.41763500e+00        5.64659580e-07  39.9867  39.3804
0202-02-11_13:02:51.414000      10358.25        3.42832700e+00        6.00421510e-07  39.9867  39.3804
0202-02-11_13:02:51.630000      10358.47        3.43845600e+00        6.52607810e-07  39.9812  39.3751
0202-02-11_13:02:51.824000      10358.66        3.44818700e+00        6.94505610e-07  39.9812  39.3751
0202-02-11_13:02:52.016000      10358.85        3.45802100e+00        7.35101880e-07  39.9812  39.3751
0202-02-11_13:02:52.215000      10359.05        3.46820700e+00        7.87970080e-07  39.9812  39.3751
0202-02-11_13:02:52.406000      10359.24        3.47720600e+00        8.30673700e-07  39.9812  39.3751
0202-02-11_13:02:52.613000      10359.45        3.48764000e+00        8.80257000e-07  39.9845  39.3739
0202-02-11_13:02:52.812000      10359.65        3.49801100e+00        9.50169450e-07  39.9845  39.3739
0202-02-11_13:02:53.004000      10359.84        3.50700700e+00        1.00911160e-06  39.9845  39.3739
0202-02-11_13:02:53.200000      10360.04        3.51771500e+00        1.06823969e-06  39.9845  39.3739
0202-02-11_13:02:53.402000      10360.24        3.52766100e+00        1.15209745e-06  39.9845  39.3739
0202-02-11_13:02:53.605000      10360.44        3.53733100e+00        1.21438648e-06  39.9811  39.3740
0202-02-11_13:02:53.816000      10360.65        3.54762200e+00        1.27084946e-06  39.9811  39.3740
0202-02-11_13:02:54.008000      10360.85        3.55704600e+00        1.35811607e-06  39.9811  39.3740
0202-02-11_13:02:54.210000      10361.05        3.56688600e+00        1.40639781e-06  39.9811  39.3740
0202-02-11_13:02:54.414000      10361.25        3.57730600e+00        1.52285659e-06  39.9811  39.3740
0202-02-11_13:02:54.633000      10361.47        3.58716500e+00        1.64241433e-06  39.9807  39.3751
0202-02-11_13:02:54.830000      10361.67        3.59690000e+00        1.72391688e-06  39.9807  39.3751
0202-02-11_13:02:55.020000      10361.86        3.60683700e+00        1.80678298e-06  39.9807  39.3751
0202-02-11_13:02:55.227000      10362.06        3.61659500e+00        1.93018342e-06  39.9807  39.3751
0202-02-11_13:02:55.418000      10362.26        3.62640900e+00        2.03579585e-06  39.9807  39.3751
0202-02-11_13:02:55.620000      10362.46        3.63701600e+00        2.14785412e-06  39.9830  39.3776
0202-02-11_13:02:55.820000      10362.66        3.64585400e+00        2.29784360e-06  39.9830  39.3776
0202-02-11_13:02:56.016000      10362.85        3.65662600e+00        2.42359925e-06  39.9830  39.3776
0202-02-11_13:02:56.207000      10363.05        3.66645000e+00        2.54854917e-06  39.9830  39.3776
0202-02-11_13:02:56.414000      10363.25        3.67638000e+00        2.72481781e-06  39.9830  39.3776
0202-02-11_13:02:56.625000      10363.46        3.68614300e+00        2.85503596e-06  39.9868  39.3763
0202-02-11_13:02:56.836000      10363.68        3.69642300e+00        3.03744053e-06  39.9868  39.3763
0202-02-11_13:02:57.030000      10363.87        3.70611800e+00        3.17999252e-06  39.9868  39.3763
0202-02-11_13:02:57.230000      10364.07        3.71608400e+00        3.33246117e-06  39.9868  39.3763
0202-02-11_13:02:57.434000      10364.27        3.72609300e+00        3.55279644e-06  39.9868  39.3763
0202-02-11_13:02:57.633000      10364.47        3.73551700e+00        3.72559344e-06  39.9857  39.3796
0202-02-11_13:02:57.840000      10364.68        3.74629000e+00        3.96588540e-06  39.9857  39.3796
0202-02-11_13:02:58.030000      10364.87        3.75614800e+00        4.14971518e-06  39.9857  39.3796
0202-02-11_13:02:58.227000      10365.06        3.76495800e+00        4.34470146e-06  39.9857  39.3796
0202-02-11_13:02:58.426000      10365.27        3.77558300e+00        4.55914917e-06  39.9857  39.3796
0202-02-11_13:02:58.633000      10365.47        3.78559800e+00        4.86073949e-06  39.9824  39.3786
0202-02-11_13:02:58.830000      10365.67        3.79492700e+00        5.08243879e-06  39.9824  39.3786
0202-02-11_13:02:59.030000      10365.87        3.80549100e+00        5.40206509e-06  39.9824  39.3786
0202-02-11_13:02:59.223000      10366.06        3.81483300e+00        5.64093249e-06  39.9824  39.3786
0202-02-11_13:02:59.418000      10366.26        3.82452200e+00        5.90471559e-06  39.9824  39.3786
0202-02-11_13:02:59.633000      10366.47        3.83525200e+00        6.26264499e-06  39.9812  39.3727
0202-02-11_13:02:59.824000      10366.66        3.84455900e+00        6.53857599e-06  39.9812  39.3727
0202-02-11_13:03:00.016000      10366.85        3.85465300e+00        6.83477409e-06  39.9812  39.3727
0202-02-11_13:03:00.210000      10367.05        3.86520000e+00        7.16859359e-06  39.9812  39.3727
0202-02-11_13:03:00.406000      10367.24        3.87505800e+00        7.51951929e-06  39.9812  39.3727
0202-02-11_13:03:00.633000      10367.47        3.88429700e+00        8.00246049e-06  39.9768  39.3758
0202-02-11_13:03:00.844000      10367.68        3.89487300e+00        8.32927639e-06  39.9768  39.3758
0202-02-11_13:03:01.043000      10367.88        3.90428100e+00        8.77843889e-06  39.9768  39.3758
0202-02-11_13:03:01.240000      10368.07        3.91425500e+00        9.13140999e-06  39.9768  39.3758
0202-02-11_13:03:01.440000      10368.28        3.92464100e+00        9.65135269e-06  39.9768  39.3758
0202-02-11_13:03:01.637000      10368.48        3.93425000e+00        1.00560143e-05  39.9840  39.3734
0202-02-11_13:03:01.832000      10368.67        3.94421600e+00        1.04761087e-05  39.9840  39.3734
0202-02-11_13:03:02.027000      10368.86        3.95411000e+00        1.10644763e-05  39.9840  39.3734
0202-02-11_13:03:02.220000      10369.06        3.96405800e+00        1.15305592e-05  39.9840  39.3734
0202-02-11_13:03:02.410000      10369.25        3.97325500e+00        1.20005468e-05  39.9840  39.3734
0202-02-11_13:03:02.625000      10369.46        3.98406500e+00        1.34159017e-05  39.9893  39.3744
0202-02-11_13:03:02.820000      10369.66        3.99383500e+00        1.35251089e-05  39.9893  39.3744
0202-02-11_13:03:03.023000      10369.86        4.00340700e+00        1.37881482e-05  39.9893  39.3744
0202-02-11_13:03:03.215000      10370.05        4.01389300e+00        1.51234880e-05  39.9893  39.3744
0202-02-11_13:03:03.410000      10370.25        4.02386600e+00        1.53128962e-05  39.9893  39.3744
0202-02-11_13:03:03.620000      10370.46        4.03354600e+00        1.65777041e-05  39.9894  39.3767
0202-02-11_13:03:03.816000      10370.66        4.04349700e+00        1.67813675e-05  39.9894  39.3767
0202-02-11_13:03:04.020000      10370.86        4.05366500e+00        1.81711869e-05  39.9894  39.3767
0202-02-11_13:03:04.223000      10371.06        4.06329100e+00        1.83441087e-05  39.9894  39.3767
0202-02-11_13:03:04.430000      10371.27        4.07297000e+00        1.96766594e-05  39.9894  39.3767
0202-02-11_13:03:04.633000      10371.47        4.08326900e+00        1.99237081e-05  39.9911  39.3762
0202-02-11_13:03:04.824000      10371.66        4.09319000e+00        2.13705484e-05  39.9911  39.3762