# Ic = 4.52 A, n = 26.29 , Tavg = 19.99 K, f29-2400keV-0nA-20k
#datetime                        t_s     iHTS_A                vHTS_V                tHTS_K  tTAR_K
0202-02-26_23:28:18.715000      666.22        4.83038800e-02       -1.74935770e-08  20.0051  19.6325
0202-02-26_23:28:18.918000      666.42        4.66772700e-02       -5.53162700e-09  20.0051  19.6325
0202-02-26_23:28:19.117000      666.62        9.80120200e-02       -2.74256700e-09  19.9803  19.8712
0202-02-26_23:28:19.332000      666.83        1.47674200e-01       -1.06913700e-09  19.9803  19.8712
0202-02-26_23:28:19.527000      667.03        1.95166500e-01       -1.19309700e-09  19.9803  19.8712
0202-02-26_23:28:19.723000      667.22        2.46844100e-01       -3.54829700e-09  19.9803  19.8712
0202-02-26_23:28:19.926000      667.43        2.96457200e-01       -5.11337000e-10  19.9803  19.8712
0202-02-26_23:28:20.120000      667.62        3.44227800e-01        1.16209300e-09  20.0075  19.6539
0202-02-26_23:28:20.316000      667.82        3.95227100e-01        4.57093300e-09  20.0075  19.6539
0202-02-26_23:28:20.520000      668.02        4.45027300e-01        4.69489300e-09  20.0075  19.6539
0202-02-26_23:28:20.723000      668.22        4.93503600e-01       -1.99884700e-09  20.0075  19.6539
0202-02-26_23:28:20.914000      668.42        5.43651000e-01       -3.87387000e-10  20.0075  19.6539
0202-02-26_23:28:21.145000      668.65        5.93773200e-01       -2.55665700e-09  19.9835  19.7542
0202-02-26_23:28:21.350000      668.85        6.41578700e-01       -3.36238700e-09  19.9835  19.7542
0202-02-26_23:28:21.555000      669.06        6.92077900e-01       -7.59267000e-10  19.9835  19.7542
0202-02-26_23:28:21.750000      669.25        7.39976000e-01       -2.30873700e-09  19.9835  19.7542
0202-02-26_23:28:21.953000      669.46        7.88648300e-01        1.70423000e-10  19.9835  19.7542
0202-02-26_23:28:22.160000      669.66        8.40398600e-01       -2.86654700e-09  20.0057  19.8328
0202-02-26_23:28:22.367000      669.87        8.88943100e-01        6.04273000e-10  20.0057  19.8328
0202-02-26_23:28:22.560000      670.06        9.37625700e-01       -3.30040700e-09  20.0057  19.8328
0202-02-26_23:28:22.760000      670.26        9.89037600e-01       -7.59267000e-10  20.0057  19.8328
0202-02-26_23:28:22.957000      670.46        1.03712400e+00        2.83552300e-09  20.0057  19.8328
0202-02-26_23:28:23.152000      670.66        1.08650700e+00        7.35999300e-09  19.9881  19.6046
0202-02-26_23:28:23.360000      670.86        1.13843500e+00        9.59123300e-09  19.9881  19.6046
0202-02-26_23:28:23.555000      671.06        1.18758200e+00        1.00870630e-08  19.9881  19.6046
0202-02-26_23:28:23.746000      671.25        1.23298200e+00        1.44875730e-08  19.9881  19.6046
0202-02-26_23:28:23.940000      671.45        1.28713200e+00        1.48594530e-08  19.9881  19.6046
0202-02-26_23:28:24.156000      671.66        1.33481100e+00        8.28967300e-09  19.9916  19.8993
0202-02-26_23:28:24.363000      671.87        1.38399500e+00        6.36832300e-09  19.9916  19.8993
0202-02-26_23:28:24.566000      672.07        1.43691400e+00        3.39333300e-09  19.9916  19.8993
0202-02-26_23:28:24.758000      672.26        1.48356300e+00        4.75687300e-09  19.9916  19.8993
0202-02-26_23:28:24.965000      672.47        1.53223500e+00        6.05843300e-09  19.9916  19.8993
0202-02-26_23:28:25.168000      672.67        1.58475100e+00        5.19072300e-09  20.0065  19.6177
0202-02-26_23:28:25.383000      672.88        1.63453800e+00        4.88082300e-09  20.0065  19.6177
0202-02-26_23:28:25.574000      673.08        1.68151200e+00        1.19464330e-08  20.0065  19.6177
0202-02-26_23:28:25.766000      673.27        1.73325900e+00        9.90060300e-09  20.0065  19.6177
0202-02-26_23:28:25.960000      673.46        1.78283100e+00        7.48262300e-09  20.0065  19.6177
0202-02-26_23:28:26.156000      673.66        1.83088000e+00       -3.98455700e-09  19.9967  19.7919
0202-02-26_23:28:26.355000      673.86        1.88073500e+00        4.77673000e-10  19.9967  19.7919
0202-02-26_23:28:26.580000      674.08        1.93174500e+00        2.39902300e-09  19.9967  19.7919
0202-02-26_23:28:26.793000      674.30        1.97981300e+00        6.61359300e-09  19.9967  19.7919
0202-02-26_23:28:26.992000      674.50        2.03141800e+00        8.84483300e-09  19.9967  19.7919
0202-02-26_23:28:27.188000      674.69        2.08104800e+00        1.02083730e-08  20.0070  19.7985
0202-02-26_23:28:27.383000      674.89        2.12611300e+00        7.60525300e-09  20.0070  19.7985
0202-02-26_23:28:27.574000      675.08        2.17990600e+00        6.17973300e-09  20.0070  19.7985
0202-02-26_23:28:27.770000      675.27        2.22954100e+00        1.59329300e-09  20.0070  19.7985
0202-02-26_23:28:27.973000      675.48        2.27485800e+00       -3.73689700e-09  20.0070  19.7985
0202-02-26_23:28:28.170000      675.68        2.32871200e+00       -3.73689700e-09  20.0142  19.6366
0202-02-26_23:28:28.375000      675.88        2.37837800e+00       -1.50565700e-09  20.0142  19.6366
0202-02-26_23:28:28.598000      676.10        2.42699400e+00       -2.55929700e-09  20.0142  19.6366
0202-02-26_23:28:28.797000      676.30        2.47771300e+00       -6.58793700e-09  20.0142  19.6366
0202-02-26_23:28:29             676.50        2.52768700e+00       -5.59626700e-09  20.0142  19.6366
0202-02-26_23:28:29.210000      676.71        2.57496500e+00       -1.87752700e-09  19.9875  19.8713
0202-02-26_23:28:29.418000      676.92        2.62682600e+00       -1.87752700e-09  19.9875  19.8713
0202-02-26_23:28:29.630000      677.13        2.67638200e+00       -2.18742700e-09  19.9875  19.8713
0202-02-26_23:28:29.848000      677.35        2.72380200e+00       -3.98481700e-09  19.9875  19.8713
0202-02-26_23:28:30.047000      677.55        2.77574000e+00       -5.16241700e-09  19.9875  19.8713
0202-02-26_23:28:30.260000      677.76        2.82277400e+00       -1.56763700e-09  20.0169  19.6464
0202-02-26_23:28:30.477000      677.98        2.87606600e+00       -5.96814700e-09  20.0169  19.6464
0202-02-26_23:28:30.670000      678.17        2.92269900e+00       -5.28637700e-09  20.0169  19.6464
0202-02-26_23:28:30.870000      678.38        2.97107000e+00       -1.16082270e-08  20.0169  19.6464
0202-02-26_23:28:31.110000      678.61        3.02497700e+00       -2.99315700e-09  19.9702  19.7652
0202-02-26_23:28:31.344000      678.85        3.07235600e+00       -8.23887000e-10  19.9702  19.7652
0202-02-26_23:28:31.550000      679.05        3.12407500e+00        5.25005300e-09  19.9702  19.7652
0202-02-26_23:28:31.746000      679.25        3.17235800e+00        3.33004300e-09  19.9702  19.7652
0202-02-26_23:28:31.938000      679.44        3.21760100e+00        4.07513300e-09  19.9702  19.7652
0202-02-26_23:28:32.156000      679.66        3.27227800e+00        3.58109300e-09  20.0014  19.8208
0202-02-26_23:28:32.367000      679.87        3.32040200e+00        8.84930300e-09  20.0014  19.8208
0202-02-26_23:28:32.586000      680.09        3.37091300e+00        3.33317300e-09  20.0014  19.8208
0202-02-26_23:28:32.793000      680.30        3.42099600e+00        5.93629300e-09  20.0014  19.8208
0202-02-26_23:28:33.010000      680.51        3.46852000e+00        9.15993000e-10  20.0014  19.8208
0202-02-26_23:28:33.223000      680.73        3.52048400e+00        3.27119300e-09  19.9941  19.6090
0202-02-26_23:28:33.420000      680.93        3.56800300e+00        1.47380300e-09  19.9941  19.6090
0202-02-26_23:28:33.633000      681.14        3.61817700e+00        9.77899300e-09  19.9941  19.6090
0202-02-26_23:28:33.836000      681.34        3.66926700e+00        1.00269130e-08  19.9941  19.6090
0202-02-26_23:28:34.062000      681.57        3.71883700e+00        8.66337300e-09  19.9941  19.6090
0202-02-26_23:28:34.290000      681.79        3.76955000e+00        1.61628330e-08  19.9811  19.8996
0202-02-26_23:28:34.516000      682.02        3.81662700e+00        1.45513830e-08  19.9811  19.8996
0202-02-26_23:28:34.727000      682.23        3.86797300e+00        1.83321030e-08  19.9811  19.8996
0202-02-26_23:28:34.930000      682.43        3.91753700e+00        1.80841830e-08  19.9811  19.8996
0202-02-26_23:28:35.152000      682.66        3.96403700e+00        2.45300030e-08  20.0028  19.6130
0202-02-26_23:28:35.367000      682.87        4.01715700e+00        2.71331230e-08  20.0028  19.6130
0202-02-26_23:28:35.580000      683.08        4.06330000e+00        2.31044830e-08  20.0028  19.6130
0202-02-26_23:28:35.770000      683.27        4.11559000e+00        2.78148930e-08  20.0028  19.6130
0202-02-26_23:28:36.004000      683.51        4.16741700e+00        3.26492630e-08  20.0028  19.6130
0202-02-26_23:28:36.210000      683.71        4.21541300e+00        4.44252830e-08  19.9909  19.8045
0202-02-26_23:28:36.414000      683.92        4.26547900e+00        5.27924530e-08  19.9909  19.8045
0202-02-26_23:28:36.617000      684.12        4.31242300e+00        6.87210630e-08  19.9909  19.8045
0202-02-26_23:28:36.824000      684.33        4.36441400e+00        9.74793430e-08  19.9909  19.8045
0202-02-26_23:28:37.082000      684.58        4.41409200e+00        1.26795423e-07  19.9909  19.8045
0202-02-26_23:28:37.305000      684.81        4.46560500e+00        1.79353653e-07  19.9928  19.7904
0202-02-26_23:28:37.510000      685.01        4.51189900e+00        2.23172833e-07  19.9928  19.7904
0202-02-26_23:28:37.710000      685.22        4.56156400e+00        2.75297403e-07  19.9928  19.7904
0202-02-26_23:28:37.934000      685.43        4.61239900e+00        3.43846423e-07  19.9928  19.7904
0202-02-26_23:28:38.133000      685.64        4.66014300e+00        4.75118293e-07  20.0078  19.6423
0202-02-26_23:28:38.348000      685.85        4.71193700e+00        6.07505543e-07  20.0078  19.6423
0202-02-26_23:28:38.560000      686.06        4.76303400e+00        8.20155673e-07  20.0078  19.6423
0202-02-26_23:28:38.773000      686.28        4.81085600e+00        1.01941831e-06  20.0078  19.6423
0202-02-26_23:28:38.965000      686.47        4.86050400e+00        1.34412655e-06  20.0078  19.6423
0202-02-26_23:28:39.164000      686.67        4.91040500e+00        1.67410301e-06  19.9797  19.8730
0202-02-26_23:28:39.380000      686.88        4.95594300e+00        2.06227780e-06  19.9797  19.8730
0202-02-26_23:28:39.582000      687.08        5.01036600e+00        3.50651361e-06  19.9797  19.8730
0202-02-26_23:28:39.797000      687.30        5.06068600e+00        4.65659684e-06  19.9797  19.8730
0202-02-26_23:28:39.992000      687.49        5.10652800e+00        5.76577389e-06  19.9797  19.8730
0202-02-26_23:28:40.200000      687.70        5.15951900e+00        7.12825929e-06  20.0022  19.6376
0202-02-26_23:28:40.410000      687.91        5.20657900e+00        8.97071049e-06  20.0022  19.6376
0202-02-26_23:28:40.617000      688.12        5.25701000e+00        1.10333732e-05  20.0022  19.6376
0202-02-26_23:28:40.840000      688.34        5.30862800e+00        1.34533450e-05  20.0022  19.6376
0202-02-26_23:28:41.047000      688.55        5.35640200e+00        1.62538063e-05  20.0022  19.6376
0202-02-26_23:28:41.246000      688.75        5.40710900e+00        2.06035576e-05  19.9890  19.7746