# Ic = 2.76 A, n = 22.80 , Tavg = 20.15 K, f29-2400keV-15nA-20k
#datetime                        t_s     iHTS_A                vHTS_V                tHTS_K  tTAR_K
0202-03-01_16:22:23.688000      7425.46        2.07409100e-02        2.76271245e-08  20.1577  19.6205
0202-03-01_16:22:23.887000      7425.66        4.97261000e-02        2.94864945e-08  20.1304  19.7873
0202-03-01_16:22:24.090000      7425.86        9.72882400e-02        3.90312545e-08  20.1304  19.7873
0202-03-01_16:22:24.280000      7426.05        1.45972900e-01        3.54984545e-08  20.1304  19.7873
0202-03-01_16:22:24.477000      7426.25        1.97922200e-01        4.71505045e-08  20.1304  19.7873
0202-03-01_16:22:24.684000      7426.45        2.48323500e-01        4.67166445e-08  20.1304  19.7873
0202-03-01_16:22:24.887000      7426.66        2.95870800e-01        4.02088545e-08  20.1672  19.7551
0202-03-01_16:22:25.098000      7426.87        3.46752900e-01        2.65734845e-08  20.1672  19.7551
0202-03-01_16:22:25.293000      7427.06        3.94444200e-01        3.06640945e-08  20.1672  19.7551
0202-03-01_16:22:25.496000      7427.27        4.42660800e-01        3.71099045e-08  20.1672  19.7551
0202-03-01_16:22:25.695000      7427.47        4.95068700e-01        3.97130245e-08  20.1672  19.7551
0202-03-01_16:22:25.902000      7427.67        5.44874800e-01        3.68619945e-08  20.1502  19.6405
0202-03-01_16:22:26.105000      7427.88        5.93251700e-01        4.01461045e-08  20.1502  19.6405
0202-03-01_16:22:26.297000      7428.07        6.43808900e-01        4.34923945e-08  20.1502  19.6405
0202-03-01_16:22:26.492000      7428.26        6.93154900e-01        5.12391845e-08  20.1502  19.6405
0202-03-01_16:22:26.695000      7428.47        7.40950100e-01        3.91532945e-08  20.1502  19.6405
0202-03-01_16:22:26.895000      7428.67        7.91516100e-01        3.73559045e-08  20.1519  19.8454
0202-03-01_16:22:27.094000      7428.86        8.42189000e-01        3.73559045e-08  20.1519  19.8454
0202-03-01_16:22:27.285000      7429.06        8.89494400e-01        4.40496345e-08  20.1519  19.8454
0202-03-01_16:22:27.477000      7429.25        9.38198000e-01        4.83881545e-08  20.1519  19.8454
0202-03-01_16:22:27.676000      7429.45        9.91171300e-01        4.90079445e-08  20.1519  19.8454
0202-03-01_16:22:27.890000      7429.66        1.04029300e+00        6.09079045e-08  20.1620  19.6216
0202-03-01_16:22:28.090000      7429.86        1.08920400e+00        6.80354845e-08  20.1620  19.6216
0202-03-01_16:22:28.293000      7430.07        1.13933700e+00        6.77875645e-08  20.1620  19.6216
0202-03-01_16:22:28.484000      7430.26        1.18726000e+00        5.80568745e-08  20.1620  19.6216
0202-03-01_16:22:28.688000      7430.46        1.23588000e+00        5.45240745e-08  20.1620  19.6216
0202-03-01_16:22:28.887000      7430.66        1.28833100e+00        4.82642045e-08  20.1448  19.7913
0202-03-01_16:22:29.098000      7430.87        1.33778700e+00        5.08053345e-08  20.1448  19.7913
0202-03-01_16:22:29.297000      7431.07        1.38544500e+00        5.55157345e-08  20.1448  19.7913
0202-03-01_16:22:29.492000      7431.26        1.43677100e+00        6.02261345e-08  20.1448  19.7913
0202-03-01_16:22:29.695000      7431.47        1.48665200e+00        6.93990145e-08  20.1448  19.7913
0202-03-01_16:22:29.900000      7431.67        1.53348500e+00        7.05146445e-08  20.1619  19.7511
0202-03-01_16:22:30.094000      7431.86        1.58599700e+00        6.49365345e-08  20.1619  19.7511
0202-03-01_16:22:30.300000      7432.07        1.63543100e+00        7.08245345e-08  20.1619  19.7511
0202-03-01_16:22:30.500000      7432.27        1.68168700e+00        6.44407045e-08  20.1619  19.7511
0202-03-01_16:22:30.690000      7432.46        1.73446800e+00        7.11964045e-08  20.1619  19.7511
0202-03-01_16:22:30.895000      7432.67        1.78449400e+00        6.17756045e-08  20.1462  19.6413
0202-03-01_16:22:31.090000      7432.86        1.83130300e+00        6.75396545e-08  20.1462  19.6413
0202-03-01_16:22:31.280000      7433.05        1.88371700e+00        7.17542145e-08  20.1462  19.6413
0202-03-01_16:22:31.490000      7433.26        1.93331700e+00        8.06172045e-08  20.1462  19.6413
0202-03-01_16:22:31.680000      7433.45        1.98049900e+00        8.27864745e-08  20.1462  19.6413
0202-03-01_16:22:31.883000      7433.66        2.03246500e+00        8.21047045e-08  20.1458  19.8474
0202-03-01_16:22:32.080000      7433.85        2.08221900e+00        8.52027045e-08  20.1458  19.8474
0202-03-01_16:22:32.270000      7434.04        2.12793000e+00        8.50160645e-08  20.1458  19.8474
0202-03-01_16:22:32.465000      7434.24        2.18127700e+00        7.82596545e-08  20.1458  19.8474
0202-03-01_16:22:32.670000      7434.45        2.23117900e+00        7.67101845e-08  20.1458  19.8474
0202-03-01_16:22:32.875000      7434.65        2.27692900e+00        7.99950645e-08  20.1564  19.6208
0202-03-01_16:22:33.086000      7434.86        2.33055700e+00        7.80737145e-08  20.1564  19.6208
0202-03-01_16:22:33.277000      7435.05        2.37966700e+00        7.51607045e-08  20.1564  19.6208
0202-03-01_16:22:33.473000      7435.24        2.42783700e+00        7.67101845e-08  20.1564  19.6208
0202-03-01_16:22:33.668000      7435.44        2.47726100e+00        9.02835645e-08  20.1564  19.6208
0202-03-01_16:22:33.870000      7435.64        2.52860400e+00        1.03175175e-07  20.1409  19.7972
0202-03-01_16:22:34.066000      7435.84        2.57851700e+00        1.17120424e-07  20.1409  19.7972
0202-03-01_16:22:34.277000      7436.05        2.62347400e+00        1.33668794e-07  20.1409  19.7972
0202-03-01_16:22:34.470000      7436.24        2.67753600e+00        1.63666584e-07  20.1409  19.7972
0202-03-01_16:22:34.670000      7436.45        2.72701500e+00        1.99552375e-07  20.1409  19.7972
0202-03-01_16:22:34.880000      7436.65        2.77470400e+00        2.62151075e-07  20.1604  19.7483
0202-03-01_16:22:35.080000      7436.85        2.82660700e+00        4.05322354e-07  20.1604  19.7483
0202-03-01_16:22:35.273000      7437.04        2.87439900e+00        5.60455565e-07  20.1604  19.7483
0202-03-01_16:22:35.470000      7437.24        2.92366300e+00        7.56742764e-07  20.1604  19.7483
0202-03-01_16:22:35.676000      7437.45        2.97530100e+00        1.17472852e-06  20.1604  19.7483
0202-03-01_16:22:35.880000      7437.65        3.02550500e+00        2.51929896e-06  20.1562  19.6450
0202-03-01_16:22:36.090000      7437.86        3.07355700e+00        2.62881569e-06  20.1562  19.6450
0202-03-01_16:22:36.280000      7438.05        3.12450100e+00        4.12424278e-06  20.1562  19.6450
0202-03-01_16:22:36.484000      7438.26        3.17392900e+00        6.18659095e-06  20.1562  19.6450
0202-03-01_16:22:36.688000      7438.46        3.22075800e+00        8.33354025e-06  20.1562  19.6450
0202-03-01_16:22:36.910000      7438.68        3.27397700e+00        1.06878710e-05  20.1532  19.8470
0202-03-01_16:22:37.125000      7438.90        3.32184700e+00        1.35317111e-05  20.1532  19.8470
0202-03-01_16:22:37.330000      7439.10        3.37155600e+00        1.80673274e-05  20.1532  19.8470
0202-03-01_16:22:37.535000      7439.31        3.42219400e+00        2.15406251e-05  20.1532  19.8470