# Ic = 3.31 A, n = 20.65 , Tavg = 39.99 K, f29-140Kanneal-40K
#datetime                        t_s     iHTS_A                vHTS_V                tHTS_K  tTAR_K
0202-02-11_17:44:46.900000      27273.74        1.73800700e-02        7.34449000e-10  39.9885  39.3780
0202-02-11_17:44:47.090000      27273.93        1.36347800e-02        5.81673900e-09  39.9885  39.3780
0202-02-11_17:44:47.300000      27274.14        2.21166100e-02        1.60215900e-09  39.9885  39.3780
0202-02-11_17:44:47.504000      27274.34        3.26895900e-02        4.82506900e-09  39.9885  39.3780
0202-02-11_17:44:47.723000      27274.56        4.22874900e-02       -3.17023100e-09  39.9830  39.3759
0202-02-11_17:44:47.914000      27274.75        5.22742400e-02       -1.12492100e-09  39.9830  39.3759
0202-02-11_17:44:48.110000      27274.95        6.24494700e-02        1.04434900e-09  39.9830  39.3759
0202-02-11_17:44:48.300000      27275.14        7.18470100e-02        6.25058900e-09  39.9830  39.3759
0202-02-11_17:44:48.535000      27275.37        8.16215300e-02        6.56024900e-09  39.9830  39.3759
0202-02-11_17:44:48.777000      27275.61        9.22906200e-02        6.80791900e-09  39.9750  39.3774
0202-02-11_17:44:48.977000      27275.82        1.01936000e-01        2.90311900e-09  39.9750  39.3774
0202-02-11_17:44:49.170000      27276.01        1.11964300e-01        3.77082900e-09  39.9750  39.3774
0202-02-11_17:44:49.380000      27276.22        1.20780100e-01        2.71717900e-09  39.9750  39.3774
0202-02-11_17:44:49.582000      27276.42        1.31774600e-01        1.76039000e-10  39.9845  39.3782
0202-02-11_17:44:49.777000      27276.61        1.41679700e-01        1.47759900e-09  39.9845  39.3782
0202-02-11_17:44:49.973000      27276.81        1.51093600e-01        1.84946900e-09  39.9845  39.3782
0202-02-11_17:44:50.164000      27277.00        1.61035000e-01        2.15936900e-09  39.9845  39.3782
0202-02-11_17:44:50.355000      27277.19        1.71260700e-01        3.70884900e-09  39.9845  39.3782
0202-02-11_17:44:50.574000      27277.41        1.81376600e-01        3.02707900e-09  39.9845  39.3782
0202-02-11_17:44:50.793000      27277.63        1.91206000e-01        7.24165900e-09  39.9814  39.3743
0202-02-11_17:44:50.984000      27277.82        2.01204600e-01        9.10102900e-09  39.9814  39.3743
0202-02-11_17:44:51.188000      27278.03        2.11175100e-01        4.45259900e-09  39.9814  39.3743
0202-02-11_17:44:51.390000      27278.23        2.20299500e-01        4.94842900e-09  39.9814  39.3743
0202-02-11_17:44:51.617000      27278.45        2.31293600e-01        3.39894900e-09  39.9814  39.3743
0202-02-11_17:44:51.824000      27278.66        2.40516000e-01        5.19634900e-09  39.9774  39.3781
0202-02-11_17:44:52.027000      27278.86        2.50535400e-01        4.23949000e-10  39.9774  39.3781
0202-02-11_17:44:52.220000      27279.06        2.60543000e-01       -8.25312100e-09  39.9774  39.3781
0202-02-11_17:44:52.420000      27279.26        2.70194300e-01       -3.66667100e-09  39.9774  39.3781
0202-02-11_17:44:52.625000      27279.46        2.80424400e-01       -7.07552100e-09  39.9800  39.3735
0202-02-11_17:44:52.824000      27279.66        2.89796800e-01       -5.58802100e-09  39.9800  39.3735
0202-02-11_17:44:53.027000      27279.87        3.00166400e-01       -1.09182210e-08  39.9800  39.3735
0202-02-11_17:44:53.220000      27280.06        3.09968400e-01       -1.19098910e-08  39.9800  39.3735
0202-02-11_17:44:53.414000      27280.25        3.20229700e-01       -1.11041610e-08  39.9800  39.3735
0202-02-11_17:44:53.633000      27280.47        3.30036900e-01       -1.22197810e-08  39.9759  39.3733
0202-02-11_17:44:53.830000      27280.67        3.40280400e-01       -1.09182210e-08  39.9759  39.3733
0202-02-11_17:44:54.030000      27280.87        3.49979200e-01       -7.81927100e-09  39.9759  39.3733
0202-02-11_17:44:54.223000      27281.06        3.59632000e-01       -2.42708100e-09  39.9759  39.3733
0202-02-11_17:44:54.418000      27281.25        3.69590600e-01       -1.06339100e-09  39.9759  39.3733
0202-02-11_17:44:54.620000      27281.46        3.80076000e-01       -6.14553100e-09  39.9734  39.3775
0202-02-11_17:44:54.820000      27281.66        3.89633700e-01       -5.77346100e-09  39.9734  39.3775
0202-02-11_17:44:55.010000      27281.85        3.98617200e-01       -6.70315100e-09  39.9734  39.3775
0202-02-11_17:44:55.207000      27282.05        4.09127900e-01       -2.61253100e-09  39.9734  39.3775
0202-02-11_17:44:55.414000      27282.25        4.19435200e-01       -7.07502100e-09  39.9734  39.3775
0202-02-11_17:44:55.625000      27282.46        4.29114700e-01       -6.57919100e-09  39.9780  39.3741
0202-02-11_17:44:55.832000      27282.67        4.39119300e-01       -5.52554100e-09  39.9780  39.3741
0202-02-11_17:44:56.023000      27282.86        4.48653400e-01        5.25790000e-11  39.9780  39.3741
0202-02-11_17:44:56.215000      27283.05        4.58301700e-01       -5.33961100e-09  39.9780  39.3741
0202-02-11_17:44:56.418000      27283.26        4.69037800e-01       -8.81044100e-09  39.9780  39.3741
0202-02-11_17:44:56.625000      27283.46        4.79023100e-01       -9.67814100e-09  39.9897  39.3779
0202-02-11_17:44:56.832000      27283.67        4.88346400e-01       -4.78179100e-09  39.9897  39.3779
0202-02-11_17:44:57.023000      27283.86        4.98815500e-01       -5.64950100e-09  39.9897  39.3779
0202-02-11_17:44:57.220000      27284.06        5.08300600e-01       -8.87242100e-09  39.9897  39.3779
0202-02-11_17:44:57.414000      27284.25        5.18147900e-01       -1.30250210e-08  39.9897  39.3779
0202-02-11_17:44:57.620000      27284.46        5.28388400e-01       -4.90575100e-09  39.9846  39.3780
0202-02-11_17:44:57.824000      27284.66        5.38661600e-01       -7.01304100e-09  39.9846  39.3780
0202-02-11_17:44:58.016000      27284.86        5.47662400e-01       -8.00471100e-09  39.9846  39.3780
0202-02-11_17:44:58.207000      27285.05        5.58131500e-01       -1.27151210e-08  39.9846  39.3780
0202-02-11_17:44:58.414000      27285.25        5.68245900e-01       -8.81044100e-09  39.9846  39.3780
0202-02-11_17:44:58.613000      27285.45        5.77428200e-01       -1.38307410e-08  39.9840  39.3760
0202-02-11_17:44:58.820000      27285.66        5.88125900e-01       -1.58760510e-08  39.9840  39.3760
0202-02-11_17:44:59.016000      27285.85        5.97884100e-01       -2.35614610e-08  39.9840  39.3760
0202-02-11_17:44:59.207000      27286.05        6.06673100e-01       -1.71776210e-08  39.9840  39.3760
0202-02-11_17:44:59.402000      27286.24        6.17544400e-01       -1.53182410e-08  39.9840  39.3760
0202-02-11_17:44:59.620000      27286.46        6.27581500e-01       -1.17234510e-08  39.9847  39.3773
0202-02-11_17:44:59.830000      27286.67        6.37252100e-01       -1.70536610e-08  39.9847  39.3773
0202-02-11_17:45:00.030000      27286.87        6.47307100e-01       -1.73015710e-08  39.9847  39.3773
0202-02-11_17:45:00.223000      27287.06        6.57239000e-01       -1.54422010e-08  39.9847  39.3773
0202-02-11_17:45:00.426000      27287.26        6.66284800e-01       -1.49463910e-08  39.9847  39.3773
0202-02-11_17:45:00.630000      27287.47        6.77366800e-01       -1.61860010e-08  39.9771  39.3756
0202-02-11_17:45:00.824000      27287.66        6.87205200e-01       -1.76115510e-08  39.9771  39.3756
0202-02-11_17:45:01.027000      27287.87        6.96169300e-01       -1.87271710e-08  39.9771  39.3756
0202-02-11_17:45:01.230000      27288.07        7.06775600e-01       -1.09178010e-08  39.9771  39.3756
0202-02-11_17:45:01.420000      27288.26        7.16639200e-01       -1.39547810e-08  39.9771  39.3756
0202-02-11_17:45:01.637000      27288.47        7.26385500e-01       -8.00479100e-09  39.9685  39.3773
0202-02-11_17:45:01.836000      27288.67        7.36532500e-01       -1.66818610e-08  39.9685  39.3773
0202-02-11_17:45:02.027000      27288.87        7.46673600e-01       -1.17855110e-08  39.9685  39.3773
0202-02-11_17:45:02.227000      27289.06        7.56043000e-01       -1.90370710e-08  39.9685  39.3773
0202-02-11_17:45:02.418000      27289.26        7.66111300e-01       -1.81073810e-08  39.9685  39.3773
0202-02-11_17:45:02.620000      27289.46        7.76708100e-01       -2.31896710e-08  39.9801  39.3776
0202-02-11_17:45:02.824000      27289.66        7.86218200e-01       -1.66198810e-08  39.9801  39.3776
0202-02-11_17:45:03.016000      27289.85        7.95590500e-01       -1.55662410e-08  39.9801  39.3776
0202-02-11_17:45:03.215000      27290.05        8.06114500e-01       -1.12896810e-08  39.9801  39.3776
0202-02-11_17:45:03.406000      27290.25        8.16080400e-01       -1.53803010e-08  39.9801  39.3776
0202-02-11_17:45:03.605000      27290.44        8.25012000e-01       -1.58761310e-08  39.9806  39.3739
0202-02-11_17:45:03.810000      27290.65        8.36025700e-01       -1.79214410e-08  39.9806  39.3739
0202-02-11_17:45:04.004000      27290.84        8.45665200e-01       -1.95948810e-08  39.9806  39.3739
0202-02-11_17:45:04.195000      27291.03        8.54948500e-01       -1.60620710e-08  39.9806  39.3739
0202-02-11_17:45:04.402000      27291.24        8.65552000e-01       -1.73636310e-08  39.9806  39.3739
0202-02-11_17:45:04.610000      27291.45        8.76071600e-01       -1.84792510e-08  39.9886  39.3777
0202-02-11_17:45:04.816000      27291.66        8.85337100e-01       -1.50704010e-08  39.9886  39.3777
0202-02-11_17:45:05.010000      27291.85        8.95688900e-01       -1.21573910e-08  39.9886  39.3777
0202-02-11_17:45:05.203000      27292.04        9.05549500e-01       -1.47605110e-08  39.9886  39.3777
0202-02-11_17:45:05.406000      27292.24        9.14907000e-01       -1.66198810e-08  39.9886  39.3777
0202-02-11_17:45:05.617000      27292.46        9.25566000e-01       -1.66198810e-08  39.9791  39.3752
0202-02-11_17:45:05.824000      27292.66        9.35192100e-01       -8.43864100e-09  39.9791  39.3752
0202-02-11_17:45:06.016000      27292.85        9.45028300e-01       -1.39547810e-08  39.9791  39.3752
0202-02-11_17:45:06.207000      27293.05        9.55178300e-01       -1.48844710e-08  39.9791  39.3752
0202-02-11_17:45:06.410000      27293.25        9.65074500e-01       -1.77352010e-08  39.9791  39.3752
0202-02-11_17:45:06.625000      27293.46        9.74562600e-01       -2.09577010e-08  39.9862  39.3792
0202-02-11_17:45:06.832000      27293.67        9.85232000e-01       -1.75485510e-08  39.9862  39.3792
0202-02-11_17:45:07.027000      27293.86        9.94407000e-01       -1.42016710e-08  39.9862  39.3792
0202-02-11_17:45:07.220000      27294.06        1.00433900e+00       -1.60610510e-08  39.9862  39.3792
0202-02-11_17:45:07.420000      27294.26        1.01478600e+00       -2.03995910e-08  39.9862  39.3792
0202-02-11_17:45:07.633000      27294.47        1.02463900e+00       -2.45521910e-08  39.9866  39.3776
0202-02-11_17:45:07.840000      27294.68        1.03449900e+00       -2.80850010e-08  39.9866  39.3776
0202-02-11_17:45:08.030000      27294.87        1.04454300e+00       -2.59777110e-08  39.9866  39.3776
0202-02-11_17:45:08.234000      27295.07        1.05411300e+00       -2.12672910e-08  39.9866  39.3776
0202-02-11_17:45:08.434000      27295.27        1.06416200e+00       -1.87261510e-08  39.9866  39.3776
0202-02-11_17:45:08.633000      27295.47        1.07438600e+00       -2.03995910e-08  39.9963  39.3772
0202-02-11_17:45:08.840000      27295.68        1.08405500e+00       -2.30027110e-08  39.9963  39.3772
0202-02-11_17:45:09.030000      27295.87        1.09385700e+00       -2.20110410e-08  39.9963  39.3772
0202-02-11_17:45:09.234000      27296.07        1.10426600e+00       -2.57297910e-08  39.9963  39.3772
0202-02-11_17:45:09.426000      27296.26        1.11374300e+00       -1.73626110e-08  39.9963  39.3772
0202-02-11_17:45:09.625000      27296.46        1.12344000e+00       -1.53792810e-08  39.9835  39.3772
0202-02-11_17:45:09.820000      27296.66        1.13386800e+00       -9.55324100e-09  39.9835  39.3772
0202-02-11_17:45:10.016000      27296.85        1.14381300e+00       -1.20324110e-08  39.9835  39.3772
0202-02-11_17:45:10.207000      27297.04        1.15326500e+00       -1.18464710e-08  39.9835  39.3772
0202-02-11_17:45:10.400000      27297.24        1.16298600e+00       -1.43876110e-08  39.9835  39.3772
0202-02-11_17:45:10.610000      27297.45        1.17347500e+00       -2.29407310e-08  39.9841  39.3743
0202-02-11_17:45:10.810000      27297.65        1.18318600e+00       -2.45521910e-08  39.9841  39.3743
0202-02-11_17:45:11             27297.84        1.19278300e+00       -2.65975010e-08  39.9841  39.3743
0202-02-11_17:45:11.195000      27298.03        1.20293600e+00       -2.36225010e-08  39.9841  39.3743
0202-02-11_17:45:11.390000      27298.23        1.21336900e+00       -2.29407310e-08  39.9841  39.3743
0202-02-11_17:45:11.610000      27298.45        1.22248000e+00       -2.52959410e-08  39.9841  39.3743
0202-02-11_17:45:11.805000      27298.64        1.23301600e+00       -1.82303210e-08  39.9774  39.3766
0202-02-11_17:45:12.008000      27298.85        1.24252700e+00       -1.89740710e-08  39.9774  39.3766
0202-02-11_17:45:12.210000      27299.05        1.25253700e+00       -2.67216010e-08  39.9774  39.3766
0202-02-11_17:45:12.414000      27299.25        1.26270600e+00       -2.82095210e-08  39.9774  39.3766
0202-02-11_17:45:12.630000      27299.47        1.27244000e+00       -2.42434210e-08  39.9867  39.3759
0202-02-11_17:45:12.820000      27299.66        1.28259500e+00       -2.05869310e-08  39.9867  39.3759
0202-02-11_17:45:13.016000      27299.85        1.29261000e+00       -2.44296310e-08  39.9867  39.3759
0202-02-11_17:45:13.207000      27300.05        1.30202900e+00       -2.42437010e-08  39.9867  39.3759
0202-02-11_17:45:13.402000      27300.24        1.31197500e+00       -2.34379710e-08  39.9867  39.3759
0202-02-11_17:45:13.617000      27300.45        1.32248800e+00       -2.15166210e-08  39.9935  39.3755
0202-02-11_17:45:13.812000      27300.65        1.33205900e+00       -2.08968310e-08  39.9935  39.3755
0202-02-11_17:45:14.016000      27300.85        1.34175800e+00       -1.99671410e-08  39.9935  39.3755
0202-02-11_17:45:14.210000      27301.05        1.35240000e+00       -1.91614110e-08  39.9935  39.3755
0202-02-11_17:45:14.402000      27301.24        1.36239000e+00       -2.04009910e-08  39.9935  39.3755
0202-02-11_17:45:14.600000      27301.44        1.37113300e+00       -2.12067210e-08  39.9900  39.3777
0202-02-11_17:45:14.805000      27301.64        1.38205200e+00       -1.99051610e-08  39.9900  39.3777
0202-02-11_17:45:14.996000      27301.83        1.39176300e+00       -2.52973410e-08  39.9900  39.3777
0202-02-11_17:45:15.200000      27302.04        1.40142700e+00       -2.79004610e-08  39.9900  39.3777
0202-02-11_17:45:15.390000      27302.23        1.41165600e+00       -2.73426510e-08  39.9900  39.3777
0202-02-11_17:45:15.620000      27302.46        1.42205600e+00       -2.60410910e-08  39.9806  39.3764
0202-02-11_17:45:15.820000      27302.66        1.43151600e+00       -2.06489110e-08  39.9806  39.3764
0202-02-11_17:45:16.027000      27302.87        1.44159000e+00       -2.51114010e-08  39.9806  39.3764
0202-02-11_17:45:16.223000      27303.06        1.45141200e+00       -2.49874510e-08  39.9806  39.3764
0202-02-11_17:45:16.414000      27303.25        1.46115600e+00       -2.46155710e-08  39.9806  39.3764
0202-02-11_17:45:16.637000      27303.47        1.47155400e+00       -2.10827610e-08  39.9887  39.3780
0202-02-11_17:45:16.844000      27303.68        1.48153400e+00       -2.13926610e-08  39.9887  39.3780
0202-02-11_17:45:17.047000      27303.88        1.49107600e+00       -2.43676510e-08  39.9887  39.3780
0202-02-11_17:45:17.240000      27304.08        1.50137100e+00       -2.45535910e-08  39.9887  39.3780
0202-02-11_17:45:17.445000      27304.28        1.51110600e+00       -2.12687010e-08  39.9887  39.3780
0202-02-11_17:45:17.640000      27304.48        1.52118100e+00       -1.93473510e-08  39.9827  39.3762
0202-02-11_17:45:17.836000      27304.68        1.53095900e+00       -1.51327710e-08  39.9827  39.3762
0202-02-11_17:45:18.035000      27304.87        1.54065200e+00       -1.47608910e-08  39.9827  39.3762
0202-02-11_17:45:18.227000      27305.06        1.55055200e+00       -1.55665310e-08  39.9827  39.3762
0202-02-11_17:45:18.418000      27305.26        1.56085700e+00       -2.26320110e-08  39.9827  39.3762
0202-02-11_17:45:18.630000      27305.47        1.57066300e+00       -3.06891010e-08  39.9872  39.3747
0202-02-11_17:45:18.830000      27305.67        1.58028400e+00       -2.92015510e-08  39.9872  39.3747
0202-02-11_17:45:19.020000      27305.86        1.59024600e+00       -2.65984310e-08  39.9872  39.3747
0202-02-11_17:45:19.227000      27306.06        1.60023400e+00       -1.94708410e-08  39.9872  39.3747
0202-02-11_17:45:19.418000      27306.26        1.60999400e+00       -1.24672010e-08  39.9872  39.3747
0202-02-11_17:45:19.620000      27306.46        1.62035900e+00       -1.22812610e-08  39.9711  39.3758
0202-02-11_17:45:19.820000      27306.66        1.63032200e+00       -1.13515710e-08  39.9711  39.3758
0202-02-11_17:45:20.016000      27306.85        1.63969100e+00       -1.66817810e-08  39.9711  39.3758
0202-02-11_17:45:20.207000      27307.04        1.65033400e+00       -1.73015710e-08  39.9711  39.3758
0202-02-11_17:45:20.410000      27307.25        1.66011700e+00       -1.77354210e-08  39.9711  39.3758
0202-02-11_17:45:20.613000      27307.45        1.66950700e+00       -1.95328110e-08  39.9792  39.3736
0202-02-11_17:45:20.820000      27307.66        1.67969600e+00       -1.54421910e-08  39.9792  39.3736
0202-02-11_17:45:21.010000      27307.85        1.68969700e+00       -1.71156310e-08  39.9792  39.3736
0202-02-11_17:45:21.215000      27308.05        1.69908900e+00       -1.74255310e-08  39.9792  39.3736
0202-02-11_17:45:21.410000      27308.25        1.70993500e+00       -2.16401010e-08  39.9792  39.3736
0202-02-11_17:45:21.620000      27308.46        1.72002400e+00       -2.18880210e-08  39.9837  39.3752
0202-02-11_17:45:21.824000      27308.66        1.72951500e+00       -1.69916710e-08  39.9837  39.3752
0202-02-11_17:45:22.016000      27308.85        1.73982300e+00       -1.12276110e-08  39.9837  39.3752
0202-02-11_17:45:22.227000      27309.06        1.74946300e+00       -1.12276110e-08  39.9837  39.3752
0202-02-11_17:45:22.420000      27309.26        1.75928200e+00       -1.25911510e-08  39.9837  39.3752
0202-02-11_17:45:22.620000      27309.46        1.76952500e+00       -1.66817810e-08  39.9702  39.3765
0202-02-11_17:45:22.830000      27309.67        1.77924300e+00       -1.49463610e-08  39.9702  39.3765
0202-02-11_17:45:23.020000      27309.86        1.78896000e+00       -1.40786510e-08  39.9702  39.3765
0202-02-11_17:45:23.210000      27310.05        1.79903400e+00       -1.76734410e-08  39.9702  39.3765
0202-02-11_17:45:23.418000      27310.26        1.80886500e+00       -2.02145810e-08  39.9702  39.3765
0202-02-11_17:45:23.617000      27310.46        1.81859900e+00       -2.08343810e-08  39.9920  39.3780
0202-02-11_17:45:23.812000      27310.65        1.82885100e+00       -1.61239610e-08  39.9920  39.3780
0202-02-11_17:45:24.004000      27310.84        1.83900600e+00       -1.71776110e-08  39.9920  39.3780
0202-02-11_17:45:24.200000      27311.04        1.84795800e+00       -2.02767710e-08  39.9920  39.3780
0202-02-11_17:45:24.390000      27311.23        1.85851300e+00       -2.05249910e-08  39.9920  39.3780
0202-02-11_17:45:24.610000      27311.45        1.86853400e+00       -1.71785310e-08  39.9920  39.3780
0202-02-11_17:45:24.820000      27311.66        1.87819700e+00       -1.26541610e-08  39.9844  39.3792
0202-02-11_17:45:25.023000      27311.86        1.88844200e+00       -1.16625010e-08  39.9844  39.3792
0202-02-11_17:45:25.223000      27312.06        1.89842800e+00       -1.68067610e-08  39.9844  39.3792
0202-02-11_17:45:25.426000      27312.26        1.90779900e+00       -1.31500010e-08  39.9844  39.3792
0202-02-11_17:45:25.625000      27312.46        1.91821800e+00       -1.92239510e-08  39.9820  39.3723
0202-02-11_17:45:25.832000      27312.67        1.92822100e+00       -2.00296710e-08  39.9820  39.3723
0202-02-11_17:45:26.023000      27312.86        1.93738400e+00       -2.51739410e-08  39.9820  39.3723
0202-02-11_17:45:26.215000      27313.05        1.94794800e+00       -2.23229010e-08  39.9820  39.3723
0202-02-11_17:45:26.420000      27313.26        1.95783400e+00       -2.02156110e-08  39.9820  39.3723
0202-02-11_17:45:26.625000      27313.46        1.96743300e+00       -1.62489510e-08  39.9712  39.3801
0202-02-11_17:45:26.836000      27313.67        1.97808300e+00       -1.41416610e-08  39.9712  39.3801
0202-02-11_17:45:27.027000      27313.87        1.98723000e+00       -1.02989610e-08  39.9712  39.3801
0202-02-11_17:45:27.230000      27314.07        1.99685200e+00       -1.83562410e-08  39.9712  39.3801
0202-02-11_17:45:27.430000      27314.27        2.00736700e+00       -1.90999910e-08  39.9712  39.3801
0202-02-11_17:45:27.637000      27314.47        2.01726000e+00       -1.85421810e-08  39.9803  39.3748
0202-02-11_17:45:27.840000      27314.68        2.02660400e+00       -1.30260410e-08  39.9803  39.3748
0202-02-11_17:45:28.030000      27314.87        2.03750100e+00       -1.24062510e-08  39.9803  39.3748
0202-02-11_17:45:28.234000      27315.07        2.04698000e+00       -1.58770810e-08  39.9803  39.3748
0202-02-11_17:45:28.438000      27315.28        2.05654200e+00       -1.93479010e-08  39.9803  39.3748
0202-02-11_17:45:28.637000      27315.48        2.06693700e+00       -2.22609210e-08  39.9830  39.3756
0202-02-11_17:45:28.844000      27315.68        2.07687600e+00       -2.28807110e-08  39.9830  39.3756
0202-02-11_17:45:29.035000      27315.87        2.08648900e+00       -2.22609210e-08  39.9830  39.3756
0202-02-11_17:45:29.227000      27316.07        2.09693200e+00       -2.02775910e-08  39.9830  39.3756
0202-02-11_17:45:29.434000      27316.27        2.10663900e+00       -1.86661310e-08  39.9830  39.3756
0202-02-11_17:45:29.633000      27316.47        2.11631400e+00       -1.90380110e-08  39.9758  39.3764
0202-02-11_17:45:29.830000      27316.66        2.12673200e+00       -2.02775910e-08  39.9758  39.3764
0202-02-11_17:45:30.020000      27316.86        2.13654800e+00       -2.38723810e-08  39.9758  39.3764
0202-02-11_17:45:30.215000      27317.05        2.14557300e+00       -2.49880610e-08  39.9758  39.3764
0202-02-11_17:45:30.406000      27317.24        2.15639600e+00       -2.65995810e-08  39.9758  39.3764
0202-02-11_17:45:30.620000      27317.46        2.16658100e+00       -3.42850610e-08  39.9730  39.3773
0202-02-11_17:45:30.830000      27317.67        2.17634800e+00       -2.96366310e-08  39.9730  39.3773
0202-02-11_17:45:31.030000      27317.87        2.18631000e+00       -2.95126710e-08  39.9730  39.3773
0202-02-11_17:45:31.227000      27318.06        2.19540500e+00       -2.72814310e-08  39.9730  39.3773
0202-02-11_17:45:31.430000      27318.27        2.20626000e+00       -3.29215210e-08  39.9730  39.3773
0202-02-11_17:45:31.630000      27318.47        2.21611900e+00       -3.26736110e-08  39.9834  39.3761
0202-02-11_17:45:31.824000      27318.66        2.22517700e+00       -2.90788210e-08  39.9834  39.3761
0202-02-11_17:45:32.020000      27318.86        2.23594400e+00       -3.10621510e-08  39.9834  39.3761
0202-02-11_17:45:32.210000      27319.05        2.24578700e+00       -2.59178910e-08  39.9834  39.3761
0202-02-11_17:45:32.402000      27319.24        2.25471300e+00       -3.38512110e-08  39.9834  39.3761
0202-02-11_17:45:32.617000      27319.46        2.26556000e+00       -3.19298610e-08  39.9848  39.3760
0202-02-11_17:45:32.824000      27319.66        2.27521000e+00       -2.96366310e-08  39.9848  39.3760
0202-02-11_17:45:33.016000      27319.86        2.28534100e+00       -2.80871610e-08  39.9848  39.3760
0202-02-11_17:45:33.207000      27320.05        2.29549300e+00       -2.98845510e-08  39.9848  39.3760
0202-02-11_17:45:33.402000      27320.24        2.30561500e+00       -3.70741210e-08  39.9848  39.3760
0202-02-11_17:45:33.605000      27320.45        2.31463700e+00       -3.53387110e-08  39.9829  39.3765
0202-02-11_17:45:33.810000      27320.65        2.32517700e+00       -3.84996410e-08  39.9829  39.3765
0202-02-11_17:45:34.010000      27320.85        2.33510900e+00       -3.98012010e-08  39.9829  39.3765
0202-02-11_17:45:34.203000      27321.04        2.34409700e+00       -4.08548510e-08  39.9829  39.3765
0202-02-11_17:45:34.395000      27321.23        2.35486500e+00       -3.76939110e-08  39.9829  39.3765
0202-02-11_17:45:34.613000      27321.45        2.36515600e+00       -3.76319410e-08  39.9829  39.3765
0202-02-11_17:45:34.812000      27321.65        2.37491400e+00       -3.83137110e-08  39.9725  39.3789
0202-02-11_17:45:35.020000      27321.86        2.38497500e+00       -3.81277710e-08  39.9725  39.3789
0202-02-11_17:45:35.215000      27322.05        2.39342000e+00       -4.20324510e-08  39.9725  39.3789
0202-02-11_17:45:35.406000      27322.24        2.40452700e+00       -4.01730810e-08  39.9725  39.3789
0202-02-11_17:45:35.620000      27322.46        2.41445000e+00       -4.27142210e-08  39.9828  39.3723
0202-02-11_17:45:35.820000      27322.66        2.42417100e+00       -4.25902610e-08  39.9828  39.3723
0202-02-11_17:45:36.023000      27322.86        2.43450800e+00       -4.98418210e-08  39.9828  39.3723
0202-02-11_17:45:36.220000      27323.06        2.44429000e+00       -4.99652310e-08  39.9828  39.3723
0202-02-11_17:45:36.410000      27323.25        2.45331400e+00       -4.87872110e-08  39.9828  39.3723
0202-02-11_17:45:36.605000      27323.44        2.46414800e+00       -4.45102510e-08  39.9853  39.3770
0202-02-11_17:45:36.800000      27323.64        2.47416200e+00       -4.90347210e-08  39.9853  39.3770
0202-02-11_17:45:36.996000      27323.83        2.48313000e+00       -4.52539910e-08  39.9853  39.3770
0202-02-11_17:45:37.188000      27324.03        2.49395300e+00       -4.71753510e-08  39.9853  39.3770
0202-02-11_17:45:37.395000      27324.23        2.50363500e+00       -4.13493110e-08  39.9853  39.3770
0202-02-11_17:45:37.605000      27324.44        2.51323900e+00       -4.42623310e-08  39.9750  39.3741
0202-02-11_17:45:37.824000      27324.66        2.52382800e+00       -4.62456610e-08  39.9750  39.3741
0202-02-11_17:45:38.027000      27324.86        2.53344100e+00       -4.68034710e-08  39.9750  39.3741
0202-02-11_17:45:38.230000      27325.07        2.54312100e+00       -4.55019110e-08  39.9750  39.3741
0202-02-11_17:45:38.420000      27325.26        2.54788800e+00       -4.35185810e-08  39.9750  39.3741
0202-02-11_17:45:38.633000      27325.47        2.56319700e+00       -3.84982710e-08  39.9845  39.3737
0202-02-11_17:45:38.840000      27325.68        2.57337300e+00       -3.60191110e-08  39.9845  39.3737
0202-02-11_17:45:39.040000      27325.88        2.58356900e+00       -3.76925410e-08  39.9845  39.3737
0202-02-11_17:45:39.242000      27326.08        2.59311100e+00       -3.97998310e-08  39.9845  39.3737
0202-02-11_17:45:39.445000      27326.28        2.60296700e+00       -3.89321310e-08  39.9845  39.3737
0202-02-11_17:45:39.640000      27326.48        2.61324000e+00       -3.61430710e-08  39.9790  39.3773
0202-02-11_17:45:39.850000      27326.69        2.62301500e+00       -3.62050510e-08  39.9790  39.3773
0202-02-11_17:45:40.043000      27326.88        2.63277900e+00       -3.83123310e-08  39.9790  39.3773
0202-02-11_17:45:40.234000      27327.07        2.64285600e+00       -3.89941010e-08  39.9790  39.3773
0202-02-11_17:45:40.440000      27327.28        2.65249000e+00       -3.92420210e-08  39.9790  39.3773
0202-02-11_17:45:40.640000      27327.48        2.66256900e+00       -4.09154610e-08  39.9959  39.3767
0202-02-11_17:45:40.836000      27327.67        2.67268600e+00       -4.45102510e-08  39.9959  39.3767
0202-02-11_17:45:41.030000      27327.87        2.68222200e+00       -4.97164910e-08  39.9959  39.3767
0202-02-11_17:45:41.223000      27328.06        2.69219300e+00       -4.45722210e-08  39.9959  39.3767
0202-02-11_17:45:41.418000      27328.25        2.70233700e+00       -4.42623310e-08  39.9959  39.3767
0202-02-11_17:45:41.630000      27328.47        2.71257500e+00       -4.21550410e-08  39.9819  39.3772
0202-02-11_17:45:41.824000      27328.66        2.72200500e+00       -4.12873310e-08  39.9819  39.3772
0202-02-11_17:45:42.016000      27328.85        2.73216200e+00       -4.59975410e-08  39.9819  39.3772
0202-02-11_17:45:42.223000      27329.06        2.74239100e+00       -4.26498610e-08  39.9819  39.3772
0202-02-11_17:45:42.414000      27329.25        2.75212100e+00       -4.49424710e-08  39.9819  39.3772
0202-02-11_17:45:42.620000      27329.46        2.76207700e+00       -3.82483210e-08  39.9893  39.3757
0202-02-11_17:45:42.820000      27329.66        2.77134600e+00       -4.14092610e-08  39.9893  39.3757
0202-02-11_17:45:43.010000      27329.85        2.78151100e+00       -4.15332210e-08  39.9893  39.3757
0202-02-11_17:45:43.203000      27330.04        2.79164300e+00       -3.92399910e-08  39.9893  39.3757
0202-02-11_17:45:43.410000      27330.25        2.80179300e+00       -3.81243610e-08  39.9893  39.3757
0202-02-11_17:45:43.610000      27330.45        2.81151500e+00       -3.64509310e-08  39.9841  39.3732
0202-02-11_17:45:43.824000      27330.66        2.82194000e+00       -3.93639510e-08  39.9841  39.3732
0202-02-11_17:45:44.016000      27330.85        2.83140300e+00       -3.73806210e-08  39.9841  39.3732
0202-02-11_17:45:44.207000      27331.05        2.84037400e+00       -3.73186410e-08  39.9841  39.3732
0202-02-11_17:45:44.400000      27331.24        2.85141200e+00       -3.45295810e-08  39.9841  39.3732
0202-02-11_17:45:44.613000      27331.45        2.86140700e+00       -2.71540610e-08  39.9844  39.3758
0202-02-11_17:45:44.816000      27331.66        2.87091800e+00       -2.24436510e-08  39.9844  39.3758
0202-02-11_17:45:45.020000      27331.86        2.88104900e+00       -2.24436510e-08  39.9844  39.3758
0202-02-11_17:45:45.223000      27332.06        2.89113400e+00       -2.55426010e-08  39.9844  39.3758
0202-02-11_17:45:45.426000      27332.26        2.90076300e+00       -3.39097810e-08  39.9844  39.3758
0202-02-11_17:45:45.630000      27332.47        2.91136400e+00       -3.94259310e-08  39.9768  39.3750
0202-02-11_17:45:45.832000      27332.67        2.92116200e+00       -3.47774910e-08  39.9768  39.3750
0202-02-11_17:45:46.027000      27332.87        2.93061400e+00       -2.98811410e-08  39.9768  39.3750
0202-02-11_17:45:46.220000      27333.06        2.94069800e+00       -2.61004110e-08  39.9768  39.3750
0202-02-11_17:45:46.426000      27333.26        2.95088600e+00       -2.78978110e-08  39.9768  39.3750
0202-02-11_17:45:46.625000      27333.46        2.96042900e+00       -2.89514510e-08  39.9975  39.3758
0202-02-11_17:45:46.836000      27333.67        2.96644700e+00       -3.07488510e-08  39.9975  39.3758
0202-02-11_17:45:47.027000      27333.87        2.98016800e+00       -2.57285410e-08  39.9975  39.3758
0202-02-11_17:45:47.220000      27334.06        2.98970700e+00       -2.08321910e-08  39.9975  39.3758
0202-02-11_17:45:47.410000      27334.25        3.00059100e+00       -1.47582310e-08  39.9975  39.3758
0202-02-11_17:45:47.633000      27334.47        3.01022100e+00       -1.20931310e-08  39.9813  39.3769
0202-02-11_17:45:47.830000      27334.67        3.02018100e+00       -1.76712510e-08  39.9813  39.3769
0202-02-11_17:45:48.030000      27334.87        3.03026300e+00       -1.72995010e-08  39.9813  39.3769
0202-02-11_17:45:48.223000      27335.06        3.03965100e+00       -1.55645810e-08  39.9813  39.3769
0202-02-11_17:45:48.418000      27335.25        3.04965000e+00       -8.25141100e-09  39.9813  39.3769
0202-02-11_17:45:48.613000      27335.45        3.05985600e+00       -1.09787410e-08  39.9811  39.3752
0202-02-11_17:45:48.812000      27335.65        3.06986500e+00       -9.86312100e-09  39.9811  39.3752
0202-02-11_17:45:49.004000      27335.84        3.07882700e+00       -1.12266610e-08  39.9811  39.3752
0202-02-11_17:45:49.195000      27336.04        3.08934700e+00       -4.34698100e-09  39.9811  39.3752
0202-02-11_17:45:49.395000      27336.23        3.09944200e+00        5.13582900e-09  39.9811  39.3752
0202-02-11_17:45:49.620000      27336.46        3.10970900e+00        1.04660290e-08  39.9811  39.3752
0202-02-11_17:45:49.816000      27336.66        3.11943800e+00        9.90821900e-09  39.9721  39.3782
0202-02-11_17:45:50.010000      27336.85        3.12926900e+00        6.93321900e-09  39.9721  39.3782
0202-02-11_17:45:50.220000      27337.06        3.13873400e+00        6.62332900e-09  39.9721  39.3782
0202-02-11_17:45:50.418000      27337.25        3.14952700e+00        8.54467900e-09  39.9721  39.3782
0202-02-11_17:45:50.625000      27337.46        3.15918900e+00        1.36269690e-08  39.9886  39.3757
0202-02-11_17:45:50.824000      27337.66        3.16862700e+00        1.56102990e-08  39.9886  39.3757
0202-02-11_17:45:51.016000      27337.85        3.17930700e+00        1.80894590e-08  39.9886  39.3757
0202-02-11_17:45:51.220000      27338.06        3.18909000e+00        2.09404990e-08  39.9886  39.3757
0202-02-11_17:45:51.414000      27338.25        3.19851600e+00        2.48451890e-08  39.9886  39.3757
0202-02-11_17:45:51.617000      27338.45        3.20921500e+00        3.43279890e-08  39.9775  39.3787
0202-02-11_17:45:51.812000      27338.65        3.21915900e+00        5.11863090e-08  39.9775  39.3787
0202-02-11_17:45:52.008000      27338.85        3.22810200e+00        5.93055690e-08  39.9775  39.3787
0202-02-11_17:45:52.200000      27339.04        3.23908500e+00        6.48217190e-08  39.9775  39.3787
0202-02-11_17:45:52.402000      27339.24        3.24877100e+00        6.82925490e-08  39.9775  39.3787
0202-02-11_17:45:52.610000      27339.45        3.25873400e+00        7.85190990e-08  39.9775  39.3787
0202-02-11_17:45:52.830000      27339.67        3.26868700e+00        8.93034690e-08  39.9796  39.3781
0202-02-11_17:45:53.020000      27339.86        3.27824900e+00        1.05603969e-07  39.9796  39.3781
0202-02-11_17:45:53.223000      27340.06        3.28798100e+00        1.10872199e-07  39.9796  39.3781
0202-02-11_17:45:53.426000      27340.26        3.29861200e+00        1.19053439e-07  39.9796  39.3781
0202-02-11_17:45:53.625000      27340.46        3.30847400e+00        1.28102389e-07  39.9761  39.3766
0202-02-11_17:45:53.832000      27340.67        3.31778500e+00        1.41241959e-07  39.9761  39.3766
0202-02-11_17:45:54.023000      27340.86        3.32833600e+00        1.53699999e-07  39.9761  39.3766
0202-02-11_17:45:54.215000      27341.05        3.33801000e+00        1.67893579e-07  39.9761  39.3766
0202-02-11_17:45:54.420000      27341.26        3.34744000e+00        1.85929979e-07  39.9761  39.3766
0202-02-11_17:45:54.630000      27341.47        3.35796700e+00        2.01672799e-07  39.9896  39.3795
0202-02-11_17:45:54.824000      27341.66        3.36821800e+00        2.17353519e-07  39.9896  39.3795
0202-02-11_17:45:55.016000      27341.86        3.37706200e+00        2.39170169e-07  39.9896  39.3795
0202-02-11_17:45:55.210000      27342.05        3.38775400e+00        2.58631619e-07  39.9896  39.3795
0202-02-11_17:45:55.402000      27342.24        3.39763800e+00        2.73754529e-07  39.9896  39.3795
0202-02-11_17:45:55.613000      27342.45        3.40681900e+00        3.00467529e-07  39.9686  39.3762
0202-02-11_17:45:55.810000      27342.65        3.41758000e+00        3.18999289e-07  39.9686  39.3762
0202-02-11_17:45:56             27342.84        3.42758600e+00        3.45898229e-07  39.9686  39.3762
0202-02-11_17:45:56.207000      27343.05        3.43685200e+00        3.67590929e-07  39.9686  39.3762
0202-02-11_17:45:56.402000      27343.24        3.44742800e+00        4.03972679e-07  39.9686  39.3762
0202-02-11_17:45:56.605000      27343.44        3.45736500e+00        4.32111199e-07  39.9896  39.3796
0202-02-11_17:45:56.800000      27343.64        3.46683300e+00        4.60931489e-07  39.9896  39.3796
0202-02-11_17:45:56.992000      27343.83        3.47716200e+00        4.95887719e-07  39.9896  39.3796
0202-02-11_17:45:57.195000      27344.03        3.48725100e+00        5.23964269e-07  39.9896  39.3796
0202-02-11_17:45:57.400000      27344.24        3.49670800e+00        5.66481949e-07  39.9896  39.3796
0202-02-11_17:45:57.605000      27344.44        3.50702300e+00        6.02305879e-07  39.9789  39.3767
0202-02-11_17:45:57.812000      27344.65        3.51697500e+00        6.52570959e-07  39.9789  39.3767
0202-02-11_17:45:58.008000      27344.84        3.52650400e+00        6.92981349e-07  39.9789  39.3767
0202-02-11_17:45:58.200000      27345.04        3.53686700e+00        7.28371429e-07  39.9789  39.3767
0202-02-11_17:45:58.400000      27345.24        3.54656900e+00        7.84710459e-07  39.9789  39.3767
0202-02-11_17:45:58.605000      27345.44        3.55677600e+00        8.31628659e-07  39.9789  39.3767
0202-02-11_17:45:58.812000      27345.65        3.56670700e+00        8.84310909e-07  39.9764  39.3726
0202-02-11_17:45:59.008000      27345.85        3.57617300e+00        9.57508259e-07  39.9764  39.3726
0202-02-11_17:45:59.200000      27346.04        3.58605600e+00        1.01316552e-06  39.9764  39.3726
0202-02-11_17:45:59.395000      27346.23        3.59623400e+00        1.07006236e-06  39.9764  39.3726
0202-02-11_17:45:59.598000      27346.44        3.60648000e+00        1.15379616e-06  39.9764  39.3726
0202-02-11_17:45:59.816000      27346.65        3.61635300e+00        1.21527946e-06  39.9743  39.3787
0202-02-11_17:46:00.020000      27346.86        3.62641100e+00        1.30607931e-06  39.9743  39.3787
0202-02-11_17:46:00.215000      27347.05        3.63598300e+00        1.37611638e-06  39.9743  39.3787
0202-02-11_17:46:00.414000      27347.25        3.64569700e+00        1.45179356e-06  39.9743  39.3787
0202-02-11_17:46:00.633000      27347.47        3.65617200e+00        1.55796426e-06  39.9765  39.3734
0202-02-11_17:46:00.844000      27347.68        3.66581000e+00        1.63655382e-06  39.9765  39.3734
0202-02-11_17:46:01.040000      27347.88        3.67539500e+00        1.75481004e-06  39.9765  39.3734
0202-02-11_17:46:01.230000      27348.07        3.68586800e+00        1.84548553e-06  39.9765  39.3734
0202-02-11_17:46:01.420000      27348.26        3.69549600e+00        1.94719331e-06  39.9765  39.3734
0202-02-11_17:46:01.633000      27348.47        3.70510700e+00        2.08732816e-06  39.9754  39.3762
0202-02-11_17:46:01.830000      27348.67        3.71604800e+00        2.19827083e-06  39.9754  39.3762
0202-02-11_17:46:02.020000      27348.86        3.72562700e+00        2.31429580e-06  39.9754  39.3762
0202-02-11_17:46:02.227000      27349.07        3.73475700e+00        2.44730305e-06  39.9754  39.3762
0202-02-11_17:46:02.426000      27349.26        3.74555300e+00        2.61421289e-06  39.9754  39.3762
0202-02-11_17:46:02.633000      27349.47        3.75553800e+00        2.75788055e-06  39.9860  39.3782
0202-02-11_17:46:02.830000      27349.67        3.76521600e+00        2.90266384e-06  39.9860  39.3782
0202-02-11_17:46:03.023000      27349.86        3.77531700e+00        3.05841743e-06  39.9860  39.3782
0202-02-11_17:46:03.227000      27350.06        3.78555600e+00        3.27453872e-06  39.9860  39.3782
0202-02-11_17:46:03.418000      27350.26        3.79475200e+00        3.43301939e-06  39.9860  39.3782
0202-02-11_17:46:03.630000      27350.47        3.80514600e+00        3.60563132e-06  39.9822  39.3762
0202-02-11_17:46:03.830000      27350.66        3.81507100e+00        3.83755728e-06  39.9822  39.3762
0202-02-11_17:46:04.020000      27350.86        3.82425900e+00        4.02281295e-06  39.9822  39.3762
0202-02-11_17:46:04.210000      27351.05        3.83518500e+00        4.21959674e-06  39.9822  39.3762
0202-02-11_17:46:04.418000      27351.25        3.84490600e+00        4.49552790e-06  39.9822  39.3762
0202-02-11_17:46:04.630000      27351.47        3.85385700e+00        4.70532731e-06  39.9751  39.3794
0202-02-11_17:46:04.836000      27351.67        3.86500900e+00        4.91605645e-06  39.9751  39.3794
0202-02-11_17:46:05.027000      27351.87        3.87470200e+00        5.20655265e-06  39.9751  39.3794
0202-02-11_17:46:05.220000      27352.06        3.88364100e+00        5.44461455e-06  39.9751  39.3794
0202-02-11_17:46:05.420000      27352.26        3.89439500e+00        5.68912225e-06  39.9751  39.3794
0202-02-11_17:46:05.625000      27352.46        3.90431500e+00        6.03818885e-06  39.9835  39.3741
0202-02-11_17:46:05.836000      27352.67        3.91411000e+00        6.39140795e-06  39.9835  39.3741
0202-02-11_17:46:06.027000      27352.87        3.92436400e+00        6.66616095e-06  39.9835  39.3741
0202-02-11_17:46:06.220000      27353.06        3.93416100e+00        6.94742125e-06  39.9835  39.3741
0202-02-11_17:46:06.426000      27353.26        3.94401500e+00        7.36689475e-06  39.9835  39.3741
0202-02-11_17:46:06.625000      27353.46        3.95379400e+00        7.68776035e-06  39.9881  39.3780
0202-02-11_17:46:06.832000      27353.67        3.96422600e+00        8.02139405e-06  39.9881  39.3780
0202-02-11_17:46:07.027000      27353.86        3.97271200e+00        8.45995835e-06  39.9881  39.3780
0202-02-11_17:46:07.220000      27354.06        3.98404500e+00        8.81590445e-06  39.9881  39.3780
0202-02-11_17:46:07.420000      27354.26        3.99374300e+00        9.18864695e-06  39.9881  39.3780
0202-02-11_17:46:07.617000      27354.45        4.00332900e+00        9.71546955e-06  39.9840  39.3754
0202-02-11_17:46:07.812000      27354.65        4.01341900e+00        1.01162266e-05  39.9840  39.3754
0202-02-11_17:46:08.016000      27354.85        4.02372400e+00        1.05337180e-05  39.9840  39.3754
0202-02-11_17:46:08.207000      27355.05        4.03344800e+00        1.11322504e-05  39.9840  39.3754
0202-02-11_17:46:08.400000      27355.24        4.04310000e+00        1.15954824e-05  39.9840  39.3754
0202-02-11_17:46:08.630000      27355.47        4.05323500e+00        1.20717300e-05  39.9671  39.3740
0202-02-11_17:46:08.830000      27355.67        4.06365300e+00        1.34417787e-05  39.9671  39.3740
0202-02-11_17:46:09.023000      27355.86        4.07317300e+00        1.35725546e-05  39.9671  39.3740
0202-02-11_17:46:09.215000      27356.05        4.08294300e+00        1.38693107e-05  39.9671  39.3740
0202-02-11_17:46:09.418000      27356.26        4.09330900e+00        1.53677181e-05  39.9671  39.3740
0202-02-11_17:46:09.625000      27356.46        4.10307900e+00        1.55086586e-05  39.9788  39.3773
0202-02-11_17:46:09.832000      27356.67        4.11266600e+00        1.58171287e-05  39.9788  39.3773
0202-02-11_17:46:10.023000      27356.86        4.12305400e+00        1.69656639e-05  39.9788  39.3773
0202-02-11_17:46:10.215000      27357.05        4.13311200e+00        1.82872448e-05  39.9788  39.3773
0202-02-11_17:46:10.420000      27357.26        4.14184900e+00        1.83525708e-05  39.9788  39.3773
0202-02-11_17:46:10.617000      27357.46        4.15264500e+00        1.95735596e-05  39.9858  39.3747
0202-02-11_17:46:10.824000      27357.66        4.16259400e+00        1.97857761e-05  39.9858  39.3747
0202-02-11_17:46:11.027000      27357.86        4.17220900e+00        2.09193124e-05  39.9858  39.3747