# Ic = 3.20 A, n = 20.99 , Tavg = 39.98 K, f29-120Kanneal-40K
#datetime                        t_s     iHTS_A                vHTS_V                tHTS_K  tTAR_K
0202-02-11_06:54:13.246000      32745.81        2.12940200e-02       -1.84387900e-09  39.9622  39.3708
0202-02-11_06:54:13.438000      32746.00        1.51066600e-02       -5.99647900e-09  39.9622  39.3708
0202-02-11_06:54:13.645000      32746.20        2.45324000e-02       -9.71522900e-09  39.9622  39.3708
0202-02-11_06:54:13.836000      32746.40        3.47750800e-02       -6.18241900e-09  39.9622  39.3708
0202-02-11_06:54:14.050000      32746.61        4.34097700e-02        3.98216100e-09  39.9622  39.3708
0202-02-11_06:54:14.254000      32746.81        5.42751100e-02        2.92851100e-09  39.9545  39.3706
0202-02-11_06:54:14.445000      32747.01        6.38002900e-02        1.39608010e-08  39.9545  39.3706
0202-02-11_06:54:14.650000      32747.21        7.33180400e-02        1.51384010e-08  39.9545  39.3706
0202-02-11_06:54:14.844000      32747.40        8.38138400e-02        2.44972510e-08  39.9545  39.3706
0202-02-11_06:54:15.090000      32747.65        9.37545700e-02        8.13476100e-09  39.9545  39.3706
0202-02-11_06:54:15.297000      32747.86        1.03575800e-01        5.34570100e-09  39.9788  39.3677
0202-02-11_06:54:15.490000      32748.05        1.13807400e-01        6.58528100e-09  39.9788  39.3677
0202-02-11_06:54:15.684000      32748.24        1.22259500e-01        9.12643100e-09  39.9788  39.3677
0202-02-11_06:54:15.875000      32748.44        1.33400900e-01        1.27212110e-08  39.9788  39.3677
0202-02-11_06:54:16.082000      32748.64        1.43206600e-01        2.01431000e-10  39.9706  39.3706
0202-02-11_06:54:16.277000      32748.84        1.52418600e-01        1.56570100e-09  39.9706  39.3706
0202-02-11_06:54:16.473000      32749.03        1.63196400e-01        1.56642100e-09  39.9706  39.3706
0202-02-11_06:54:16.676000      32749.24        1.72941200e-01        2.93093100e-09  39.9706  39.3706
0202-02-11_06:54:16.867000      32749.43        1.82437800e-01        2.99291100e-09  39.9706  39.3706
0202-02-11_06:54:17.082000      32749.64        1.92957300e-01        4.17051100e-09  39.9706  39.3706
0202-02-11_06:54:17.280000      32749.84        2.02393400e-01        1.70002010e-08  39.9564  39.3671
0202-02-11_06:54:17.473000      32750.03        2.12335700e-01        1.55127010e-08  39.9564  39.3671
0202-02-11_06:54:17.664000      32750.22        2.22645900e-01        1.22278010e-08  39.9564  39.3671
0202-02-11_06:54:17.867000      32750.43        2.32267600e-01        3.92260100e-09  39.9564  39.3671
0202-02-11_06:54:18.080000      32750.64        2.42527400e-01        9.62468100e-09  39.9564  39.3671
0202-02-11_06:54:18.285000      32750.85        2.52437000e-01        1.59465510e-08  39.9726  39.3724
0202-02-11_06:54:18.477000      32751.04        2.61989200e-01        1.53267610e-08  39.9726  39.3724
0202-02-11_06:54:18.688000      32751.25        2.71941800e-01        4.91426100e-09  39.9726  39.3724
0202-02-11_06:54:18.880000      32751.44        2.82353000e-01        1.20418710e-08  39.9726  39.3724
0202-02-11_06:54:19.090000      32751.65        2.91967300e-01        8.57103100e-09  39.9572  39.3706
0202-02-11_06:54:19.293000      32751.86        3.01525100e-01        1.94793610e-08  39.9572  39.3706
0202-02-11_06:54:19.490000      32752.05        3.11761100e-01        2.00371810e-08  39.9572  39.3706
0202-02-11_06:54:19.690000      32752.25        3.21507500e-01        2.42517610e-08  39.9572  39.3706
0202-02-11_06:54:19.883000      32752.44        3.31301300e-01        2.47475910e-08  39.9572  39.3706
0202-02-11_06:54:20.086000      32752.65        3.41643600e-01        1.38392610e-08  39.9752  39.3695
0202-02-11_06:54:20.290000      32752.85        3.51465600e-01        5.10020100e-09  39.9752  39.3695
0202-02-11_06:54:20.484000      32753.04        3.61387100e-01        4.23249100e-09  39.9752  39.3695
0202-02-11_06:54:20.676000      32753.24        3.71486600e-01        6.46374100e-09  39.9752  39.3695
0202-02-11_06:54:20.880000      32753.44        3.81302700e-01        8.07520100e-09  39.9752  39.3695
0202-02-11_06:54:21.094000      32753.65        3.90770000e-01        1.22278010e-08  39.9752  39.3695
0202-02-11_06:54:21.297000      32753.86        4.01040200e-01        1.95413410e-08  39.9692  39.3687
0202-02-11_06:54:21.492000      32754.05        4.10854700e-01        2.64210310e-08  39.9692  39.3687
0202-02-11_06:54:21.684000      32754.24        4.20440900e-01        2.18965510e-08  39.9692  39.3687
0202-02-11_06:54:21.875000      32754.44        4.30981200e-01        2.22684310e-08  39.9692  39.3687
0202-02-11_06:54:22.086000      32754.65        4.41011000e-01        2.69168610e-08  39.9600  39.3647
0202-02-11_06:54:22.277000      32754.84        4.49883200e-01        2.53668210e-08  39.9600  39.3647
0202-02-11_06:54:22.470000      32755.03        4.60855400e-01        2.58620810e-08  39.9600  39.3647
0202-02-11_06:54:22.670000      32755.23        4.70772400e-01        2.70391210e-08  39.9600  39.3647
0202-02-11_06:54:22.875000      32755.43        4.79497600e-01        2.48076810e-08  39.9600  39.3647
0202-02-11_06:54:23.086000      32755.65        4.90542500e-01        2.69149710e-08  39.9604  39.3679
0202-02-11_06:54:23.285000      32755.84        5.00537700e-01        2.62332010e-08  39.9604  39.3679
0202-02-11_06:54:23.477000      32756.04        5.09452900e-01        2.94561210e-08  39.9604  39.3679
0202-02-11_06:54:23.670000      32756.23        5.20288600e-01        2.23905010e-08  39.9604  39.3679
0202-02-11_06:54:23.875000      32756.44        5.30334700e-01        2.57993510e-08  39.9604  39.3679
0202-02-11_06:54:24.074000      32756.64        5.39595700e-01        2.41878910e-08  39.9654  39.3704
0202-02-11_06:54:24.270000      32756.83        5.50036600e-01        2.40019510e-08  39.9654  39.3704
0202-02-11_06:54:24.465000      32757.03        5.59897200e-01        2.51175810e-08  39.9654  39.3704
0202-02-11_06:54:24.660000      32757.22        5.69219100e-01        2.13368510e-08  39.9654  39.3704
0202-02-11_06:54:24.860000      32757.42        5.79708300e-01        3.00759110e-08  39.9654  39.3704
0202-02-11_06:54:25.066000      32757.63        5.89641600e-01        2.03451810e-08  39.9780  39.3707
0202-02-11_06:54:25.270000      32757.83        5.99065900e-01        2.22665410e-08  39.9780  39.3707
0202-02-11_06:54:25.473000      32758.03        6.09358400e-01        2.35681010e-08  39.9780  39.3707
0202-02-11_06:54:25.676000      32758.24        6.19625600e-01        3.29269510e-08  39.9780  39.3707
0202-02-11_06:54:25.880000      32758.44        6.28978700e-01        3.72654910e-08  39.9780  39.3707
0202-02-11_06:54:26.086000      32758.65        6.39349800e-01        3.69555910e-08  39.9833  39.3731
0202-02-11_06:54:26.290000      32758.85        6.49076800e-01        2.37540410e-08  39.9833  39.3731
0202-02-11_06:54:26.480000      32759.04        6.58582400e-01        3.21832010e-08  39.9833  39.3731
0202-02-11_06:54:26.676000      32759.24        6.69033700e-01        2.52415410e-08  39.9833  39.3731
0202-02-11_06:54:26.880000      32759.44        6.78803700e-01        3.06337210e-08  39.9833  39.3731
0202-02-11_06:54:27.094000      32759.65        6.88360100e-01        2.67910110e-08  39.9833  39.3731
0202-02-11_06:54:27.310000      32759.87        6.98759400e-01        3.88149710e-08  39.9770  39.3682
0202-02-11_06:54:27.500000      32760.06        7.08179200e-01        2.85884110e-08  39.9770  39.3682
0202-02-11_06:54:27.703000      32760.27        7.18023500e-01        3.10056010e-08  39.9770  39.3682
0202-02-11_06:54:27.900000      32760.46        7.28436200e-01        1.56347710e-08  39.9770  39.3682
0202-02-11_06:54:28.105000      32760.67        7.38418500e-01        3.06957010e-08  39.9627  39.3712
0202-02-11_06:54:28.300000      32760.86        7.47917000e-01        3.40439510e-08  39.9627  39.3712
0202-02-11_06:54:28.492000      32761.05        7.58347500e-01        3.19996610e-08  39.9627  39.3712
0202-02-11_06:54:28.688000      32761.25        7.68123500e-01        3.03892310e-08  39.9627  39.3712
0202-02-11_06:54:28.895000      32761.45        7.77492800e-01        2.03486010e-08  39.9627  39.3712
0202-02-11_06:54:29.105000      32761.67        7.88048000e-01        2.68564110e-08  39.9666  39.3722
0202-02-11_06:54:29.316000      32761.88        7.97553900e-01        2.53069310e-08  39.9666  39.3722
0202-02-11_06:54:29.520000      32762.08        8.07721700e-01        1.79314110e-08  39.9666  39.3722
0202-02-11_06:54:29.723000      32762.28        8.17785000e-01        1.99767210e-08  39.9666  39.3722
0202-02-11_06:54:29.914000      32762.48        8.27322000e-01        3.07611010e-08  39.9666  39.3722
0202-02-11_06:54:30.130000      32762.69        8.37225700e-01        3.66491210e-08  39.9640  39.3667
0202-02-11_06:54:30.324000      32762.88        8.47887700e-01        4.34048510e-08  39.9640  39.3667
0202-02-11_06:54:30.516000      32763.08        8.57559800e-01        3.58433910e-08  39.9640  39.3667
0202-02-11_06:54:30.720000      32763.28        8.66427500e-01        3.73308910e-08  39.9640  39.3667
0202-02-11_06:54:30.910000      32763.47        8.77451700e-01        3.33642310e-08  39.9640  39.3667
0202-02-11_06:54:31.117000      32763.68        8.87293000e-01        4.27230810e-08  39.9561  39.3651
0202-02-11_06:54:31.312000      32763.87        8.96242800e-01        3.83845410e-08  39.9561  39.3651
0202-02-11_06:54:31.516000      32764.08        9.07097700e-01        3.18767310e-08  39.9561  39.3651
0202-02-11_06:54:31.723000      32764.28        9.16839600e-01        3.45418310e-08  39.9561  39.3651
0202-02-11_06:54:31.920000      32764.48        9.26602200e-01        4.32808910e-08  39.9561  39.3651
0202-02-11_06:54:32.130000      32764.69        9.36752200e-01        5.28256910e-08  39.9654  39.3630
0202-02-11_06:54:32.330000      32764.89        9.47047700e-01        5.87137110e-08  39.9654  39.3630
0202-02-11_06:54:32.530000      32765.09        9.56514900e-01        5.56147510e-08  39.9654  39.3630
0202-02-11_06:54:32.723000      32765.28        9.66538800e-01        5.45611010e-08  39.9654  39.3630
0202-02-11_06:54:32.914000      32765.48        9.76507300e-01        5.85897510e-08  39.9654  39.3630
0202-02-11_06:54:33.125000      32765.69        9.86149700e-01        5.48090210e-08  39.9586  39.3702
0202-02-11_06:54:33.320000      32765.88        9.96034000e-01        5.26397510e-08  39.9586  39.3702
0202-02-11_06:54:33.510000      32766.07        1.00625500e+00        4.99746410e-08  39.9586  39.3702
0202-02-11_06:54:33.710000      32766.27        1.01649100e+00        4.50163110e-08  39.9586  39.3702
0202-02-11_06:54:33.902000      32766.46        1.02561100e+00        5.10282910e-08  39.9586  39.3702
0202-02-11_06:54:34.110000      32766.67        1.03622700e+00        4.11736910e-08  39.9690  39.3709
0202-02-11_06:54:34.310000      32766.87        1.04585200e+00        4.71860110e-08  39.9690  39.3709
0202-02-11_06:54:34.500000      32767.06        1.05557100e+00        4.43352210e-08  39.9690  39.3709
0202-02-11_06:54:34.690000      32767.25        1.06623400e+00        5.41900810e-08  39.9690  39.3709
0202-02-11_06:54:34.900000      32767.46        1.07591100e+00        5.27645610e-08  39.9690  39.3709
0202-02-11_06:54:35.110000      32767.67        1.08538900e+00        5.68551910e-08  39.9799  39.3745
0202-02-11_06:54:35.312000      32767.87        1.09568400e+00        5.89624810e-08  39.9799  39.3745
0202-02-11_06:54:35.508000      32768.07        1.10498400e+00        5.58015410e-08  39.9799  39.3745
0202-02-11_06:54:35.700000      32768.26        1.11487200e+00        5.82807110e-08  39.9799  39.3745
0202-02-11_06:54:35.902000      32768.46        1.12538600e+00        5.08432110e-08  39.9799  39.3745
0202-02-11_06:54:36.105000      32768.67        1.13523300e+00        5.62973710e-08  39.9918  39.3776
0202-02-11_06:54:36.316000      32768.88        1.14486500e+00        4.65046610e-08  39.9918  39.3776
0202-02-11_06:54:36.516000      32769.08        1.15531400e+00        5.45619610e-08  39.9918  39.3776
0202-02-11_06:54:36.710000      32769.27        1.16479200e+00        5.47478910e-08  39.9918  39.3776
0202-02-11_06:54:36.910000      32769.47        1.17456800e+00        6.13796710e-08  39.9918  39.3776
0202-02-11_06:54:37.110000      32769.67        1.18504500e+00        5.81567510e-08  39.9838  39.3693
0202-02-11_06:54:37.316000      32769.88        1.19516800e+00        5.85286210e-08  39.9838  39.3693
0202-02-11_06:54:37.508000      32770.07        1.20438900e+00        5.60494610e-08  39.9838  39.3693
0202-02-11_06:54:37.703000      32770.26        1.21454700e+00        5.88385210e-08  39.9838  39.3693
0202-02-11_06:54:37.910000      32770.47        1.22453100e+00        5.83426910e-08  39.9838  39.3693
0202-02-11_06:54:38.113000      32770.67        1.23377700e+00        5.52437310e-08  39.9616  39.3671
0202-02-11_06:54:38.312000      32770.87        1.24458200e+00        4.72484110e-08  39.9616  39.3671
0202-02-11_06:54:38.504000      32771.06        1.25412500e+00        5.42520610e-08  39.9616  39.3671
0202-02-11_06:54:38.695000      32771.26        1.26327200e+00        5.44999810e-08  39.9616  39.3671
0202-02-11_06:54:38.890000      32771.45        1.27413000e+00        5.40661210e-08  39.9616  39.3671
0202-02-11_06:54:39.100000      32771.66        1.28399300e+00        4.89838310e-08  39.9615  39.3629
0202-02-11_06:54:39.300000      32771.86        1.29333700e+00        4.67525810e-08  39.9615  39.3629
0202-02-11_06:54:39.504000      32772.06        1.30416100e+00        6.03880010e-08  39.9615  39.3629
0202-02-11_06:54:39.695000      32772.26        1.31396200e+00        5.98921710e-08  39.9615  39.3629
0202-02-11_06:54:39.887000      32772.45        1.32259100e+00        6.00781010e-08  39.9615  39.3629
0202-02-11_06:54:40.110000      32772.67        1.33378300e+00        4.48308410e-08  39.9615  39.3629
0202-02-11_06:54:40.305000      32772.87        1.34366300e+00        3.94371010e-08  39.9629  39.3658
0202-02-11_06:54:40.510000      32773.07        1.35267700e+00        3.57787810e-08  39.9629  39.3658
0202-02-11_06:54:40.703000      32773.26        1.36371100e+00        2.99523510e-08  39.9629  39.3658
0202-02-11_06:54:40.895000      32773.46        1.37332800e+00        2.98903710e-08  39.9629  39.3658
0202-02-11_06:54:41.110000      32773.67        1.38318600e+00        3.32992310e-08  39.9629  39.3658
0202-02-11_06:54:41.312000      32773.87        1.39337700e+00        3.03862110e-08  39.9629  39.3679
0202-02-11_06:54:41.520000      32774.08        1.40342500e+00        3.61502710e-08  39.9629  39.3679
0202-02-11_06:54:41.720000      32774.28        1.41231300e+00        3.04481810e-08  39.9629  39.3679
0202-02-11_06:54:41.920000      32774.48        1.42314200e+00        4.31539110e-08  39.9629  39.3679
0202-02-11_06:54:42.130000      32774.69        1.43305700e+00        5.07773410e-08  39.9645  39.3708
0202-02-11_06:54:42.332000      32774.89        1.44267400e+00        5.45580710e-08  39.9645  39.3708
0202-02-11_06:54:42.523000      32775.08        1.45287500e+00        5.12112010e-08  39.9645  39.3708
0202-02-11_06:54:42.715000      32775.28        1.46297900e+00        4.69966210e-08  39.9645  39.3708
0202-02-11_06:54:42.906000      32775.47        1.47191600e+00        5.53018210e-08  39.9645  39.3708
0202-02-11_06:54:43.110000      32775.67        1.48276800e+00        4.41455710e-08  39.9736  39.3761
0202-02-11_06:54:43.300000      32775.86        1.49285000e+00        4.37117210e-08  39.9736  39.3761
0202-02-11_06:54:43.496000      32776.06        1.50161200e+00        2.38164210e-08  39.9736  39.3761
0202-02-11_06:54:43.688000      32776.25        1.51281600e+00        3.21836010e-08  39.9736  39.3761
0202-02-11_06:54:43.883000      32776.44        1.52288900e+00        3.62742210e-08  39.9736  39.3761
0202-02-11_06:54:44.098000      32776.66        1.53214000e+00        4.93518210e-08  39.9811  39.3746
0202-02-11_06:54:44.312000      32776.87        1.54251900e+00        5.30705710e-08  39.9811  39.3746
0202-02-11_06:54:44.516000      32777.07        1.55238400e+00        4.86700510e-08  39.9811  39.3746
0202-02-11_06:54:44.715000      32777.28        1.56185100e+00        5.33804710e-08  39.9811  39.3746
0202-02-11_06:54:44.918000      32777.48        1.57215400e+00        5.73471310e-08  39.9811  39.3746
0202-02-11_06:54:45.117000      32777.68        1.58219300e+00        5.42481710e-08  39.9768  39.3730
0202-02-11_06:54:45.320000      32777.88        1.59114500e+00        4.27820310e-08  39.9768  39.3730
0202-02-11_06:54:45.516000      32778.07        1.60197500e+00        5.12731810e-08  39.9768  39.3730
0202-02-11_06:54:45.707000      32778.27        1.61185600e+00        4.97856810e-08  39.9768  39.3730
0202-02-11_06:54:45.910000      32778.47        1.62171900e+00        5.70372410e-08  39.9768  39.3730
0202-02-11_06:54:46.113000      32778.67        1.63140600e+00        4.79271910e-08  39.9650  39.3701
0202-02-11_06:54:46.305000      32778.87        1.64180000e+00        4.51390110e-08  39.9650  39.3701
0202-02-11_06:54:46.510000      32779.07        1.65123900e+00        4.69995710e-08  39.9650  39.3701
0202-02-11_06:54:46.703000      32779.26        1.64699700e+00        5.13381110e-08  39.9650  39.3701
0202-02-11_06:54:46.900000      32779.46        1.67120500e+00        5.35073810e-08  39.9650  39.3701
0202-02-11_06:54:47.110000      32779.67        1.68116000e+00        6.05110310e-08  39.9552  39.3634
0202-02-11_06:54:47.310000      32779.87        1.69127000e+00        6.46016510e-08  39.9552  39.3634
0202-02-11_06:54:47.508000      32780.07        1.70148800e+00        7.56339510e-08  39.9552  39.3634
0202-02-11_06:54:47.703000      32780.26        1.71049300e+00        7.04277010e-08  39.9552  39.3634
0202-02-11_06:54:47.895000      32780.46        1.72058000e+00        6.65230110e-08  39.9552  39.3634
0202-02-11_06:54:48.110000      32780.67        1.73112200e+00        5.67922810e-08  39.9499  39.3662
0202-02-11_06:54:48.310000      32780.87        1.74072300e+00        6.79485310e-08  39.9499  39.3662
0202-02-11_06:54:48.516000      32781.08        1.75071400e+00        5.98912410e-08  39.9499  39.3662
0202-02-11_06:54:48.710000      32781.27        1.76077400e+00        6.46636310e-08  39.9499  39.3662
0202-02-11_06:54:48.914000      32781.47        1.77083300e+00        6.06969710e-08  39.9499  39.3662
0202-02-11_06:54:49.120000      32781.68        1.78018000e+00        6.26183210e-08  39.9540  39.3638
0202-02-11_06:54:49.312000      32781.87        1.79059300e+00        6.65230110e-08  39.9540  39.3638
0202-02-11_06:54:49.520000      32782.08        1.80062700e+00        6.90641610e-08  39.9540  39.3638
0202-02-11_06:54:49.710000      32782.27        1.80991500e+00        6.19985310e-08  39.9540  39.3638
0202-02-11_06:54:49.902000      32782.46        1.82049900e+00        6.16886310e-08  39.9540  39.3638
0202-02-11_06:54:50.110000      32782.67        1.83064800e+00        5.78459210e-08  39.9703  39.3675
0202-02-11_06:54:50.300000      32782.86        1.83961100e+00        6.80105110e-08  39.9703  39.3675
0202-02-11_06:54:50.492000      32783.05        1.85003600e+00        6.74527010e-08  39.9703  39.3675
0202-02-11_06:54:50.700000      32783.26        1.86020900e+00        6.68948810e-08  39.9703  39.3675
0202-02-11_06:54:50.890000      32783.45        1.86927800e+00        6.24323810e-08  39.9703  39.3675
0202-02-11_06:54:51.100000      32783.66        1.87999400e+00        5.92094710e-08  39.9678  39.3722
0202-02-11_06:54:51.300000      32783.86        1.88997600e+00        7.28448810e-08  39.9678  39.3722
0202-02-11_06:54:51.492000      32784.05        1.89966400e+00        8.42490510e-08  39.9678  39.3722
0202-02-11_06:54:51.695000      32784.25        1.90966400e+00        8.16459310e-08  39.9678  39.3722
0202-02-11_06:54:51.887000      32784.45        1.91953700e+00        7.76172810e-08  39.9678  39.3722
0202-02-11_06:54:52.098000      32784.66        1.92869400e+00        7.30314610e-08  39.9678  39.3722
0202-02-11_06:54:52.300000      32784.86        1.93995700e+00        7.92302310e-08  39.9689  39.3687
0202-02-11_06:54:52.492000      32785.05        1.94970800e+00        7.14214910e-08  39.9689  39.3687
0202-02-11_06:54:52.700000      32785.26        1.95877700e+00        5.92735710e-08  39.9689  39.3687
0202-02-11_06:54:52.890000      32785.45        1.96939300e+00        6.16907610e-08  39.9689  39.3687
0202-02-11_06:54:53.094000      32785.65        1.97976700e+00        6.85704510e-08  39.9861  39.3767
0202-02-11_06:54:53.297000      32785.86        1.98899000e+00        7.32188910e-08  39.9861  39.3767
0202-02-11_06:54:53.490000      32786.05        1.99923800e+00        7.79293110e-08  39.9861  39.3767
0202-02-11_06:54:53.680000      32786.24        2.00916100e+00        6.85084710e-08  39.9861  39.3767
0202-02-11_06:54:53.887000      32786.45        2.01887200e+00        7.30949310e-08  39.9861  39.3767
0202-02-11_06:54:54.098000      32786.66        2.02865100e+00        7.30329510e-08  39.9861  39.3767
0202-02-11_06:54:54.310000      32786.87        2.03904400e+00        7.89829510e-08  39.9779  39.3710
0202-02-11_06:54:54.500000      32787.06        2.04882300e+00        7.29089910e-08  39.9779  39.3710
0202-02-11_06:54:54.703000      32787.26        2.05885400e+00        6.91282610e-08  39.9779  39.3710
0202-02-11_06:54:54.895000      32787.46        2.06882900e+00        7.35287810e-08  39.9779  39.3710
0202-02-11_06:54:55.100000      32787.66        2.07841500e+00        7.48303510e-08  39.9667  39.3701
0202-02-11_06:54:55.310000      32787.87        2.08860200e+00        8.17100410e-08  39.9667  39.3701
0202-02-11_06:54:55.500000      32788.06        2.09824800e+00        7.55741010e-08  39.9667  39.3701
0202-02-11_06:54:55.690000      32788.25        2.10823700e+00        8.02225410e-08  39.9667  39.3701
0202-02-11_06:54:55.887000      32788.45        2.11800800e+00        7.76813910e-08  39.9667  39.3701
0202-02-11_06:54:56.110000      32788.67        2.12852800e+00        7.62558710e-08  39.9599  39.3691
0202-02-11_06:54:56.316000      32788.88        2.13802500e+00        7.92308710e-08  39.9599  39.3691
0202-02-11_06:54:56.520000      32789.08        2.14832500e+00        6.88183710e-08  39.9599  39.3691
0202-02-11_06:54:56.715000      32789.27        2.15825300e+00        7.75574310e-08  39.9599  39.3691
0202-02-11_06:54:56.918000      32789.48        2.16769000e+00        8.17720210e-08  39.9599  39.3691
0202-02-11_06:54:57.120000      32789.68        2.17803900e+00        8.56767110e-08  39.9605  39.3642
0202-02-11_06:54:57.330000      32789.89        2.18789100e+00        8.59866010e-08  39.9605  39.3642
0202-02-11_06:54:57.520000      32790.08        2.19699900e+00        6.75787810e-08  39.9605  39.3642
0202-02-11_06:54:57.715000      32790.27        2.20766200e+00        7.46444110e-08  39.9605  39.3642
0202-02-11_06:54:57.918000      32790.48        2.21755900e+00        6.88803410e-08  39.9605  39.3642
0202-02-11_06:54:58.117000      32790.68        2.22710200e+00        8.20824110e-08  39.9528  39.3694
0202-02-11_06:54:58.310000      32790.87        2.23720300e+00        7.71864310e-08  39.9528  39.3694
0202-02-11_06:54:58.510000      32791.07        2.24726500e+00        6.88815910e-08  39.9528  39.3694
0202-02-11_06:54:58.703000      32791.26        2.25737800e+00        7.13607610e-08  39.9528  39.3694
0202-02-11_06:54:58.895000      32791.46        2.26631800e+00        7.79305510e-08  39.9528  39.3694
0202-02-11_06:54:59.098000      32791.66        2.27729800e+00        8.79092110e-08  39.9662  39.3659
0202-02-11_06:54:59.297000      32791.86        2.28743900e+00        8.83430610e-08  39.9662  39.3659
0202-02-11_06:54:59.490000      32792.05        2.29694800e+00        7.84263910e-08  39.9662  39.3659
0202-02-11_06:54:59.680000      32792.24        2.30714800e+00        8.51821210e-08  39.9662  39.3659
0202-02-11_06:54:59.887000      32792.45        2.31709200e+00        8.27029510e-08  39.9662  39.3659
0202-02-11_06:55:00.100000      32792.66        2.32676300e+00        8.17732610e-08  39.9699  39.3703
0202-02-11_06:55:00.310000      32792.87        2.33700200e+00        7.40878410e-08  39.9699  39.3703
0202-02-11_06:55:00.510000      32793.07        2.34665900e+00        7.22284710e-08  39.9699  39.3703
0202-02-11_06:55:00.703000      32793.26        2.35657100e+00        7.40258610e-08  39.9699  39.3703
0202-02-11_06:55:00.900000      32793.46        2.36677500e+00        8.26409710e-08  39.9699  39.3703
0202-02-11_06:55:01.110000      32793.67        2.37679400e+00        8.26409710e-08  39.9786  39.3685
0202-02-11_06:55:01.305000      32793.87        2.38653800e+00        8.72274410e-08  39.9786  39.3685
0202-02-11_06:55:01.510000      32794.07        2.39653300e+00        8.20211810e-08  39.9786  39.3685
0202-02-11_06:55:01.703000      32794.26        2.40601600e+00        7.31581510e-08  39.9786  39.3685
0202-02-11_06:55:01.900000      32794.46        2.41579500e+00        6.12581510e-08  39.9786  39.3685
0202-02-11_06:55:02.110000      32794.67        2.42598300e+00        6.27456510e-08  39.9783  39.3697
0202-02-11_06:55:02.305000      32794.87        2.43587600e+00        6.67123210e-08  39.9783  39.3697
0202-02-11_06:55:02.508000      32795.07        2.44580200e+00        7.91701410e-08  39.9783  39.3697
0202-02-11_06:55:02.710000      32795.27        2.45627000e+00        7.73107610e-08  39.9783  39.3697
0202-02-11_06:55:02.914000      32795.47        2.46564100e+00        7.39638810e-08  39.9783  39.3697
0202-02-11_06:55:03.117000      32795.68        2.47551900e+00        7.34060710e-08  39.9641  39.3707
0202-02-11_06:55:03.310000      32795.87        2.48575400e+00        7.23524210e-08  39.9641  39.3707
0202-02-11_06:55:03.516000      32796.08        2.49579800e+00        7.45217010e-08  39.9641  39.3707
0202-02-11_06:55:03.710000      32796.27        2.50489700e+00        7.06170110e-08  39.9641  39.3707
0202-02-11_06:55:03.906000      32796.47        2.51576500e+00        7.02451510e-08  39.9641  39.3707
0202-02-11_06:55:04.113000      32796.68        2.52560000e+00        7.22905510e-08  39.9692  39.3670
0202-02-11_06:55:04.310000      32796.87        2.53452600e+00        7.76208210e-08  39.9692  39.3670
0202-02-11_06:55:04.500000      32797.06        2.54532500e+00        7.54515910e-08  39.9692  39.3670
0202-02-11_06:55:04.707000      32797.27        2.55536600e+00        7.70010710e-08  39.9692  39.3670
0202-02-11_06:55:04.900000      32797.46        2.56477300e+00        6.65265810e-08  39.9692  39.3670
0202-02-11_06:55:05.100000      32797.66        2.57465300e+00        6.39234610e-08  39.9682  39.3646
0202-02-11_06:55:05.300000      32797.86        2.58536400e+00        6.58448110e-08  39.9682  39.3646
0202-02-11_06:55:05.496000      32798.06        2.59533200e+00        7.64432610e-08  39.9682  39.3646
0202-02-11_06:55:05.688000      32798.25        2.60491900e+00        7.33443010e-08  39.9682  39.3646
0202-02-11_06:55:05.890000      32798.45        2.61429900e+00        7.29724210e-08  39.9682  39.3646
0202-02-11_06:55:06.105000      32798.67        2.62494700e+00        6.47291910e-08  39.9533  39.3697
0202-02-11_06:55:06.316000      32798.88        2.63439500e+00        6.67125210e-08  39.9533  39.3697
0202-02-11_06:55:06.508000      32799.07        2.64457300e+00        6.70844010e-08  39.9533  39.3697
0202-02-11_06:55:06.710000      32799.27        2.65470700e+00        7.07411710e-08  39.9533  39.3697
0202-02-11_06:55:06.902000      32799.46        2.66435800e+00        7.54515910e-08  39.9533  39.3697
0202-02-11_06:55:07.113000      32799.67        2.67429100e+00        7.49557510e-08  39.9565  39.3664
0202-02-11_06:55:07.305000      32799.87        2.68487900e+00        7.53896110e-08  39.9565  39.3664
0202-02-11_06:55:07.500000      32800.06        2.69455300e+00        6.08864710e-08  39.9565  39.3664
0202-02-11_06:55:07.703000      32800.27        2.70342800e+00        5.35729310e-08  39.9565  39.3664
0202-02-11_06:55:07.900000      32800.46        2.71421300e+00        5.65479310e-08  39.9565  39.3664
0202-02-11_06:55:08.094000      32800.66        2.72398700e+00        5.85312610e-08  39.9671  39.3699
0202-02-11_06:55:08.293000      32800.85        2.73373500e+00        6.59067910e-08  39.9671  39.3699
0202-02-11_06:55:08.484000      32801.05        2.74404900e+00        4.61354210e-08  39.9671  39.3699
0202-02-11_06:55:08.676000      32801.24        2.75000200e+00        5.10317810e-08  39.9671  39.3699
0202-02-11_06:55:08.883000      32801.44        2.76341300e+00        5.59281410e-08  39.9671  39.3699
0202-02-11_06:55:09.082000      32801.64        2.77347400e+00        6.10724110e-08  39.9546  39.3683
0202-02-11_06:55:09.293000      32801.85        2.78359100e+00        5.87791810e-08  39.9546  39.3683
0202-02-11_06:55:09.490000      32802.05        2.79268200e+00        5.80354310e-08  39.9546  39.3683
0202-02-11_06:55:09.680000      32802.24        2.80365300e+00        6.65265810e-08  39.9546  39.3683
0202-02-11_06:55:09.883000      32802.44        2.81343700e+00        7.17326410e-08  39.9546  39.3683
0202-02-11_06:55:10.082000      32802.64        2.82317600e+00        6.42324010e-08  39.9681  39.3683
0202-02-11_06:55:10.290000      32802.85        2.83310400e+00        6.35500510e-08  39.9681  39.3683
0202-02-11_06:55:10.490000      32803.05        2.84336400e+00        6.16283110e-08  39.9681  39.3683
0202-02-11_06:55:10.684000      32803.24        2.85295800e+00        6.65246710e-08  39.9681  39.3683
0202-02-11_06:55:10.890000      32803.45        2.86274100e+00        7.21647810e-08  39.9681  39.3683
0202-02-11_06:55:11.094000      32803.66        2.87326500e+00        7.98502010e-08  39.9689  39.3689
0202-02-11_06:55:11.293000      32803.85        2.88319700e+00        7.52637310e-08  39.9689  39.3689
0202-02-11_06:55:11.484000      32804.05        2.89238900e+00        7.21028010e-08  39.9689  39.3689
0202-02-11_06:55:11.680000      32804.24        2.90289000e+00        6.65866510e-08  39.9689  39.3689
0202-02-11_06:55:11.870000      32804.43        2.91279800e+00        6.97475910e-08  39.9689  39.3689
0202-02-11_06:55:12.080000      32804.64        2.92243100e+00        6.75163410e-08  39.9689  39.3689
0202-02-11_06:55:12.277000      32804.84        2.93245700e+00        6.93137310e-08  39.9708  39.3657
0202-02-11_06:55:12.473000      32805.03        2.94265400e+00        7.73090510e-08  39.9708  39.3657
0202-02-11_06:55:12.670000      32805.23        2.95230100e+00        8.64199910e-08  39.9708  39.3657
0202-02-11_06:55:12.863000      32805.42        2.96211300e+00        8.13996710e-08  39.9708  39.3657
0202-02-11_06:55:13.080000      32805.64        2.97234300e+00        8.56762410e-08  39.9708  39.3657
0202-02-11_06:55:13.277000      32805.84        2.98220800e+00        8.64819710e-08  39.9655  39.3659
0202-02-11_06:55:13.470000      32806.03        2.99185900e+00        9.98074910e-08  39.9655  39.3659
0202-02-11_06:55:13.670000      32806.23        3.00173900e+00        9.97455210e-08  39.9655  39.3659
0202-02-11_06:55:13.867000      32806.43        3.01207900e+00        1.06067391e-07  39.9655  39.3659
0202-02-11_06:55:14.066000      32806.63        3.02104300e+00        1.03154371e-07  39.9655  39.3659
0202-02-11_06:55:14.270000      32806.83        3.03221400e+00        1.15364271e-07  39.9661  39.3667
0202-02-11_06:55:14.460000      32807.02        3.04202900e+00        1.15240311e-07  39.9661  39.3667
0202-02-11_06:55:14.656000      32807.22        3.05061100e+00        1.25218961e-07  39.9661  39.3667
0202-02-11_06:55:14.860000      32807.42        3.06167800e+00        1.23545521e-07  39.9661  39.3667
0202-02-11_06:55:15.066000      32807.63        3.07174900e+00        1.25528861e-07  39.9661  39.3667
0202-02-11_06:55:15.273000      32807.83        3.08107800e+00        1.31788761e-07  39.9743  39.3658
0202-02-11_06:55:15.465000      32808.03        3.09157600e+00        1.44184601e-07  39.9743  39.3658
0202-02-11_06:55:15.660000      32808.22        3.10143600e+00        1.56270541e-07  39.9743  39.3658
0202-02-11_06:55:15.850000      32808.41        3.11042000e+00        1.58625181e-07  39.9743  39.3658
0202-02-11_06:55:16.066000      32808.63        3.12138900e+00        1.69035421e-07  39.9743  39.3658
0202-02-11_06:55:16.266000      32808.82        3.13078300e+00        1.82111321e-07  39.9686  39.3670
0202-02-11_06:55:16.465000      32809.03        3.14096100e+00        1.94444051e-07  39.9686  39.3670
0202-02-11_06:55:16.660000      32809.22        3.15094200e+00        1.99588311e-07  39.9686  39.3670
0202-02-11_06:55:16.850000      32809.41        3.16065000e+00        2.01633621e-07  39.9686  39.3670
0202-02-11_06:55:17.094000      32809.66        3.17102000e+00        2.19855491e-07  39.9686  39.3670
0202-02-11_06:55:17.310000      32809.87        3.18084900e+00        2.31817461e-07  39.9576  39.3691
0202-02-11_06:55:17.504000      32810.06        3.19034100e+00        2.42973701e-07  39.9576  39.3691
0202-02-11_06:55:17.695000      32810.26        3.19993400e+00        2.46816411e-07  39.9576  39.3691
0202-02-11_06:55:17.900000      32810.46        3.21038200e+00        2.59584111e-07  39.9576  39.3691
0202-02-11_06:55:18.105000      32810.67        3.22055500e+00        2.79479411e-07  39.9730  39.3685
0202-02-11_06:55:18.312000      32810.87        3.23008300e+00        2.89829921e-07  39.9730  39.3685
0202-02-11_06:55:18.504000      32811.07        3.24036300e+00        3.12762201e-07  39.9730  39.3685
0202-02-11_06:55:18.707000      32811.27        3.25031700e+00        3.27079381e-07  39.9730  39.3685
0202-02-11_06:55:18.906000      32811.47        3.25971800e+00        3.74555391e-07  39.9730  39.3685
0202-02-11_06:55:19.105000      32811.67        3.27056400e+00        3.88128821e-07  39.9605  39.3667
0202-02-11_06:55:19.312000      32811.87        3.28036600e+00        4.19366301e-07  39.9605  39.3667
0202-02-11_06:55:19.504000      32812.07        3.28964800e+00        4.22651201e-07  39.9605  39.3667
0202-02-11_06:55:19.700000      32812.26        3.29994500e+00        4.49302221e-07  39.9605  39.3667
0202-02-11_06:55:19.902000      32812.46        3.31002500e+00        4.71490751e-07  39.9605  39.3667
0202-02-11_06:55:20.113000      32812.67        3.31906200e+00        5.06570941e-07  39.9475  39.3700
0202-02-11_06:55:20.324000      32812.89        3.32994800e+00        5.33407901e-07  39.9475  39.3700
0202-02-11_06:55:20.520000      32813.08        3.33943100e+00        5.71896941e-07  39.9475  39.3700
0202-02-11_06:55:20.710000      32813.27        3.34887800e+00        6.10447961e-07  39.9475  39.3700
0202-02-11_06:55:20.914000      32813.47        3.35932300e+00        6.41003671e-07  39.9475  39.3700
0202-02-11_06:55:21.117000      32813.68        3.36965400e+00        6.96227071e-07  39.9717  39.3683
0202-02-11_06:55:21.324000      32813.88        3.37912400e+00        7.21328621e-07  39.9717  39.3683
0202-02-11_06:55:21.527000      32814.09        3.38956700e+00        7.72771301e-07  39.9717  39.3683
0202-02-11_06:55:21.727000      32814.29        3.39943600e+00        8.15041061e-07  39.9717  39.3683
0202-02-11_06:55:21.930000      32814.49        3.40878900e+00        8.82783731e-07  39.9717  39.3683
0202-02-11_06:55:22.130000      32814.69        3.41928800e+00        9.28337881e-07  39.9749  39.3678
0202-02-11_06:55:22.340000      32814.90        3.42905700e+00        9.94097041e-07  39.9749  39.3678
0202-02-11_06:55:22.530000      32815.09        3.43857900e+00        1.04733709e-06  39.9749  39.3678
0202-02-11_06:55:22.727000      32815.29        3.44900200e+00        1.11359276e-06  39.9749  39.3678
0202-02-11_06:55:22.930000      32815.49        3.45888400e+00        1.19788436e-06  39.9749  39.3678
0202-02-11_06:55:23.130000      32815.69        3.46856600e+00        1.25608274e-06  39.9616  39.3708
0202-02-11_06:55:23.320000      32815.88        3.47874600e+00        1.32487956e-06  39.9616  39.3708
0202-02-11_06:55:23.527000      32816.09        3.48889400e+00        1.42268260e-06  39.9616  39.3708
0202-02-11_06:55:23.720000      32816.28        3.49810900e+00        1.50387523e-06  39.9616  39.3708
0202-02-11_06:55:23.910000      32816.47        3.50862300e+00        1.57849808e-06  39.9616  39.3708
0202-02-11_06:55:24.125000      32816.69        3.51860100e+00        1.68882090e-06  39.9674  39.3684
0202-02-11_06:55:24.320000      32816.88        3.52786900e+00        1.78519842e-06  39.9674  39.3684
0202-02-11_06:55:24.520000      32817.08        3.53848500e+00        1.85188795e-06  39.9674  39.3684
0202-02-11_06:55:24.715000      32817.27        3.54812000e+00        1.98415137e-06  39.9674  39.3684
0202-02-11_06:55:24.906000      32817.47        3.55793800e+00        2.08443357e-06  39.9674  39.3684
0202-02-11_06:55:25.105000      32817.67        3.56822000e+00        2.19742149e-06  39.9688  39.3689
0202-02-11_06:55:25.305000      32817.86        3.57833600e+00        2.35807135e-06  39.9688  39.3689
0202-02-11_06:55:25.496000      32818.06        3.58754200e+00        2.48543843e-06  39.9688  39.3689
0202-02-11_06:55:25.688000      32818.25        3.59777800e+00        2.61745394e-06  39.9688  39.3689
0202-02-11_06:55:25.887000      32818.45        3.60757100e+00        2.79675951e-06  39.9688  39.3689
0202-02-11_06:55:26.086000      32818.65        3.61741600e+00        2.94873229e-06  39.9688  39.3689
0202-02-11_06:55:26.312000      32818.87        3.62760600e+00        3.10132486e-06  39.9658  39.3679
0202-02-11_06:55:26.504000      32819.07        3.63787800e+00        3.31131009e-06  39.9658  39.3679
0202-02-11_06:55:26.707000      32819.27        3.64647700e+00        3.46489433e-06  39.9658  39.3679
0202-02-11_06:55:26.910000      32819.47        3.65736900e+00        3.68566392e-06  39.9658  39.3679
0202-02-11_06:55:27.117000      32819.68        3.66717400e+00        3.86348199e-06  39.9508  39.3636
0202-02-11_06:55:27.316000      32819.88        3.67704500e+00        4.10848542e-06  39.9508  39.3636
0202-02-11_06:55:27.510000      32820.07        3.68742400e+00        4.29541442e-06  39.9508  39.3636
0202-02-11_06:55:27.710000      32820.27        3.69735300e+00        4.48692987e-06  39.9508  39.3636
0202-02-11_06:55:27.918000      32820.48        3.70673300e+00        4.77594114e-06  39.9508  39.3636
0202-02-11_06:55:28.133000      32820.69        3.71727400e+00        5.00142394e-06  39.9677  39.3705
0202-02-11_06:55:28.324000      32820.89        3.72684100e+00        5.30308004e-06  39.9677  39.3705
0202-02-11_06:55:28.520000      32821.08        3.73675200e+00        5.53717534e-06  39.9677  39.3705
0202-02-11_06:55:28.723000      32821.28        3.74676500e+00        5.77486544e-06  39.9677  39.3705
0202-02-11_06:55:28.914000      32821.47        3.75685200e+00        6.14233994e-06  39.9677  39.3705
0202-02-11_06:55:29.125000      32821.69        3.76606600e+00        6.42793994e-06  39.9648  39.3658
0202-02-11_06:55:29.324000      32821.89        3.77660300e+00        6.80359564e-06  39.9648  39.3658
0202-02-11_06:55:29.516000      32822.08        3.78651400e+00        7.10314094e-06  39.9648  39.3658
0202-02-11_06:55:29.723000      32822.28        3.79559900e+00        7.51375294e-06  39.9648  39.3658
0202-02-11_06:55:29.918000      32822.48        3.80666400e+00        7.85321274e-06  39.9648  39.3658
0202-02-11_06:55:30.120000      32822.68        3.81631600e+00        8.19645334e-06  39.9845  39.3748
0202-02-11_06:55:30.316000      32822.88        3.82587600e+00        8.66712314e-06  39.9845  39.3748
0202-02-11_06:55:30.520000      32823.08        3.83626000e+00        8.91386224e-06  39.9845  39.3748
0202-02-11_06:55:30.715000      32823.27        3.84575400e+00        9.46107624e-06  39.9845  39.3748
0202-02-11_06:55:30.906000      32823.47        3.85555400e+00        9.90435124e-06  39.9845  39.3748
0202-02-11_06:55:31.110000      32823.67        3.86621600e+00        1.03666537e-05  39.9778  39.3721
0202-02-11_06:55:31.310000      32823.87        3.87610700e+00        1.09650625e-05  39.9778  39.3721
0202-02-11_06:55:31.500000      32824.06        3.88502600e+00        1.14193078e-05  39.9778  39.3721
0202-02-11_06:55:31.690000      32824.25        3.89570300e+00        1.18969812e-05  39.9778  39.3721
0202-02-11_06:55:31.890000      32824.45        3.90552500e+00        1.32907066e-05  39.9778  39.3721
0202-02-11_06:55:32.090000      32824.65        3.91542000e+00        1.34170822e-05  39.9703  39.3702
0202-02-11_06:55:32.300000      32824.86        3.92531300e+00        1.37052853e-05  39.9703  39.3702
0202-02-11_06:55:32.496000      32825.06        3.93557800e+00        1.48075847e-05  39.9703  39.3702
0202-02-11_06:55:32.688000      32825.25        3.94434600e+00        1.50664096e-05  39.9703  39.3702
0202-02-11_06:55:32.895000      32825.46        3.95532000e+00        1.61211710e-05  39.9703  39.3702
0202-02-11_06:55:33.098000      32825.66        3.96547100e+00        1.74717589e-05  39.9757  39.3685
0202-02-11_06:55:33.300000      32825.86        3.97518300e+00        1.76294339e-05  39.9757  39.3685
0202-02-11_06:55:33.496000      32826.06        3.98500900e+00        1.90007848e-05  39.9757  39.3685
0202-02-11_06:55:33.688000      32826.25        3.99530300e+00        1.91127811e-05  39.9757  39.3685
0202-02-11_06:55:33.883000      32826.44        4.00427000e+00        2.06556244e-05  39.9757  39.3685