# Ic =  nan A, n =  nan , Tavg = 59.93 K, f28-60e19pm2-1200keV-0nA-60k-Afteranneal70k_peak
#datetime                        t_s     iHTS_A                vHTS_V                tHTS_K  tTAR_K
0202-03-09_16:52:33             60441.46        1.77074400e-02       -9.08645623e-08  59.9157  59.1152
0202-03-09_16:52:33.190000      60441.65        6.89850300e-03       -3.37850470e-07  59.9157  59.1152
0202-03-09_16:52:33.387000      60441.85        7.55300500e-03       -5.89484788e-07  59.9157  59.1152
0202-03-09_16:52:33.582000      60442.04        8.56073100e-03       -9.24542701e-07  59.9157  59.1152
0202-03-09_16:52:33.820000      60442.28        9.64266400e-03       -9.24232807e-07  59.9157  59.1152
0202-03-09_16:52:34.027000      60442.49        1.04678400e-02       -9.23674997e-07  59.9253  59.0920
0202-03-09_16:52:34.223000      60442.68        1.13189900e-02       -9.28137472e-07  59.9253  59.0920
0202-03-09_16:52:34.414000      60442.88        1.20447300e-02       -9.28261429e-07  59.9253  59.0920
0202-03-09_16:52:34.610000      60443.07        1.32587600e-02       -9.26092171e-07  59.9253  59.0920
0202-03-09_16:52:34.824000      60443.28        1.39726200e-02       -9.20080227e-07  59.9253  59.0920
0202-03-09_16:52:35.027000      60443.49        1.52697600e-02       -9.20328142e-07  59.9262  59.1072
0202-03-09_16:52:35.230000      60443.69        1.61216500e-02       -9.18158884e-07  59.9262  59.1072
0202-03-09_16:52:35.434000      60443.90        1.71516400e-02       -9.21567718e-07  59.9262  59.1072
0202-03-09_16:52:35.637000      60444.10        1.85274300e-02       -9.19584396e-07  59.9262  59.1072
0202-03-09_16:52:35.848000      60444.31        1.91541800e-02       -9.27269768e-07  59.9262  59.1072
0202-03-09_16:52:36.043000      60444.51        2.00090400e-02       -9.27951535e-07  59.9351  59.1147
0202-03-09_16:52:36.240000      60444.70        2.10954300e-02       -9.32352030e-07  59.9351  59.1147
0202-03-09_16:52:36.430000      60444.89        2.23703000e-02       -9.29439027e-07  59.9351  59.1147
0202-03-09_16:52:36.625000      60445.09        2.29090400e-02       -9.23551040e-07  59.9351  59.1147
0202-03-09_16:52:36.832000      60445.29        2.40013600e-02       -9.25472383e-07  59.9351  59.1147
0202-03-09_16:52:37.047000      60445.51        2.51233700e-02       -9.22869273e-07  59.9170  59.0939
0202-03-09_16:52:37.240000      60445.70        2.60064300e-02       -9.27765599e-07  59.9170  59.0939
0202-03-09_16:52:37.430000      60445.89        2.70173400e-02       -9.28881217e-07  59.9170  59.0939
0202-03-09_16:52:37.625000      60446.09        2.81942600e-02       -9.27951535e-07  59.9170  59.0939
0202-03-09_16:52:37.844000      60446.31        2.90209200e-02       -9.23179167e-07  59.9170  59.0939
0202-03-09_16:52:38.060000      60446.52        3.00568500e-02       -9.20885951e-07  59.9353  59.1052
0202-03-09_16:52:38.254000      60446.71        3.09933400e-02       -9.19956275e-07  59.9353  59.1052
0202-03-09_16:52:38.445000      60446.91        3.18452300e-02       -9.22063564e-07  59.9353  59.1052
0202-03-09_16:52:38.650000      60447.11        3.28588900e-02       -9.20080255e-07  59.9353  59.1052
0202-03-09_16:52:38.860000      60447.32        3.40343300e-02       -9.23303156e-07  59.9353  59.1052
0202-03-09_16:52:39.070000      60447.53        3.49069800e-02       -9.27455736e-07  59.9569  59.1185
0202-03-09_16:52:39.273000      60447.74        3.60646100e-02       -9.21133898e-07  59.9569  59.1185
0202-03-09_16:52:39.477000      60447.94        3.70515600e-02       -9.18034957e-07  59.9569  59.1185
0202-03-09_16:52:39.668000      60448.13        3.80370200e-02       -9.15555805e-07  59.9569  59.1185
0202-03-09_16:52:39.887000      60448.35        3.92599400e-02       -9.17787042e-07  59.9339  59.0975
0202-03-09_16:52:40.098000      60448.56        4.01118400e-02       -9.18344851e-07  59.9339  59.0975
0202-03-09_16:52:40.300000      60448.76        4.12620400e-02       -9.17291211e-07  59.9339  59.0975
0202-03-09_16:52:40.492000      60448.95        4.18720200e-02       -9.19832343e-07  59.9339  59.0975
0202-03-09_16:52:40.700000      60449.16        4.28115400e-02       -9.18220894e-07  59.9339  59.0975
0202-03-09_16:52:40.914000      60449.38        4.39365100e-02       -9.20018279e-07  59.9182  59.0974
0202-03-09_16:52:41.113000      60449.58        4.50763200e-02       -9.19832343e-07  59.9182  59.0974
0202-03-09_16:52:41.320000      60449.78        4.58391700e-02       -9.22497432e-07  59.9182  59.0974
0202-03-09_16:52:41.510000      60449.97        4.70769300e-02       -9.21629728e-07  59.9182  59.0974
0202-03-09_16:52:41.707000      60450.17        4.83488300e-02       -9.19026618e-07  59.9182  59.0974
0202-03-09_16:52:41.914000      60450.37        4.88311800e-02       -9.13262589e-07  59.9209  59.0931
0202-03-09_16:52:42.105000      60450.57        5.00080900e-02       -9.13696441e-07  59.9209  59.0931
0202-03-09_16:52:42.297000      60450.76        5.09519900e-02       -9.15493826e-07  59.9209  59.0931
0202-03-09_16:52:42.504000      60450.96        5.19879100e-02       -9.25906266e-07  59.9209  59.0931
0202-03-09_16:52:42.695000      60451.16        5.30090000e-02       -9.26402097e-07  59.9209  59.0931
0202-03-09_16:52:42.902000      60451.37        5.38831500e-02       -9.27021885e-07  59.9187  59.0943
0202-03-09_16:52:43.105000      60451.57        5.50170300e-02       -9.19088597e-07  59.9187  59.0943
0202-03-09_16:52:43.310000      60451.77        5.55171800e-02       -9.16919339e-07  59.9187  59.0943
0202-03-09_16:52:43.510000      60451.97        5.66911300e-02       -9.15307890e-07  59.9187  59.0943
0202-03-09_16:52:43.715000      60452.18        5.76394900e-02       -9.20452131e-07  59.9187  59.0943
0202-03-09_16:52:43.920000      60452.38        5.89084200e-02       -9.20142237e-07  59.9200  59.0822
0202-03-09_16:52:44.120000      60452.58        5.98181900e-02       -9.21071892e-07  59.9200  59.0822
0202-03-09_16:52:44.316000      60452.78        6.05617400e-02       -9.26525917e-07  59.9200  59.0822
0202-03-09_16:52:44.508000      60452.97        6.19108200e-02       -9.29190923e-07  59.9200  59.0822
0202-03-09_16:52:44.703000      60453.16        6.28295000e-02       -9.34211150e-07  59.9200  59.0822
0202-03-09_16:52:44.910000      60453.37        6.36116300e-02       -9.32413765e-07  59.9243  59.0909
0202-03-09_16:52:45.110000      60453.57        6.48479200e-02       -9.33095532e-07  59.9243  59.0909
0202-03-09_16:52:45.300000      60453.76        6.61124000e-02       -9.32909595e-07  59.9243  59.0909
0202-03-09_16:52:45.496000      60453.96        6.70745500e-02       -9.32599702e-07  59.9243  59.0909
0202-03-09_16:52:45.690000      60454.15        6.79353500e-02       -9.29252847e-07  59.9243  59.0909
0202-03-09_16:52:45.887000      60454.35        6.87352900e-02       -9.26835675e-07  59.9331  59.1059
0202-03-09_16:52:46.094000      60454.55        6.98409700e-02       -9.25162248e-07  59.9331  59.1059
0202-03-09_16:52:46.285000      60454.75        7.07270000e-02       -9.22373202e-07  59.9331  59.1059
0202-03-09_16:52:46.477000      60454.94        7.18786800e-02       -9.16423239e-07  59.9331  59.1059
0202-03-09_16:52:46.684000      60455.14        7.27840100e-02       -9.20761754e-07  59.9331  59.1059
0202-03-09_16:52:46.887000      60455.35        7.37947000e-02       -9.23364863e-07  59.9219  59.0946
0202-03-09_16:52:47.090000      60455.55        7.49438600e-02       -9.30616380e-07  59.9219  59.0946
0202-03-09_16:52:47.293000      60455.75        7.57408400e-02       -9.30244508e-07  59.9219  59.0946
0202-03-09_16:52:47.492000      60455.95        7.64680700e-02       -9.24728396e-07  59.9219  59.0946
0202-03-09_16:52:47.688000      60456.15        7.76034300e-02       -9.22683096e-07  59.9219  59.0946
0202-03-09_16:52:47.895000      60456.36        7.87566000e-02       -9.24356523e-07  59.9237  59.0931
0202-03-09_16:52:48.090000      60456.55        8.00388900e-02       -9.28323165e-07  59.9237  59.0931
0202-03-09_16:52:48.280000      60456.74        8.07705600e-02       -9.35512704e-07  59.9237  59.0931
0202-03-09_16:52:48.477000      60456.94        8.18955400e-02       -9.28075250e-07  59.9237  59.0931
0202-03-09_16:52:48.670000      60457.13        8.29863500e-02       -9.24976311e-07  59.9237  59.0931
0202-03-09_16:52:48.875000      60457.34        8.36809300e-02       -9.27703378e-07  59.9460  59.0972
0202-03-09_16:52:49.074000      60457.54        8.46500700e-02       -9.33591362e-07  59.9460  59.0972
0202-03-09_16:52:49.266000      60457.73        8.59115800e-02       -9.34149171e-07  59.9460  59.0972
0202-03-09_16:52:49.460000      60457.92        8.65542100e-02       -9.30802317e-07  59.9460  59.0972
0202-03-09_16:52:49.664000      60458.13        8.79626500e-02       -9.30740338e-07  59.9460  59.0972
0202-03-09_16:52:49.863000      60458.32        8.87522000e-02       -9.28942953e-07  59.9262  59.1114
0202-03-09_16:52:50.074000      60458.54        8.98623400e-02       -9.21815408e-07  59.9262  59.1114
0202-03-09_16:52:50.266000      60458.73        9.06927300e-02       -9.20947764e-07  59.9262  59.1114
0202-03-09_16:52:50.460000      60458.92        9.18043500e-02       -9.21877491e-07  59.9262  59.1114
0202-03-09_16:52:50.664000      60459.12        9.26473300e-02       -9.23303032e-07  59.9262  59.1114
0202-03-09_16:52:50.867000      60459.33        9.36298300e-02       -9.31422255e-07  59.9374  59.1305
0202-03-09_16:52:51.082000      60459.54        9.46613000e-02       -9.36752432e-07  59.9374  59.1305
0202-03-09_16:52:51.273000      60459.74        9.56912900e-02       -9.36318580e-07  59.9374  59.1305
0202-03-09_16:52:51.470000      60459.93        9.68637500e-02       -9.30802467e-07  59.9374  59.1305
0202-03-09_16:52:51.670000      60460.13        9.77319700e-02       -9.24046778e-07  59.9374  59.1305
0202-03-09_16:52:51.870000      60460.33        9.86342800e-02       -9.28075400e-07  59.9553  59.1175
0202-03-09_16:52:52.062000      60460.52        9.98794700e-02       -9.31856107e-07  59.9553  59.1175
0202-03-09_16:52:52.258000      60460.72        1.00845600e-01       -9.31174340e-07  59.9553  59.1175
0202-03-09_16:52:52.453000      60460.91        1.01709400e-01       -9.26835824e-07  59.9553  59.1175
0202-03-09_16:52:52.645000      60461.11        1.02769100e-01       -9.27145718e-07  59.9553  59.1175
0202-03-09_16:52:52.860000      60461.32        1.03589800e-01       -9.30306637e-07  59.9404  59.1053
0202-03-09_16:52:53.066000      60461.53        1.04604900e-01       -9.36070665e-07  59.9404  59.1053
0202-03-09_16:52:53.260000      60461.72        1.05781900e-01       -9.38735753e-07  59.9404  59.1053
0202-03-09_16:52:53.453000      60461.91        1.06720100e-01       -9.38549817e-07  59.9404  59.1053
0202-03-09_16:52:53.645000      60462.11        1.07816900e-01       -9.34893068e-07  59.9404  59.1053
0202-03-09_16:52:53.863000      60462.33        1.08814200e-01       -9.39355541e-07  59.9404  59.1053
0202-03-09_16:52:54.070000      60462.53        1.10035600e-01       -9.41090947e-07  59.9376  59.1016
0202-03-09_16:52:54.273000      60462.73        1.10537300e-01       -9.37372220e-07  59.9376  59.1016
0202-03-09_16:52:54.465000      60462.93        1.12109000e-01       -9.38735753e-07  59.9376  59.1016
0202-03-09_16:52:54.670000      60463.14        1.12753100e-01       -9.31546213e-07  59.9376  59.1016
0202-03-09_16:52:54.887000      60463.35        1.14087300e-01       -9.27703527e-07  59.9310  59.1219
0202-03-09_16:52:55.098000      60463.56        1.14641600e-01       -9.24542608e-07  59.9310  59.1219
0202-03-09_16:52:55.290000      60463.75        1.16059000e-01       -9.33343598e-07  59.9310  59.1219
0202-03-09_16:52:55.484000      60463.94        1.16691200e-01       -9.36814410e-07  59.9310  59.1219
0202-03-09_16:52:55.688000      60464.15        1.17777600e-01       -9.44561760e-07  59.9310  59.1219
0202-03-09_16:52:55.895000      60464.36        1.18721500e-01       -9.50697661e-07  59.9183  59.0960
0202-03-09_16:52:56.110000      60464.57        1.19690600e-01       -9.49396042e-07  59.9183  59.0960
0202-03-09_16:52:56.300000      60464.76        1.20768100e-01       -9.47722550e-07  59.9183  59.0960
0202-03-09_16:52:56.504000      60464.97        1.21691200e-01       -9.49457891e-07  59.9183  59.0960
0202-03-09_16:52:56.707000      60465.17        1.22689200e-01       -9.53610448e-07  59.9183  59.0960
0202-03-09_16:52:56.902000      60465.37        1.23705800e-01       -9.52432851e-07  59.9083  59.0816
0202-03-09_16:52:57.110000      60465.57        1.24673500e-01       -9.55841684e-07  59.9083  59.0816
0202-03-09_16:52:57.300000      60465.76        1.25440800e-01       -9.54540130e-07  59.9083  59.0816
0202-03-09_16:52:57.492000      60465.96        1.26611700e-01       -9.60118220e-07  59.9083  59.0816
0202-03-09_16:52:57.700000      60466.16        1.27680300e-01       -9.53486490e-07  59.9083  59.0816
0202-03-09_16:52:57.906000      60466.37        1.28710300e-01       -9.51627127e-07  59.9257  59.0986
0202-03-09_16:52:58.113000      60466.57        1.29571100e-01       -9.44685504e-07  59.9257  59.0986
0202-03-09_16:52:58.305000      60466.77        1.30499700e-01       -9.47722464e-07  59.9257  59.0986
0202-03-09_16:52:58.496000      60466.96        1.31575700e-01       -9.50821403e-07  59.9257  59.0986
0202-03-09_16:52:58.703000      60467.16        1.32475100e-01       -9.49705785e-07  59.9257  59.0986
0202-03-09_16:52:58.902000      60467.36        1.33619300e-01       -9.55097939e-07  59.9389  59.1056
0202-03-09_16:52:59.117000      60467.58        1.34650800e-01       -9.51193276e-07  59.9389  59.1056
0202-03-09_16:52:59.312000      60467.77        1.35522000e-01       -9.51813063e-07  59.9389  59.1056
0202-03-09_16:52:59.516000      60467.98        1.36555000e-01       -9.49209955e-07  59.9389  59.1056
0202-03-09_16:52:59.720000      60468.18        1.37567100e-01       -9.51379212e-07  59.9389  59.1056
0202-03-09_16:52:59.914000      60468.38        1.38906800e-01       -9.55655748e-07  59.9264  59.0992
0202-03-09_16:53:00.117000      60468.58        1.39666700e-01       -9.54540130e-07  59.9264  59.0992
0202-03-09_16:53:00.312000      60468.77        1.40586900e-01       -9.56213557e-07  59.9264  59.0992
0202-03-09_16:53:00.504000      60468.97        1.41637600e-01       -9.56647408e-07  59.9264  59.0992
0202-03-09_16:53:00.707000      60469.17        1.42661700e-01       -9.65758288e-07  59.9264  59.0992
0202-03-09_16:53:00.914000      60469.37        1.43570000e-01       -9.68981185e-07  59.9368  59.1036
0202-03-09_16:53:01.117000      60469.58        1.44441200e-01       -9.74063445e-07  59.9368  59.1036
0202-03-09_16:53:01.312000      60469.77        1.45676000e-01       -9.71212421e-07  59.9368  59.1036
0202-03-09_16:53:01.504000      60469.96        1.46650600e-01       -9.63589031e-07  59.9368  59.1036
0202-03-09_16:53:01.707000      60470.17        1.47446100e-01       -9.57701047e-07  59.9368  59.1036
0202-03-09_16:53:01.902000      60470.37        1.48562100e-01       -9.48714125e-07  59.9308  59.1129
0202-03-09_16:53:02.117000      60470.58        1.49471900e-01       -9.55036088e-07  59.9308  59.1129
0202-03-09_16:53:02.316000      60470.78        1.50574600e-01       -9.54912298e-07  59.9308  59.1129
0202-03-09_16:53:02.510000      60470.97        1.51417600e-01       -9.57329597e-07  59.9308  59.1129
0202-03-09_16:53:02.715000      60471.18        1.52364500e-01       -9.63155606e-07  59.9308  59.1129
0202-03-09_16:53:02.918000      60471.38        1.53189700e-01       -9.65696737e-07  59.9079  59.0987
0202-03-09_16:53:03.125000      60471.59        1.54286900e-01       -9.62659775e-07  59.9079  59.0987
0202-03-09_16:53:03.320000      60471.78        1.55362900e-01       -9.58073343e-07  59.9079  59.0987
0202-03-09_16:53:03.510000      60471.97        1.56639200e-01       -9.54602529e-07  59.9079  59.0987
0202-03-09_16:53:03.715000      60472.18        1.57373900e-01       -9.60986347e-07  59.9079  59.0987
0202-03-09_16:53:03.920000      60472.38        1.58261400e-01       -9.65634758e-07  59.9427  59.0903
0202-03-09_16:53:04.137000      60472.60        1.59343300e-01       -9.65262885e-07  59.9427  59.0903
0202-03-09_16:53:04.330000      60472.79        1.60362900e-01       -9.67184229e-07  59.9427  59.0903
0202-03-09_16:53:04.535000      60473.00        1.61299400e-01       -9.63403521e-07  59.9427  59.0903
0202-03-09_16:53:04.758000      60473.22        1.62392200e-01       -9.64209246e-07  59.9427  59.0903
0202-03-09_16:53:04.977000      60473.44        1.63530500e-01       -9.60242601e-07  59.9207  59.1050
0202-03-09_16:53:05.180000      60473.64        1.64288900e-01       -9.66812356e-07  59.9207  59.1050
0202-03-09_16:53:05.370000      60473.83        1.65298200e-01       -9.75117517e-07  59.9207  59.1050
0202-03-09_16:53:05.566000      60474.03        1.66190100e-01       -9.78650310e-07  59.9207  59.1050
0202-03-09_16:53:05.820000      60474.28        1.67331400e-01       -9.65820695e-07  59.9207  59.1050
0202-03-09_16:53:06.023000      60474.49        1.68185000e-01       -9.55470232e-07  59.9227  59.0933
0202-03-09_16:53:06.220000      60474.68        1.69338200e-01       -9.56957724e-07  59.9227  59.0933
0202-03-09_16:53:06.410000      60474.87        1.70212300e-01       -9.58569173e-07  59.9227  59.0933
0202-03-09_16:53:06.600000      60475.07        1.71098300e-01       -9.62659775e-07  59.9227  59.0933
0202-03-09_16:53:06.805000      60475.27        1.72117900e-01       -9.58259279e-07  59.9227  59.0933
0202-03-09_16:53:06.996000      60475.46        1.73217700e-01       -9.52867122e-07  59.9220  59.1081
0202-03-09_16:53:07.190000      60475.65        1.74084400e-01       -9.52619207e-07  59.9220  59.1081
0202-03-09_16:53:07.387000      60475.85        1.75274700e-01       -9.58135321e-07  59.9220  59.1081
0202-03-09_16:53:07.580000      60476.04        1.76000700e-01       -9.58259279e-07  59.9220  59.1081
0202-03-09_16:53:07.790000      60476.25        1.76937200e-01       -9.55346275e-07  59.9220  59.1081
0202-03-09_16:53:07.992000      60476.45        1.77910800e-01       -9.49768249e-07  59.9391  59.0949
0202-03-09_16:53:08.195000      60476.66        1.79064000e-01       -9.54788637e-07  59.9391  59.0949
0202-03-09_16:53:08.387000      60476.85        1.79923300e-01       -9.53549196e-07  59.9391  59.0949
0202-03-09_16:53:08.582000      60477.04        1.81125400e-01       -9.59437220e-07  59.9391  59.0949
0202-03-09_16:53:08.816000      60477.28        1.82053000e-01       -9.60428881e-07  59.9391  59.0949
0202-03-09_16:53:09.020000      60477.48        1.83084500e-01       -9.70035603e-07  59.9554  59.0940
0202-03-09_16:53:09.210000      60477.67        1.83865200e-01       -9.64829379e-07  59.9554  59.0940
0202-03-09_16:53:09.402000      60477.87        1.85159400e-01       -9.68238216e-07  59.9554  59.0940
0202-03-09_16:53:09.610000      60478.07        1.86049800e-01       -9.58693473e-07  59.9554  59.0940
0202-03-09_16:53:09.832000      60478.29        1.87114000e-01       -9.64891358e-07  59.9554  59.0940
0202-03-09_16:53:10.030000      60478.49        1.87798100e-01       -9.58879410e-07  59.9435  59.1039
0202-03-09_16:53:10.223000      60478.68        1.89125000e-01       -9.56090362e-07  59.9435  59.1039
0202-03-09_16:53:10.426000      60478.89        1.89789900e-01       -9.48466963e-07  59.9435  59.1039
0202-03-09_16:53:10.620000      60479.08        1.91000900e-01       -9.47227386e-07  59.9435  59.1039
0202-03-09_16:53:10.848000      60479.31        1.91877400e-01       -9.46731556e-07  59.9009  59.0879
0202-03-09_16:53:11.055000      60479.52        1.92907400e-01       -9.42021163e-07  59.9009  59.0879
0202-03-09_16:53:11.250000      60479.71        1.93794900e-01       -9.46731556e-07  59.9009  59.0879
0202-03-09_16:53:11.440000      60479.90        1.94885800e-01       -9.46731556e-07  59.9009  59.0879
0202-03-09_16:53:11.645000      60480.11        1.95780700e-01       -9.40719607e-07  59.9009  59.0879
0202-03-09_16:53:11.855000      60480.32        1.96509400e-01       -9.35637342e-07  59.9393  59.1133
0202-03-09_16:53:12.066000      60480.53        1.97687800e-01       -9.41401375e-07  59.9393  59.1133
0202-03-09_16:53:12.270000      60480.73        1.99125900e-01       -9.48033111e-07  59.9393  59.1133
0202-03-09_16:53:12.470000      60480.93        1.99951800e-01       -9.49768519e-07  59.9393  59.1133
0202-03-09_16:53:12.664000      60481.13        2.00784400e-01       -9.44252402e-07  59.9393  59.1133
0202-03-09_16:53:12.883000      60481.34        2.01884200e-01       -9.33715997e-07  59.9096  59.0991
0202-03-09_16:53:13.080000      60481.54        2.03012100e-01       -9.25472810e-07  59.9096  59.0991
0202-03-09_16:53:13.280000      60481.74        2.03923400e-01       -9.27704049e-07  59.9096  59.0991
0202-03-09_16:53:13.473000      60481.94        2.04825700e-01       -9.27270197e-07  59.9096  59.0991
0202-03-09_16:53:13.668000      60482.13        2.05925500e-01       -9.24791043e-07  59.9096  59.0991
0202-03-09_16:53:13.870000      60482.33        2.06695700e-01       -9.18097321e-07  59.9221  59.0724
0202-03-09_16:53:14.066000      60482.53        2.07937300e-01       -9.14068672e-07  59.9221  59.0724
0202-03-09_16:53:14.258000      60482.72        2.08821800e-01       -9.10411903e-07  59.9221  59.0724
0202-03-09_16:53:14.453000      60482.91        2.09872600e-01       -9.04399943e-07  59.9221  59.0724
0202-03-09_16:53:14.650000      60483.11        2.11051000e-01       -8.92314069e-07  59.9221  59.0724
0202-03-09_16:53:14.863000      60483.33        2.12052800e-01       -8.86797952e-07  59.9158  59.0876
0202-03-09_16:53:15.070000      60483.53        2.13149600e-01       -8.80971940e-07  59.9158  59.0876
0202-03-09_16:53:15.266000      60483.73        2.13971800e-01       -8.72790733e-07  59.9158  59.0876
0202-03-09_16:53:15.470000      60483.93        2.14970600e-01       -8.73720416e-07  59.9158  59.0876
0202-03-09_16:53:15.664000      60484.13        2.15889200e-01       -8.65167336e-07  59.9158  59.0876
0202-03-09_16:53:15.870000      60484.33        2.16917700e-01       -8.60023092e-07  59.9306  59.1080
0202-03-09_16:53:16.070000      60484.53        2.17869100e-01       -8.47937217e-07  59.9306  59.1080
0202-03-09_16:53:16.260000      60484.72        2.18657100e-01       -8.40995587e-07  59.9306  59.1080
0202-03-09_16:53:16.453000      60484.92        2.19868200e-01       -8.29901374e-07  59.9306  59.1080
0202-03-09_16:53:16.650000      60485.11        2.20871500e-01       -8.11183764e-07  59.9306  59.1080
0202-03-09_16:53:16.855000      60485.32        2.21773800e-01       -7.95813011e-07  59.9051  59.0896
0202-03-09_16:53:17.050000      60485.51        2.22849800e-01       -7.75359992e-07  59.9051  59.0896
0202-03-09_16:53:17.246000      60485.71        2.23565200e-01       -7.68790235e-07  59.9051  59.0896
0202-03-09_16:53:17.445000      60485.91        2.24715400e-01       -7.61848605e-07  59.9051  59.0896
0202-03-09_16:53:17.640000      60486.10        2.25988800e-01       -7.45548169e-07  59.9051  59.0896
0202-03-09_16:53:17.863000      60486.32        2.26840700e-01       -7.24103490e-07  59.9481  59.1215
0202-03-09_16:53:18.060000      60486.52        2.27814300e-01       -6.98754143e-07  59.9481  59.1215
0202-03-09_16:53:18.250000      60486.71        2.29022400e-01       -6.86358374e-07  59.9481  59.1215
0202-03-09_16:53:18.457000      60486.92        2.29898000e-01       -6.60265282e-07  59.9481  59.1215
0202-03-09_16:53:18.650000      60487.11        2.30552500e-01       -6.34048231e-07  59.9481  59.1215
0202-03-09_16:53:18.850000      60487.31        2.31710200e-01       -6.05042133e-07  59.9553  59.1056
0202-03-09_16:53:19.050000      60487.51        2.32517500e-01       -5.65189737e-07  59.9553  59.1056
0202-03-09_16:53:19.242000      60487.71        2.33614300e-01       -5.42071628e-07  59.9553  59.1056
0202-03-09_16:53:19.438000      60487.90        2.34743800e-01       -5.16660303e-07  59.9553  59.1056
0202-03-09_16:53:19.640000      60488.10        2.35825700e-01       -4.71911579e-07  59.9553  59.1056
0202-03-09_16:53:19.867000      60488.33        2.36434200e-01       -4.34662288e-07  59.9553  59.1056
0202-03-09_16:53:20.070000      60488.53        2.37560600e-01       -3.90533344e-07  59.9420  59.1080
0202-03-09_16:53:20.277000      60488.74        2.38528300e-01       -3.56259040e-07  59.9420  59.1080
0202-03-09_16:53:20.470000      60488.93        2.39554400e-01       -3.28988335e-07  59.9420  59.1080
0202-03-09_16:53:20.660000      60489.12        2.40507200e-01       -2.90065530e-07  59.9420  59.1080
0202-03-09_16:53:20.867000      60489.33        2.41638100e-01       -2.25483299e-07  59.9231  59.1013
0202-03-09_16:53:21.062000      60489.52        2.42694800e-01       -1.73172879e-07  59.9231  59.1013
0202-03-09_16:53:21.254000      60489.72        2.43916300e-01       -1.22597853e-07  59.9231  59.1013
0202-03-09_16:53:21.460000      60489.92        2.44771100e-01       -5.03301067e-08  59.9231  59.1013
0202-03-09_16:53:21.652000      60490.12        2.45495400e-01        4.33554670e-09  59.9231  59.1013
0202-03-09_16:53:21.848000      60490.31        2.46660400e-01        6.25959940e-08  59.9553  59.1062
0202-03-09_16:53:22.055000      60490.52        2.47559500e-01        1.36785095e-07  59.9553  59.1062
0202-03-09_16:53:22.246000      60490.71        2.48779500e-01        2.07565340e-07  59.9553  59.1062
0202-03-09_16:53:22.450000      60490.91        2.49477000e-01        2.56280990e-07  59.9553  59.1062
0202-03-09_16:53:22.645000      60491.10        2.50705900e-01        3.65674276e-07  59.9553  59.1062
0202-03-09_16:53:22.840000      60491.30        2.51636400e-01        4.49904007e-07  59.9553  59.1062
0202-03-09_16:53:23.047000      60491.51        2.52737700e-01        5.59483231e-07  59.9150  59.0973
0202-03-09_16:53:23.250000      60491.71        2.53491600e-01        6.35407749e-07  59.9150  59.0973
0202-03-09_16:53:23.453000      60491.91        2.54625500e-01        7.52920310e-07  59.9150  59.0973
0202-03-09_16:53:23.645000      60492.11        2.55754400e-01        8.40930772e-07  59.9150  59.0973
0202-03-09_16:53:23.855000      60492.32        2.56437100e-01        9.39353740e-07  59.9150  59.0973
0202-03-09_16:53:24.055000      60492.51        2.57461200e-01        1.06882828e-06  59.9498  59.1209
0202-03-09_16:53:24.246000      60492.71        2.58667800e-01        1.17586636e-06  59.9498  59.1209
0202-03-09_16:53:24.450000      60492.91        2.59521100e-01        1.32139351e-06  59.9498  59.1209
0202-03-09_16:53:24.645000      60493.10        2.60399700e-01        1.44324462e-06  59.9498  59.1209
0202-03-09_16:53:24.848000      60493.31        2.61449000e-01        1.56484781e-06  59.9498  59.1209
0202-03-09_16:53:25.050000      60493.51        2.62602200e-01        1.73113800e-06  59.9186  59.0914
0202-03-09_16:53:25.246000      60493.71        2.63607200e-01        1.86532296e-06  59.9186  59.0914
0202-03-09_16:53:25.438000      60493.90        2.64398300e-01        2.00626366e-06  59.9186  59.0914
0202-03-09_16:53:25.640000      60494.10        2.65471300e-01        2.20180803e-06  59.9186  59.0914
0202-03-09_16:53:25.863000      60494.33        2.66575500e-01        2.34962830e-06  59.9186  59.0914
0202-03-09_16:53:26.074000      60494.53        2.67474900e-01        2.53221885e-06  59.9331  59.1068
0202-03-09_16:53:26.266000      60494.73        2.68481100e-01        2.67489481e-06  59.9331  59.1068
0202-03-09_16:53:26.465000      60494.93        2.69707000e-01        2.82730164e-06  59.9331  59.1068
0202-03-09_16:53:26.668000      60495.13        2.70438700e-01        3.06158298e-06  59.9331  59.1068
0202-03-09_16:53:26.863000      60495.33        2.71305200e-01        3.24169451e-06  59.9312  59.0955
0202-03-09_16:53:27.070000      60495.53        2.72574100e-01        3.49227637e-06  59.9312  59.0955
0202-03-09_16:53:27.260000      60495.72        2.73531400e-01        3.68335821e-06  59.9312  59.0955
0202-03-09_16:53:27.453000      60495.92        2.74377400e-01        3.87400619e-06  59.9312  59.0955
0202-03-09_16:53:27.656000      60496.12        2.75445900e-01        4.07326928e-06  59.9312  59.0955
0202-03-09_16:53:27.867000      60496.33        2.76461100e-01        4.35570844e-06  59.9408  59.1310
0202-03-09_16:53:28.062000      60496.52        2.77476200e-01        4.57616841e-06  59.9408  59.1310
0202-03-09_16:53:28.260000      60496.72        2.78531500e-01        4.88265550e-06  59.9408  59.1310
0202-03-09_16:53:28.453000      60496.92        2.79431000e-01        5.03369878e-06  59.9408  59.1310
0202-03-09_16:53:28.650000      60497.11        2.80590100e-01        5.37117546e-06  59.9408  59.1310
0202-03-09_16:53:28.863000      60497.33        2.81348500e-01        5.63309952e-06  59.9408  59.1310
0202-03-09_16:53:29.066000      60497.53        2.82397800e-01        5.97014235e-06  59.9208  59.0896
0202-03-09_16:53:29.260000      60497.72        2.83858200e-01        6.22078618e-06  59.9208  59.0896
0202-03-09_16:53:29.460000      60497.92        2.84270800e-01        6.47266959e-06  59.9208  59.0896
0202-03-09_16:53:29.664000      60498.13        2.85296300e-01        6.83741712e-06  59.9208  59.0896
0202-03-09_16:53:29.880000      60498.34        2.86467300e-01        7.12097191e-06  59.9157  59.1102
0202-03-09_16:53:30.080000      60498.54        2.87355100e-01        7.49557412e-06  59.9157  59.1102
0202-03-09_16:53:30.270000      60498.73        2.88278200e-01        7.77844712e-06  59.9157  59.1102
0202-03-09_16:53:30.465000      60498.93        2.89231000e-01        8.06826180e-06  59.9157  59.1102
0202-03-09_16:53:30.670000      60499.13        2.90351500e-01        8.48928642e-06  59.9157  59.1102
0202-03-09_16:53:30.870000      60499.33        2.91531400e-01        8.80748757e-06  59.9354  59.1016
0202-03-09_16:53:31.066000      60499.53        2.92234900e-01        9.14149341e-06  59.9354  59.1016
0202-03-09_16:53:31.260000      60499.72        2.93299000e-01        9.56202220e-06  59.9354  59.1016
0202-03-09_16:53:31.453000      60499.91        2.94415100e-01        9.90296971e-06  59.9354  59.1016
0202-03-09_16:53:31.645000      60500.11        2.95549900e-01        1.02463345e-05  59.9354  59.1016
0202-03-09_16:53:31.863000      60500.33        2.96424100e-01        1.07471866e-05  59.9444  59.1190
0202-03-09_16:53:32.080000      60500.54        2.97350200e-01        1.11061067e-05  59.9444  59.1190
0202-03-09_16:53:32.277000      60500.74        2.98344500e-01        1.15848945e-05  59.9444  59.1190
0202-03-09_16:53:32.480000      60500.94        2.99105900e-01        1.19315440e-05  59.9444  59.1190
0202-03-09_16:53:32.680000      60501.14        3.00220500e-01        1.24181424e-05  59.9444  59.1190
0202-03-09_16:53:32.883000      60501.35        3.01438900e-01        1.27864846e-05  59.9182  59.0939
0202-03-09_16:53:33.086000      60501.55        3.02233000e-01        1.33012835e-05  59.9182  59.0939
0202-03-09_16:53:33.280000      60501.74        3.03131900e-01        1.36960288e-05  59.9182  59.0939
0202-03-09_16:53:33.473000      60501.93        3.04187100e-01        1.41026121e-05  59.9182  59.0939
0202-03-09_16:53:33.676000      60502.14        3.05199300e-01        1.46671803e-05  59.9182  59.0939
0202-03-09_16:53:33.880000      60502.34        3.06229300e-01        1.50904980e-05  59.9293  59.0922
0202-03-09_16:53:34.070000      60502.53        3.07450700e-01        1.55212531e-05  59.9293  59.0922
0202-03-09_16:53:34.266000      60502.73        3.08354600e-01        1.60856354e-05  59.9293  59.0922
0202-03-09_16:53:34.457000      60502.92        3.09058100e-01        1.72434681e-05  59.9293  59.0922
0202-03-09_16:53:34.660000      60503.12        3.10506600e-01        1.73068728e-05  59.9293  59.0922
0202-03-09_16:53:34.863000      60503.32        3.11534600e-01        1.76191858e-05  59.9266  59.0924
0202-03-09_16:53:35.074000      60503.53        3.12454800e-01        1.81463186e-05  59.9266  59.0924
0202-03-09_16:53:35.266000      60503.73        3.13162700e-01        1.85903373e-05  59.9266  59.0924
0202-03-09_16:53:35.470000      60503.93        3.14361900e-01        1.90512763e-05  59.9266  59.0924
0202-03-09_16:53:35.670000      60504.13        3.15295400e-01        1.96908393e-05  59.9266  59.0924
0202-03-09_16:53:35.875000      60504.34        3.16595500e-01        2.01804746e-05  59.9313  59.1030