# Ic = 3.98 A, n = 25.86 , Tavg = 20.07 K, f28-6e20pm2-1200keV-0nA-20k
#datetime                        t_s     iHTS_A                vHTS_V                tHTS_K  tTAR_K
0202-03-12_21:18:32.535000      11502.71        1.75194800e-02        4.24279500e-09  20.0017  19.6942
0202-03-12_21:18:32.740000      11502.92        5.02328900e-02        3.68498500e-09  20.0017  19.6942
0202-03-12_21:18:32.930000      11503.11        9.68553500e-02        9.69692500e-09  20.0017  19.6942
0202-03-12_21:18:33.137000      11503.31        1.48910100e-01        7.40370500e-09  20.0665  19.8140
0202-03-12_21:18:33.336000      11503.51        1.98358600e-01        1.09364950e-08  20.0665  19.8140
0202-03-12_21:18:33.530000      11503.71        2.44610400e-01        1.47791750e-08  20.0665  19.8140
0202-03-12_21:18:33.734000      11503.91        2.97888000e-01        1.19281550e-08  20.0665  19.8140
0202-03-12_21:18:33.926000      11504.10        3.47223800e-01        1.25479450e-08  20.0665  19.8140
0202-03-12_21:18:34.140000      11504.32        3.95738800e-01        7.71360500e-09  20.0261  19.6190
0202-03-12_21:18:34.336000      11504.51        4.45996200e-01        7.96151500e-09  20.0261  19.6190
0202-03-12_21:18:34.527000      11504.70        4.95875100e-01        5.73028500e-09  20.0261  19.6190
0202-03-12_21:18:34.720000      11504.90        5.43612500e-01        1.24859650e-08  20.0261  19.6190
0202-03-12_21:18:34.926000      11505.10        5.92578700e-01        1.39114750e-08  20.0261  19.6190
0202-03-12_21:18:35.130000      11505.30        6.44191100e-01        1.34776250e-08  20.0440  19.8084
0202-03-12_21:18:35.324000      11505.50        6.93693100e-01        8.02349500e-09  20.0440  19.8084
0202-03-12_21:18:35.516000      11505.69        7.38598700e-01        3.62300500e-09  20.0440  19.8084
0202-03-12_21:18:35.710000      11505.89        7.92557600e-01        7.65162500e-09  20.0440  19.8084
0202-03-12_21:18:35.902000      11506.08        8.42254000e-01        7.34173500e-09  20.0440  19.8084
0202-03-12_21:18:36.130000      11506.31        8.91021800e-01        9.94483500e-09  20.0301  19.6869
0202-03-12_21:18:36.336000      11506.51        9.42119200e-01        2.94124500e-09  20.0301  19.6869
0202-03-12_21:18:36.540000      11506.72        9.91324400e-01        1.51573500e-09  20.0301  19.6869
0202-03-12_21:18:36.742000      11506.92        1.03745600e+00        4.86258500e-09  20.0301  19.6869
0202-03-12_21:18:36.945000      11507.12        1.09016400e+00        1.23620050e-08  20.0301  19.6869
0202-03-12_21:18:37.164000      11507.34        1.14035000e+00        9.69686500e-09  20.0540  19.7182
0202-03-12_21:18:37.360000      11507.54        1.18896900e+00        7.15550500e-09  20.0540  19.7182
0202-03-12_21:18:37.555000      11507.73        1.23902900e+00        1.10599950e-08  20.0540  19.7182
0202-03-12_21:18:37.746000      11507.92        1.28692600e+00        1.11218550e-08  20.0540  19.7182
0202-03-12_21:18:37.950000      11508.13        1.33510200e+00        1.66999450e-08  20.0540  19.7182
0202-03-12_21:18:38.150000      11508.32        1.38804800e+00        1.39728750e-08  20.0246  19.7883
0202-03-12_21:18:38.348000      11508.52        1.43802100e+00        1.50884950e-08  20.0246  19.7883
0202-03-12_21:18:38.540000      11508.72        1.48320000e+00        1.42207950e-08  20.0246  19.7883
0202-03-12_21:18:38.730000      11508.91        1.53620600e+00        1.42207950e-08  20.0246  19.7883
0202-03-12_21:18:38.926000      11509.10        1.58619500e+00        1.25473650e-08  20.0246  19.7883
0202-03-12_21:18:39.137000      11509.31        1.63204000e+00        8.45677500e-09  20.0688  19.6554
0202-03-12_21:18:39.332000      11509.51        1.68595800e+00        7.27918500e-09  20.0688  19.6554
0202-03-12_21:18:39.523000      11509.70        1.73539200e+00        8.02292500e-09  20.0688  19.6554
0202-03-12_21:18:39.727000      11509.91        1.78031500e+00        8.95260500e-09  20.0688  19.6554
0202-03-12_21:18:39.920000      11510.10        1.83434100e+00        9.01458500e-09  20.0688  19.6554
0202-03-12_21:18:40.137000      11510.31        1.88433000e+00        9.13854500e-09  20.0051  19.7794
0202-03-12_21:18:40.344000      11510.52        1.93294800e+00        6.41147500e-09  20.0051  19.7794
0202-03-12_21:18:40.547000      11510.72        1.98331000e+00        4.86201500e-09  20.0051  19.7794
0202-03-12_21:18:40.740000      11510.92        2.03161700e+00        7.58907500e-09  20.0051  19.7794
0202-03-12_21:18:40.940000      11511.12        2.08004700e+00        1.04400950e-08  20.0051  19.7794
0202-03-12_21:18:41.150000      11511.33        2.13244200e+00        1.48405850e-08  20.0814  19.7252
0202-03-12_21:18:41.344000      11511.52        2.18185000e+00        1.65759850e-08  20.0814  19.7252
0202-03-12_21:18:41.547000      11511.73        2.22712700e+00        1.14937350e-08  20.0814  19.7252
0202-03-12_21:18:41.742000      11511.92        2.28111900e+00        1.44687050e-08  20.0814  19.7252
0202-03-12_21:18:41.934000      11512.11        2.33044100e+00        1.19895650e-08  20.0814  19.7252
0202-03-12_21:18:42.150000      11512.33        2.37664200e+00        1.58322450e-08  20.0093  19.6909
0202-03-12_21:18:42.344000      11512.52        2.43009200e+00        1.19895650e-08  20.0093  19.6909
0202-03-12_21:18:42.535000      11512.71        2.47963700e+00        1.39109050e-08  20.0093  19.6909
0202-03-12_21:18:42.730000      11512.91        2.52452100e+00        1.39109050e-08  20.0093  19.6909
0202-03-12_21:18:42.926000      11513.10        2.57847500e+00        1.29192450e-08  20.0093  19.6909
0202-03-12_21:18:43.130000      11513.31        2.62898000e+00        1.05019050e-08  20.0645  19.8116
0202-03-12_21:18:43.330000      11513.51        2.67480000e+00        5.85281500e-09  20.0645  19.8116
0202-03-12_21:18:43.523000      11513.70        2.72782200e+00        5.66636500e-09  20.0645  19.8116
0202-03-12_21:18:43.715000      11513.89        2.77771800e+00        1.12441050e-08  20.0645  19.8116
0202-03-12_21:18:43.920000      11514.10        2.82253400e+00        1.88674850e-08  20.0645  19.8116
0202-03-12_21:18:44.130000      11514.30        2.87686700e+00        1.88674850e-08  20.0216  19.6208
0202-03-12_21:18:44.336000      11514.51        2.92671200e+00        2.18424650e-08  20.0216  19.6208
0202-03-12_21:18:44.527000      11514.70        2.97401700e+00        2.01070550e-08  20.0216  19.6208
0202-03-12_21:18:44.723000      11514.90        3.02601900e+00        1.93013350e-08  20.0216  19.6208
0202-03-12_21:18:44.914000      11515.09        3.07537800e+00        9.75662500e-09  20.0216  19.6208
0202-03-12_21:18:45.120000      11515.30        3.12343600e+00        9.19881500e-09  20.0416  19.8103
0202-03-12_21:18:45.332000      11515.51        3.17456200e+00        1.00045350e-08  20.0416  19.8103
0202-03-12_21:18:45.535000      11515.71        3.22478000e+00        1.43430450e-08  20.0416  19.8103
0202-03-12_21:18:45.727000      11515.91        3.27102500e+00        1.50867850e-08  20.0416  19.8103
0202-03-12_21:18:45.926000      11516.10        3.32374800e+00        2.03549750e-08  20.0416  19.8103
0202-03-12_21:18:46.137000      11516.31        3.37380500e+00        2.23382950e-08  20.0340  19.6786
0202-03-12_21:18:46.336000      11516.51        3.42195000e+00        2.81023050e-08  20.0340  19.6786
0202-03-12_21:18:46.527000      11516.71        3.47279900e+00        2.65528450e-08  20.0340  19.6786
0202-03-12_21:18:46.723000      11516.90        3.52251700e+00        2.71106450e-08  20.0340  19.6786
0202-03-12_21:18:46.926000      11517.10        3.57020600e+00        3.09533250e-08  20.0340  19.6786
0202-03-12_21:18:47.130000      11517.31        3.61964200e+00        3.44861150e-08  20.0479  19.7293
0202-03-12_21:18:47.330000      11517.51        3.67197400e+00        4.52084250e-08  20.0479  19.7293
0202-03-12_21:18:47.535000      11517.71        3.71911100e+00        5.43192850e-08  20.0479  19.7293
0202-03-12_21:18:47.727000      11517.90        3.76872200e+00        6.44837950e-08  20.0479  19.7293
0202-03-12_21:18:47.920000      11518.10        3.82041200e+00        7.81810750e-08  20.0479  19.7293
0202-03-12_21:18:48.130000      11518.31        3.86983500e+00        1.11525605e-07  20.0210  19.7769
0202-03-12_21:18:48.330000      11518.50        3.91801800e+00        1.45985745e-07  20.0210  19.7769
0202-03-12_21:18:48.520000      11518.70        3.96889100e+00        1.93771305e-07  20.0210  19.7769
0202-03-12_21:18:48.723000      11518.90        4.01730800e+00        2.76017005e-07  20.0210  19.7769
0202-03-12_21:18:48.918000      11519.09        4.06664500e+00        3.67311595e-07  20.0210  19.7769
0202-03-12_21:18:49.125000      11519.30        4.11817700e+00        4.73729165e-07  20.0642  19.6511
0202-03-12_21:18:49.320000      11519.50        4.16597500e+00        6.76462185e-07  20.0642  19.6511
0202-03-12_21:18:49.516000      11519.69        4.21542200e+00        8.70456035e-07  20.0642  19.6511
0202-03-12_21:18:49.707000      11519.89        4.26714100e+00        1.13002318e-06  20.0642  19.6511
0202-03-12_21:18:49.906000      11520.08        4.31687200e+00        1.58761187e-06  20.0642  19.6511
0202-03-12_21:18:50.105000      11520.28        4.36248300e+00        2.89139569e-06  20.0164  19.7940
0202-03-12_21:18:50.297000      11520.48        4.41654400e+00        3.00512659e-06  20.0164  19.7940
0202-03-12_21:18:50.492000      11520.67        4.46577800e+00        4.62394811e-06  20.0164  19.7940
0202-03-12_21:18:50.684000      11520.86        4.51066100e+00        5.93516938e-06  20.0164  19.7940
0202-03-12_21:18:50.880000      11521.05        4.56497000e+00        7.62842728e-06  20.0164  19.7940
0202-03-12_21:18:51.105000      11521.28        4.61639700e+00        9.54431259e-06  20.0164  19.7940
0202-03-12_21:18:51.310000      11521.49        4.66531700e+00        1.20517226e-05  20.0688  19.6972
0202-03-12_21:18:51.504000      11521.68        4.71426600e+00        1.56794593e-05  20.0688  19.6972
0202-03-12_21:18:51.695000      11521.87        4.75950200e+00        1.79305254e-05  20.0688  19.6972
0202-03-12_21:18:51.887000      11522.07        4.81341200e+00        2.42126853e-05  20.0688  19.6972