# Ic = 3.11 A, n = 20.89 , Tavg = 39.97 K, f29-92Kanneal-40K
#datetime                        t_s     iHTS_A                vHTS_V                tHTS_K  tTAR_K
0202-02-10_13:26:40.203000      75603.36        2.06212800e-02       -8.14097250e-09  39.9692  39.3716
0202-02-10_13:26:40.395000      75603.55        1.45615500e-02       -4.55362500e-10  39.9692  39.3716
0202-02-10_13:26:40.590000      75603.74        2.44785500e-02       -1.01859225e-08  39.9692  39.3716
0202-02-10_13:26:40.793000      75603.94        3.45335700e-02       -1.14253225e-08  39.9692  39.3716
0202-02-10_13:26:41             75604.15        4.33434000e-02       -1.02476625e-08  39.9692  39.3716
0202-02-10_13:26:41.227000      75604.38        5.43074500e-02       -3.24400250e-09  39.9710  39.3587
0202-02-10_13:26:41.420000      75604.57        6.37703000e-02       -3.42994250e-09  39.9710  39.3587
0202-02-10_13:26:41.625000      75604.78        7.34290500e-02        4.74747500e-10  39.9710  39.3587
0202-02-10_13:26:41.820000      75604.97        8.35568000e-02       -9.87578250e-09  39.9710  39.3587
0202-02-10_13:26:42.027000      75605.18        9.36355600e-02       -1.22929725e-08  39.9710  39.3587
0202-02-10_13:26:42.234000      75605.39        1.03491700e-01       -1.19211025e-08  39.9822  39.3760
0202-02-10_13:26:42.426000      75605.58        1.13512600e-01       -8.38828250e-09  39.9822  39.3760
0202-02-10_13:26:42.617000      75605.77        1.23388100e-01       -4.17369250e-09  39.9822  39.3760
0202-02-10_13:26:42.820000      75605.97        1.32279500e-01       -2.87213250e-09  39.9822  39.3760
0202-02-10_13:26:43.055000      75606.21        1.43351200e-01       -1.29127625e-08  39.9822  39.3760
0202-02-10_13:26:43.258000      75606.41        1.52630000e-01       -1.74992325e-08  39.9630  39.3541
0202-02-10_13:26:43.460000      75606.62        1.63005600e-01       -1.49580825e-08  39.9630  39.3541
0202-02-10_13:26:43.656000      75606.81        1.72962700e-01       -7.89245250e-09  39.9630  39.3541
0202-02-10_13:26:43.848000      75607.00        1.81852600e-01       -3.36796250e-09  39.9630  39.3541
0202-02-10_13:26:44.074000      75607.23        1.92802600e-01        2.88807500e-10  39.9630  39.3541
0202-02-10_13:26:44.280000      75607.43        2.02302500e-01        3.38776750e-09  39.9758  39.3757
0202-02-10_13:26:44.480000      75607.64        2.12437700e-01       -1.19869250e-09  39.9758  39.3757
0202-02-10_13:26:44.684000      75607.84        2.22382900e-01       -7.02862500e-10  39.9758  39.3757
0202-02-10_13:26:44.887000      75608.04        2.32147000e-01       -9.25599250e-09  39.9758  39.3757
0202-02-10_13:26:45.090000      75608.24        2.42147200e-01       -1.13632825e-08  39.9758  39.3757
0202-02-10_13:26:45.293000      75608.45        2.52199200e-01       -1.28507925e-08  39.9657  39.3539
0202-02-10_13:26:45.490000      75608.64        2.61823300e-01       -1.26028725e-08  39.9657  39.3539
0202-02-10_13:26:45.680000      75608.83        2.71492400e-01       -7.21067250e-09  39.9657  39.3539
0202-02-10_13:26:45.883000      75609.04        2.81982300e-01       -1.45042500e-10  39.9657  39.3539
0202-02-10_13:26:46.094000      75609.25        2.91997300e-01       -4.29765250e-09  39.9657  39.3539
0202-02-10_13:26:46.305000      75609.46        3.01494200e-01       -2.19012250e-09  39.9741  39.3776
0202-02-10_13:26:46.496000      75609.65        3.11917300e-01       -5.77692500e-10  39.9741  39.3776
0202-02-10_13:26:46.690000      75609.84        3.21586500e-01        6.79856750e-09  39.9741  39.3776
0202-02-10_13:26:46.890000      75610.05        3.30906900e-01        4.50581750e-09  39.9741  39.3776
0202-02-10_13:26:47.090000      75610.24        3.41762500e-01        1.67267500e-10  39.9709  39.3578
0202-02-10_13:26:47.285000      75610.44        3.51376700e-01       -1.86725000e-11  39.9709  39.3578
0202-02-10_13:26:47.490000      75610.64        3.60593200e-01        4.38185750e-09  39.9709  39.3578
0202-02-10_13:26:47.680000      75610.83        3.71096500e-01        8.10060750e-09  39.9709  39.3578
0202-02-10_13:26:47.870000      75611.03        3.81203400e-01        7.48081750e-09  39.9709  39.3578
0202-02-10_13:26:48.082000      75611.24        3.91141200e-01        4.87768750e-09  39.9709  39.3578
0202-02-10_13:26:48.277000      75611.43        4.01001800e-01       -1.25826250e-09  39.9792  39.3783
0202-02-10_13:26:48.480000      75611.63        4.11252700e-01       -7.00442500e-10  39.9792  39.3783
0202-02-10_13:26:48.684000      75611.84        4.20530300e-01       -6.38462500e-10  39.9792  39.3783
0202-02-10_13:26:48.880000      75612.03        4.30433900e-01       -3.24159250e-09  39.9792  39.3783
0202-02-10_13:26:49.090000      75612.24        4.40775400e-01       -3.90552500e-10  39.9792  39.3783
0202-02-10_13:26:49.310000      75612.46        4.51020300e-01       -6.71243250e-09  39.9683  39.3601
0202-02-10_13:26:49.504000      75612.66        4.60742900e-01       -1.25826250e-09  39.9683  39.3601
0202-02-10_13:26:49.707000      75612.86        4.70906300e-01       -2.99367250e-09  39.9683  39.3601
0202-02-10_13:26:49.902000      75613.06        4.79564700e-01        3.08028750e-09  39.9683  39.3601
0202-02-10_13:26:50.105000      75613.26        4.90504300e-01       -4.91503250e-09  39.9792  39.3723
0202-02-10_13:26:50.310000      75613.46        5.00376100e-01        3.53207500e-10  39.9792  39.3723
0202-02-10_13:26:50.500000      75613.65        5.09677200e-01       -1.63013250e-09  39.9792  39.3723
0202-02-10_13:26:50.695000      75613.85        5.20198200e-01        1.90268750e-09  39.9792  39.3723
0202-02-10_13:26:50.902000      75614.06        5.30112200e-01       -3.28572500e-10  39.9792  39.3723
0202-02-10_13:26:51.098000      75614.25        5.40063400e-01       -8.13795250e-09  39.9654  39.3594
0202-02-10_13:26:51.290000      75614.44        5.50280200e-01       -2.74576250e-09  39.9654  39.3594
0202-02-10_13:26:51.496000      75614.65        5.59784600e-01       -3.24159250e-09  39.9654  39.3594
0202-02-10_13:26:51.690000      75614.84        5.68885300e-01        3.94799750e-09  39.9654  39.3594
0202-02-10_13:26:51.883000      75615.04        5.79868400e-01       -2.66592500e-10  39.9654  39.3594
0202-02-10_13:26:52.105000      75615.26        5.89714200e-01        6.42716750e-09  39.9687  39.3725
0202-02-10_13:26:52.316000      75615.47        5.99402600e-01        6.49025750e-09  39.9687  39.3725
0202-02-10_13:26:52.516000      75615.67        6.09663900e-01        1.08930175e-08  39.9687  39.3725
0202-02-10_13:26:52.720000      75615.87        6.19298900e-01        3.51913750e-09  39.9687  39.3725
0202-02-10_13:26:52.920000      75616.08        6.29174400e-01        6.74262750e-09  39.9687  39.3725
0202-02-10_13:26:53.133000      75616.28        6.39509900e-01        8.66398750e-09  39.9740  39.3576
0202-02-10_13:26:53.332000      75616.48        6.48447400e-01        8.10616750e-09  39.9740  39.3576
0202-02-10_13:26:53.523000      75616.68        6.59107400e-01        1.08332575e-08  39.9740  39.3576
0202-02-10_13:26:53.715000      75616.87        6.69051100e-01        1.20108675e-08  39.9740  39.3576
0202-02-10_13:26:53.920000      75617.07        6.78468000e-01        1.18249275e-08  39.9740  39.3576
0202-02-10_13:26:54.130000      75617.28        6.88796100e-01        1.00895075e-08  39.9736  39.3764
0202-02-10_13:26:54.336000      75617.49        6.98989100e-01       -1.06677250e-09  39.9736  39.3764
0202-02-10_13:26:54.530000      75617.68        7.07791500e-01        2.77594750e-09  39.9736  39.3764
0202-02-10_13:26:54.734000      75617.89        7.18676200e-01        5.50303750e-09  39.9736  39.3764
0202-02-10_13:26:54.926000      75618.08        7.28441800e-01        7.30043750e-09  39.9736  39.3764
0202-02-10_13:26:55.137000      75618.29        7.37465800e-01        5.37907750e-09  39.9712  39.3561
0202-02-10_13:26:55.332000      75618.48        7.48449900e-01       -6.33501250e-09  39.9712  39.3561
0202-02-10_13:26:55.523000      75618.68        7.58274900e-01       -5.65324250e-09  39.9712  39.3561
0202-02-10_13:26:55.730000      75618.88        7.67530000e-01       -2.55427250e-09  39.9712  39.3561
0202-02-10_13:26:55.926000      75619.08        7.78172700e-01        2.28010750e-09  39.9712  39.3561
0202-02-10_13:26:56.125000      75619.28        7.88380600e-01       -1.62458250e-09  39.9663  39.3772
0202-02-10_13:26:56.332000      75619.48        7.97462000e-01       -6.39699250e-09  39.9663  39.3772
0202-02-10_13:26:56.523000      75619.68        8.07865800e-01       -2.36833250e-09  39.9663  39.3772
0202-02-10_13:26:56.715000      75619.87        8.18098300e-01        4.57334750e-09  39.9663  39.3772
0202-02-10_13:26:56.918000      75620.07        8.27463200e-01        1.03374275e-08  39.9663  39.3772
0202-02-10_13:26:57.117000      75620.27        8.37564200e-01        1.77129675e-08  39.9687  39.3611
0202-02-10_13:26:57.310000      75620.46        8.47298700e-01        1.40561875e-08  39.9687  39.3611
0202-02-10_13:26:57.516000      75620.67        8.57548100e-01        1.72791075e-08  39.9687  39.3611
0202-02-10_13:26:57.707000      75620.86        8.67092600e-01        1.66593175e-08  39.9687  39.3611
0202-02-10_13:26:57.900000      75621.05        8.77545300e-01        2.55843375e-08  39.9687  39.3611
0202-02-10_13:26:58.120000      75621.27        8.87250100e-01        2.58942375e-08  39.9718  39.3763
0202-02-10_13:26:58.312000      75621.47        8.96922500e-01        1.98819175e-08  39.9718  39.3763
0202-02-10_13:26:58.516000      75621.67        9.07295200e-01        1.11424975e-08  39.9718  39.3763
0202-02-10_13:26:58.710000      75621.86        9.17204700e-01        1.24436275e-08  39.9718  39.3763
0202-02-10_13:26:58.902000      75622.05        9.26084300e-01        1.62863375e-08  39.9718  39.3763
0202-02-10_13:26:59.113000      75622.26        9.37090700e-01        2.16165575e-08  39.9718  39.3763
0202-02-10_13:26:59.305000      75622.46        9.46771700e-01        2.42816675e-08  39.9707  39.3583
0202-02-10_13:26:59.500000      75622.65        9.56740600e-01        1.98191575e-08  39.9707  39.3583
0202-02-10_13:26:59.690000      75622.84        9.66665000e-01        1.69681175e-08  39.9707  39.3583
0202-02-10_13:26:59.890000      75623.05        9.76890900e-01        1.13899775e-08  39.9707  39.3583
0202-02-10_13:27:00.105000      75623.26        9.86398300e-01        1.95092675e-08  39.9707  39.3583
0202-02-10_13:27:00.316000      75623.47        9.96773900e-01        2.35998975e-08  39.9746  39.3713
0202-02-10_13:27:00.510000      75623.66        1.00665400e+00        2.86202275e-08  39.9746  39.3713
0202-02-10_13:27:00.703000      75623.86        1.01585200e+00        2.84342875e-08  39.9746  39.3713
0202-02-10_13:27:00.906000      75624.06        1.02651000e+00        2.83103275e-08  39.9746  39.3713
0202-02-10_13:27:01.110000      75624.26        1.03616300e+00        2.78144975e-08  39.9658  39.3589
0202-02-10_13:27:01.312000      75624.47        1.04593400e+00        2.01910375e-08  39.9658  39.3589
0202-02-10_13:27:01.516000      75624.67        1.05599300e+00        1.23816475e-08  39.9658  39.3589
0202-02-10_13:27:01.720000      75624.87        1.06601700e+00        1.33733175e-08  39.9658  39.3589
0202-02-10_13:27:01.920000      75625.07        1.07516000e+00        1.18858075e-08  39.9658  39.3589
0202-02-10_13:27:02.117000      75625.27        1.08628600e+00        1.02743475e-08  39.9723  39.3730
0202-02-10_13:27:02.324000      75625.48        1.09578100e+00        1.44269575e-08  39.9723  39.3730
0202-02-10_13:27:02.516000      75625.67        1.10519900e+00        7.67121750e-09  39.9723  39.3730
0202-02-10_13:27:02.707000      75625.86        1.11556600e+00        1.20097675e-08  39.9723  39.3730
0202-02-10_13:27:02.910000      75626.06        1.12553100e+00        2.21703750e-09  39.9723  39.3730
0202-02-10_13:27:03.117000      75626.27        1.13504900e+00        1.41170675e-08  39.9716  39.3578
0202-02-10_13:27:03.316000      75626.47        1.14572300e+00        7.73319750e-09  39.9716  39.3578
0202-02-10_13:27:03.516000      75626.67        1.15534300e+00        1.21337275e-08  39.9716  39.3578
0202-02-10_13:27:03.707000      75626.86        1.16447400e+00        6.18370750e-09  39.9716  39.3578
0202-02-10_13:27:03.900000      75627.05        1.17517100e+00        7.73319750e-09  39.9716  39.3578
0202-02-10_13:27:04.110000      75627.26        1.18522900e+00        8.72486750e-09  39.9821  39.3769
0202-02-10_13:27:04.312000      75627.47        1.19464200e+00        1.02130975e-08  39.9821  39.3769
0202-02-10_13:27:04.504000      75627.66        1.20502200e+00        1.09575775e-08  39.9821  39.3769
0202-02-10_13:27:04.703000      75627.86        1.21507000e+00        6.61999750e-09  39.9821  39.3769
0202-02-10_13:27:04.895000      75628.05        1.22452500e+00        3.95487750e-09  39.9821  39.3769
0202-02-10_13:27:05.098000      75628.25        1.23459500e+00        9.84291750e-09  39.9821  39.3769
0202-02-10_13:27:05.297000      75628.45        1.24472000e+00        2.77727750e-09  39.9727  39.3581
0202-02-10_13:27:05.492000      75628.64        1.25441400e+00       -1.12742250e-09  39.9727  39.3581
0202-02-10_13:27:05.680000      75628.84        1.26381300e+00       -1.49930250e-09  39.9727  39.3581
0202-02-10_13:27:05.887000      75629.04        1.27457300e+00        1.84758750e-09  39.9727  39.3581
0202-02-10_13:27:06.090000      75629.25        1.28422100e+00        5.93821750e-09  39.9801  39.3775
0202-02-10_13:27:06.297000      75629.45        1.29378100e+00        2.59133750e-09  39.9801  39.3775
0202-02-10_13:27:06.492000      75629.64        1.30401700e+00        5.75227750e-09  39.9801  39.3775
0202-02-10_13:27:06.684000      75629.84        1.31429900e+00        2.40539750e-09  39.9801  39.3775
0202-02-10_13:27:06.887000      75630.04        1.32314000e+00        2.09549750e-09  39.9801  39.3775
0202-02-10_13:27:07.100000      75630.26        1.33416300e+00       -3.54462250e-09  39.9746  39.3577
0202-02-10_13:27:07.310000      75630.46        1.34400000e+00        8.60332750e-09  39.9746  39.3577
0202-02-10_13:27:07.504000      75630.66        1.35349800e+00        1.43674075e-08  39.9746  39.3577
0202-02-10_13:27:07.707000      75630.86        1.36386200e+00        7.23978750e-09  39.9746  39.3577
0202-02-10_13:27:07.900000      75631.05        1.37339700e+00        1.28976750e-09  39.9746  39.3577
0202-02-10_13:27:08.113000      75631.27        1.38342500e+00       -7.94515250e-09  39.9726  39.3749
0202-02-10_13:27:08.310000      75631.46        1.39358400e+00        7.54968750e-09  39.9726  39.3749
0202-02-10_13:27:08.500000      75631.65        1.40342200e+00        1.12684475e-08  39.9726  39.3749
0202-02-10_13:27:08.690000      75631.85        1.41286000e+00        1.38095975e-08  39.9726  39.3749
0202-02-10_13:27:08.900000      75632.05        1.42289700e+00        2.40539750e-09  39.9726  39.3749
0202-02-10_13:27:09.117000      75632.27        1.43334500e+00        7.31957500e-10  39.9726  39.3749
0202-02-10_13:27:09.324000      75632.48        1.44303700e+00        7.92155750e-09  39.9710  39.3584
0202-02-10_13:27:09.516000      75632.67        1.45275800e+00        7.48770750e-09  39.9710  39.3584
0202-02-10_13:27:09.723000      75632.88        1.46310900e+00        7.61166750e-09  39.9710  39.3584
0202-02-10_13:27:09.918000      75633.07        1.47257900e+00        5.38040750e-09  39.9710  39.3584
0202-02-10_13:27:10.117000      75633.27        1.48245300e+00        9.03718750e-09  39.9793  39.3734
0202-02-10_13:27:10.330000      75633.48        1.49272600e+00        4.94644750e-09  39.9793  39.3734
0202-02-10_13:27:10.520000      75633.67        1.50276500e+00       -7.55732500e-10  39.9793  39.3734
0202-02-10_13:27:10.710000      75633.86        1.51178500e+00       -4.45912500e-10  39.9793  39.3734
0202-02-10_13:27:10.918000      75634.07        1.52274100e+00        4.26451750e-09  39.9793  39.3734
0202-02-10_13:27:11.117000      75634.27        1.53271000e+00       -3.21952500e-10  39.9800  39.3589
0202-02-10_13:27:11.312000      75634.47        1.54190800e+00       -2.73915250e-09  39.9800  39.3589
0202-02-10_13:27:11.508000      75634.66        1.55242800e+00       -3.73082250e-09  39.9800  39.3589
0202-02-10_13:27:11.703000      75634.86        1.56254500e+00       -3.48290250e-09  39.9800  39.3589
0202-02-10_13:27:11.895000      75635.05        1.57126600e+00       -2.24331250e-09  39.9800  39.3589
0202-02-10_13:27:12.110000      75635.26        1.58246800e+00        7.93667500e-10  39.9803  39.3738
0202-02-10_13:27:12.305000      75635.46        1.59229500e+00        6.49576750e-09  39.9803  39.3738
0202-02-10_13:27:12.496000      75635.65        1.60130900e+00        7.36347750e-09  39.9803  39.3738
0202-02-10_13:27:12.700000      75635.85        1.61201200e+00        2.83898750e-09  39.9803  39.3738
0202-02-10_13:27:12.895000      75636.05        1.62186600e+00        1.35148750e-09  39.9803  39.3738
0202-02-10_13:27:13.100000      75636.26        1.63124900e+00       -1.56154250e-09  39.9803  39.3738
0202-02-10_13:27:13.297000      75636.45        1.64178500e+00       -5.07892500e-10  39.9736  39.3583
0202-02-10_13:27:13.492000      75636.64        1.65163700e+00        6.12389750e-09  39.9736  39.3583
0202-02-10_13:27:13.688000      75636.84        1.66152100e+00        1.07103675e-08  39.9736  39.3583
0202-02-10_13:27:13.883000      75637.03        1.67110100e+00        4.14055750e-09  39.9736  39.3583
0202-02-10_13:27:14.090000      75637.24        1.68133900e+00        2.35857500e-10  39.9736  39.3778
0202-02-10_13:27:14.285000      75637.44        1.69153700e+00        1.72335750e-09  39.9736  39.3778
0202-02-10_13:27:14.477000      75637.63        1.70051400e+00        7.79733750e-09  39.9736  39.3778
0202-02-10_13:27:14.670000      75637.82        1.71124200e+00        6.24785750e-09  39.9736  39.3778
0202-02-10_13:27:14.875000      75638.03        1.72136900e+00        1.05864075e-08  39.9736  39.3778
0202-02-10_13:27:15.074000      75638.23        1.73056800e+00        3.39680750e-09  39.9736  39.3778
0202-02-10_13:27:15.270000      75638.42        1.74105600e+00       -1.49956250e-09  39.9674  39.3577
0202-02-10_13:27:15.477000      75638.63        1.75092600e+00       -1.22839725e-08  39.9674  39.3577
0202-02-10_13:27:15.668000      75638.82        1.76045200e+00       -6.95374250e-09  39.9674  39.3577
0202-02-10_13:27:15.860000      75639.01        1.77055500e+00        2.15721750e-09  39.9674  39.3577
0202-02-10_13:27:16.080000      75639.23        1.78083800e+00        6.49576750e-09  39.9674  39.3577
0202-02-10_13:27:16.273000      75639.43        1.79023300e+00        1.61631575e-08  39.9776  39.3737
0202-02-10_13:27:16.465000      75639.62        1.80051500e+00        5.56331750e-09  39.9776  39.3737
0202-02-10_13:27:16.660000      75639.81        1.81007900e+00        6.98698750e-09  39.9776  39.3737
0202-02-10_13:27:16.850000      75640.01        1.81942900e+00       -7.88804250e-09  39.9776  39.3737
0202-02-10_13:27:17.090000      75640.24        1.83043500e+00       -6.77241250e-09  39.9776  39.3737
0202-02-10_13:27:17.300000      75640.46        1.84022700e+00       -7.08230250e-09  39.9622  39.3562
0202-02-10_13:27:17.496000      75640.65        1.85043800e+00       -7.39220250e-09  39.9622  39.3562
0202-02-10_13:27:17.688000      75640.84        1.86002600e+00        3.02031750e-09  39.9622  39.3562
0202-02-10_13:27:17.880000      75641.03        1.86905500e+00        4.87969750e-09  39.9622  39.3562
0202-02-10_13:27:18.082000      75641.24        1.87978500e+00        6.73907750e-09  39.9622  39.3562
0202-02-10_13:27:18.280000      75641.43        1.89004100e+00        4.44583750e-09  39.9730  39.3739
0202-02-10_13:27:18.484000      75641.64        1.89889400e+00       -1.40622500e-10  39.9730  39.3739
0202-02-10_13:27:18.680000      75641.83        1.90953300e+00       -4.66511250e-09  39.9730  39.3739
0202-02-10_13:27:18.883000      75642.04        1.91974900e+00       -3.88542500e-10  39.9730  39.3739
0202-02-10_13:27:19.100000      75642.25        1.92935000e+00        2.46250750e-09  39.9730  39.3739
0202-02-10_13:27:19.305000      75642.46        1.93982100e+00        9.40418750e-09  39.9693  39.3587
0202-02-10_13:27:19.500000      75642.65        1.94970200e+00       -4.41720250e-09  39.9693  39.3587
0202-02-10_13:27:19.690000      75642.84        1.95892700e+00       -3.30157250e-09  39.9693  39.3587
0202-02-10_13:27:19.895000      75643.05        1.96947700e+00       -6.21459250e-09  39.9693  39.3587
0202-02-10_13:27:20.110000      75643.26        1.97977100e+00       -1.62813250e-09  39.9747  39.3734
0202-02-10_13:27:20.316000      75643.47        1.98896300e+00       -2.06198250e-09  39.9747  39.3734
0202-02-10_13:27:20.508000      75643.66        1.99918000e+00        1.09895750e-09  39.9747  39.3734
0202-02-10_13:27:20.703000      75643.85        2.00893900e+00        1.84270750e-09  39.9747  39.3734
0202-02-10_13:27:20.895000      75644.05        2.01869500e+00       -2.30990250e-09  39.9747  39.3734
0202-02-10_13:27:21.105000      75644.26        2.02883300e+00        3.70208750e-09  39.9597  39.3594
0202-02-10_13:27:21.316000      75644.47        2.03872600e+00        7.89057500e-10  39.9597  39.3594
0202-02-10_13:27:21.520000      75644.67        2.04865000e+00        4.56979750e-09  39.9597  39.3594
0202-02-10_13:27:21.720000      75644.87        2.05891900e+00       -1.07031250e-09  39.9597  39.3594
0202-02-10_13:27:21.920000      75645.08        2.06843700e+00        2.71041750e-09  39.9597  39.3594
0202-02-10_13:27:22.120000      75645.27        2.07809800e+00        1.07673275e-08  39.9673  39.3739
0202-02-10_13:27:22.330000      75645.48        2.08890400e+00        1.59100275e-08  39.9673  39.3739
0202-02-10_13:27:22.523000      75645.68        2.09823300e+00        1.09504975e-08  39.9673  39.3739
0202-02-10_13:27:22.715000      75645.87        2.10793600e+00        1.07017875e-08  39.9673  39.3739
0202-02-10_13:27:22.918000      75646.07        2.11853700e+00        4.99969750e-09  39.9673  39.3739
0202-02-10_13:27:23.120000      75646.28        2.12846300e+00        9.83407750e-09  39.9658  39.3549
0202-02-10_13:27:23.312000      75646.47        2.13775400e+00        7.23094750e-09  39.9658  39.3549
0202-02-10_13:27:23.523000      75646.68        2.14811500e+00        6.61147500e-10  39.9658  39.3549
0202-02-10_13:27:23.720000      75646.87        2.15824200e+00        5.18563750e-09  39.9658  39.3549
0202-02-10_13:27:23.910000      75647.06        2.16731900e+00        9.64813750e-09  39.9658  39.3549
0202-02-10_13:27:24.120000      75647.27        2.17791700e+00        8.96636750e-09  39.9792  39.3772
0202-02-10_13:27:24.316000      75647.47        2.18801500e+00        1.24372075e-08  39.9792  39.3772
0202-02-10_13:27:24.508000      75647.66        2.19693900e+00        1.37387675e-08  39.9792  39.3772
0202-02-10_13:27:24.710000      75647.86        2.20774800e+00        2.04325275e-08  39.9792  39.3772
0202-02-10_13:27:24.902000      75648.06        2.21771000e+00        2.03705475e-08  39.9792  39.3772
0202-02-10_13:27:25.113000      75648.27        2.22656700e+00        1.36148075e-08  39.9633  39.3565
0202-02-10_13:27:25.312000      75648.46        2.23749500e+00        9.58615750e-09  39.9633  39.3565
0202-02-10_13:27:25.504000      75648.66        2.24752200e+00        4.93771750e-09  39.9633  39.3565
0202-02-10_13:27:25.695000      75648.85        2.25662300e+00        5.74344750e-09  39.9633  39.3565
0202-02-10_13:27:25.902000      75649.06        2.26696300e+00        1.29330375e-08  39.9633  39.3565
0202-02-10_13:27:26.113000      75649.27        2.27747600e+00        1.42346075e-08  39.9819  39.3782
0202-02-10_13:27:26.320000      75649.47        2.28688600e+00        2.12382575e-08  39.9819  39.3782
0202-02-10_13:27:26.510000      75649.67        2.29697600e+00        1.77674175e-08  39.9819  39.3782
0202-02-10_13:27:26.703000      75649.86        2.30685500e+00        1.04538675e-08  39.9819  39.3782
0202-02-10_13:27:26.910000      75650.06        2.31580700e+00        1.16314775e-08  39.9819  39.3782
0202-02-10_13:27:27.110000      75650.26        2.32685300e+00        1.45444975e-08  39.9680  39.3573
0202-02-10_13:27:27.316000      75650.47        2.33686100e+00        2.21059675e-08  39.9680  39.3573
0202-02-10_13:27:27.516000      75650.67        2.34622400e+00        1.88830475e-08  39.9680  39.3573
0202-02-10_13:27:27.720000      75650.87        2.35679400e+00        1.36767875e-08  39.9680  39.3573
0202-02-10_13:27:27.920000      75651.07        2.36652800e+00        1.81392975e-08  39.9680  39.3573
0202-02-10_13:27:28.120000      75651.27        2.37607100e+00        1.32427875e-08  39.9724  39.3755
0202-02-10_13:27:28.330000      75651.48        2.38640100e+00        1.80765875e-08  39.9724  39.3755
0202-02-10_13:27:28.520000      75651.67        2.39646700e+00        2.27245875e-08  39.9724  39.3755
0202-02-10_13:27:28.710000      75651.87        2.40526200e+00        2.84883575e-08  39.9724  39.3755
0202-02-10_13:27:28.914000      75652.07        2.41609600e+00        2.78685675e-08  39.9724  39.3755
0202-02-10_13:27:29.117000      75652.27        2.42643000e+00        1.78279375e-08  39.9667  39.3606
0202-02-10_13:27:29.310000      75652.46        2.43578600e+00        1.82617875e-08  39.9667  39.3606
0202-02-10_13:27:29.510000      75652.66        2.44585800e+00        1.67123075e-08  39.9667  39.3606
0202-02-10_13:27:29.710000      75652.87        2.45610100e+00        1.60925175e-08  39.9667  39.3606
0202-02-10_13:27:29.906000      75653.06        2.46531200e+00        1.47289775e-08  39.9667  39.3606
0202-02-10_13:27:30.120000      75653.27        2.47583400e+00        1.83857475e-08  39.9706  39.3743
0202-02-10_13:27:30.320000      75653.47        2.48563200e+00        2.81784675e-08  39.9706  39.3743
0202-02-10_13:27:30.523000      75653.68        2.49519000e+00        1.92534575e-08  39.9706  39.3743
0202-02-10_13:27:30.715000      75653.87        2.50556000e+00        1.95013775e-08  39.9706  39.3743
0202-02-10_13:27:30.918000      75654.07        2.51522300e+00        1.25596975e-08  39.9706  39.3743
0202-02-10_13:27:31.137000      75654.29        2.52473800e+00        2.27242975e-08  39.9749  39.3598
0202-02-10_13:27:31.336000      75654.49        2.53548900e+00        2.26623175e-08  39.9749  39.3598
0202-02-10_13:27:31.527000      75654.68        2.54500000e+00        1.46050175e-08  39.9749  39.3598
0202-02-10_13:27:31.723000      75654.87        2.55475300e+00        1.00185575e-08  39.9749  39.3598
0202-02-10_13:27:31.930000      75655.08        2.56528000e+00        1.24357475e-08  39.9749  39.3598
0202-02-10_13:27:32.130000      75655.28        2.57520100e+00        1.32414775e-08  39.9875  39.3752
0202-02-10_13:27:32.320000      75655.47        2.58430000e+00        9.70865750e-09  39.9875  39.3752
0202-02-10_13:27:32.523000      75655.68        2.59510500e+00        8.34511750e-09  39.9875  39.3752
0202-02-10_13:27:32.727000      75655.88        2.60488400e+00        1.35513675e-08  39.9875  39.3752
0202-02-10_13:27:32.918000      75656.07        2.61439100e+00        1.67123075e-08  39.9875  39.3752
0202-02-10_13:27:33.137000      75656.29        2.62492700e+00        1.24357475e-08  39.9733  39.3592
0202-02-10_13:27:33.348000      75656.50        2.63458100e+00        1.37373075e-08  39.9733  39.3592
0202-02-10_13:27:33.547000      75656.70        2.64453600e+00        8.96490750e-09  39.9733  39.3592
0202-02-10_13:27:33.742000      75656.89        2.65456300e+00        1.74560575e-08  39.9733  39.3592
0202-02-10_13:27:33.950000      75657.10        2.66428100e+00        1.39232475e-08  39.9733  39.3592
0202-02-10_13:27:34.156000      75657.31        2.67454500e+00        2.30334475e-08  39.9615  39.3758
0202-02-10_13:27:34.363000      75657.52        2.68474300e+00        2.28463875e-08  39.9615  39.3758
0202-02-10_13:27:34.555000      75657.71        2.69411200e+00        1.85683275e-08  39.9615  39.3758
0202-02-10_13:27:34.750000      75657.90        2.70418400e+00        1.28658675e-08  39.9615  39.3758
0202-02-10_13:27:34.940000      75658.09        2.71434300e+00        1.16262875e-08  39.9615  39.3758
0202-02-10_13:27:35.145000      75658.30        2.72370600e+00        1.30518075e-08  39.9590  39.3537
0202-02-10_13:27:35.336000      75658.49        2.73408200e+00        2.29684775e-08  39.9590  39.3537
0202-02-10_13:27:35.530000      75658.68        2.74414300e+00        1.81341075e-08  39.9590  39.3537
0202-02-10_13:27:35.727000      75658.88        2.75341000e+00        1.96835775e-08  39.9590  39.3537
0202-02-10_13:27:35.920000      75659.07        2.76359700e+00        2.28445175e-08  39.9590  39.3537
0202-02-10_13:27:36.130000      75659.28        2.77388300e+00        2.47038975e-08  39.9793  39.3777
0202-02-10_13:27:36.324000      75659.48        2.78373100e+00        2.73689975e-08  39.9793  39.3777
0202-02-10_13:27:36.520000      75659.67        2.79254900e+00        2.20387875e-08  39.9793  39.3777
0202-02-10_13:27:36.710000      75659.86        2.80369800e+00        2.60054575e-08  39.9793  39.3777
0202-02-10_13:27:36.910000      75660.06        2.81355500e+00        2.56335875e-08  39.9793  39.3777
0202-02-10_13:27:37.113000      75660.27        2.82330300e+00        2.51997275e-08  39.9652  39.3573
0202-02-10_13:27:37.316000      75660.47        2.83301200e+00        2.01174375e-08  39.9652  39.3573
0202-02-10_13:27:37.508000      75660.66        2.84337900e+00        2.66872275e-08  39.9652  39.3573
0202-02-10_13:27:37.703000      75660.86        2.85308100e+00        3.23273375e-08  39.9652  39.3573
0202-02-10_13:27:37.906000      75661.06        2.86241000e+00        3.77814975e-08  39.9652  39.3573
0202-02-10_13:27:38.113000      75661.27        2.87307000e+00        3.17075375e-08  39.9764  39.3743
0202-02-10_13:27:38.320000      75661.47        2.88291200e+00        2.96622275e-08  39.9764  39.3743
0202-02-10_13:27:38.510000      75661.67        2.89241100e+00        3.12736875e-08  39.9764  39.3743
0202-02-10_13:27:38.707000      75661.86        2.90278900e+00        3.28851475e-08  39.9764  39.3743
0202-02-10_13:27:38.900000      75662.05        2.91282500e+00        4.04466075e-08  39.9764  39.3743
0202-02-10_13:27:39.117000      75662.27        2.92228000e+00        5.32762975e-08  39.9637  39.3602
0202-02-10_13:27:39.312000      75662.47        2.93293600e+00        5.36481675e-08  39.9637  39.3602
0202-02-10_13:27:39.520000      75662.67        2.94264100e+00        5.39580675e-08  39.9637  39.3602
0202-02-10_13:27:39.710000      75662.87        2.95122400e+00        5.27184875e-08  39.9637  39.3602
0202-02-10_13:27:39.914000      75663.07        2.96258400e+00        6.66018175e-08  39.9637  39.3602
0202-02-10_13:27:40.117000      75663.27        2.97244500e+00        6.74694175e-08  39.9744  39.3760
0202-02-10_13:27:40.312000      75663.46        2.98210900e+00        6.92666375e-08  39.9744  39.3760
0202-02-10_13:27:40.516000      75663.67        2.99233900e+00        7.75096375e-08  39.9744  39.3760
0202-02-10_13:27:40.710000      75663.86        3.00208600e+00        8.02366675e-08  39.9744  39.3760
0202-02-10_13:27:40.902000      75664.06        3.01110600e+00        9.41199975e-08  39.9744  39.3760
0202-02-10_13:27:41.113000      75664.27        3.02223100e+00        9.83965575e-08  39.9567  39.3576
0202-02-10_13:27:41.316000      75664.47        3.03200300e+00        1.10234577e-07  39.9567  39.3576
0202-02-10_13:27:41.520000      75664.67        3.04133300e+00        1.12465828e-07  39.9567  39.3576
0202-02-10_13:27:41.710000      75664.87        3.05168400e+00        1.21824687e-07  39.9567  39.3576
0202-02-10_13:27:41.902000      75665.06        3.06178200e+00        1.29510107e-07  39.9567  39.3576
0202-02-10_13:27:42.113000      75665.27        3.07056900e+00        1.39240838e-07  39.9729  39.3750
0202-02-10_13:27:42.310000      75665.46        3.08179400e+00        1.51078858e-07  39.9729  39.3750
0202-02-10_13:27:42.500000      75665.65        3.09132800e+00        1.62049167e-07  39.9729  39.3750
0202-02-10_13:27:42.690000      75665.85        3.10039600e+00        1.74444998e-07  39.9729  39.3750
0202-02-10_13:27:42.887000      75666.04        3.11122900e+00        1.86902817e-07  39.9729  39.3750
0202-02-10_13:27:43.094000      75666.25        3.12111100e+00        2.05434588e-07  39.9729  39.3750
0202-02-10_13:27:43.290000      75666.44        3.13030000e+00        2.24152297e-07  39.9610  39.3564
0202-02-10_13:27:43.484000      75666.64        3.14094200e+00        2.34254897e-07  39.9610  39.3564
0202-02-10_13:27:43.676000      75666.83        3.15096300e+00        2.51361157e-07  39.9610  39.3564
0202-02-10_13:27:43.880000      75667.03        3.16039800e+00        2.74727297e-07  39.9610  39.3564
0202-02-10_13:27:44.098000      75667.25        3.17059500e+00        3.01068448e-07  39.9610  39.3564
0202-02-10_13:27:44.312000      75667.47        3.18084000e+00        3.15137718e-07  39.9723  39.3772
0202-02-10_13:27:44.508000      75667.66        3.18997800e+00        3.33979387e-07  39.9723  39.3772
0202-02-10_13:27:44.715000      75667.87        3.20028600e+00        3.50341888e-07  39.9723  39.3772
0202-02-10_13:27:44.910000      75668.06        3.21025500e+00        3.87095537e-07  39.9723  39.3772
0202-02-10_13:27:45.113000      75668.27        3.21993900e+00        4.14366367e-07  39.9656  39.3574
0202-02-10_13:27:45.316000      75668.47        3.23035700e+00        4.56016378e-07  39.9656  39.3574
0202-02-10_13:27:45.508000      75668.66        3.24015800e+00        4.82605437e-07  39.9656  39.3574
0202-02-10_13:27:45.700000      75668.85        3.24971500e+00        5.13409087e-07  39.9656  39.3574
0202-02-10_13:27:45.902000      75669.06        3.25939700e+00        5.51960128e-07  39.9656  39.3574
0202-02-10_13:27:46.120000      75669.27        3.26995700e+00        6.00180578e-07  39.9746  39.3781
0202-02-10_13:27:46.312000      75669.47        3.27976400e+00        6.32844587e-07  39.9746  39.3781
0202-02-10_13:27:46.510000      75669.66        3.28931200e+00        6.77904768e-07  39.9746  39.3781
0202-02-10_13:27:46.703000      75669.86        3.30000200e+00        7.12737407e-07  39.9746  39.3781
0202-02-10_13:27:46.895000      75670.05        3.30994400e+00        7.56432747e-07  39.9746  39.3781
0202-02-10_13:27:47.110000      75670.26        3.31886500e+00        8.23122378e-07  39.9680  39.3556
0202-02-10_13:27:47.305000      75670.46        3.32955800e+00        8.73635427e-07  39.9680  39.3556
0202-02-10_13:27:47.496000      75670.65        3.33977100e+00        9.29912548e-07  39.9680  39.3556
0202-02-10_13:27:47.690000      75670.85        3.34912400e+00        1.00025894e-06  39.9680  39.3556
0202-02-10_13:27:47.887000      75671.04        3.35922500e+00        1.06750638e-06  39.9680  39.3556
0202-02-10_13:27:48.094000      75671.25        3.36921300e+00        1.12787413e-06  39.9680  39.3556
0202-02-10_13:27:48.297000      75671.45        3.37919200e+00        1.22449971e-06  39.9775  39.3747
0202-02-10_13:27:48.490000      75671.64        3.38893000e+00        1.29435027e-06  39.9775  39.3747
0202-02-10_13:27:48.680000      75671.83        3.39911100e+00        1.37182428e-06  39.9775  39.3747
0202-02-10_13:27:48.883000      75672.03        3.40894300e+00        1.45593006e-06  39.9775  39.3747
0202-02-10_13:27:49.090000      75672.25        3.41878700e+00        1.54375459e-06  39.9775  39.3747
0202-02-10_13:27:49.290000      75672.44        3.42908100e+00        1.67143176e-06  39.9633  39.3549
0202-02-10_13:27:49.484000      75672.64        3.43884800e+00        1.76811932e-06  39.9633  39.3549
0202-02-10_13:27:49.676000      75672.83        3.44854100e+00        1.86474490e-06  39.9633  39.3549
0202-02-10_13:27:49.883000      75673.04        3.45843500e+00        1.96837413e-06  39.9633  39.3549
0202-02-10_13:27:50.110000      75673.26        3.46913400e+00        2.12326016e-06  39.9633  39.3549
0202-02-10_13:27:50.316000      75673.47        3.47863100e+00        2.27963370e-06  39.9622  39.3705
0202-02-10_13:27:50.510000      75673.66        3.48846500e+00        2.39231189e-06  39.9622  39.3705
0202-02-10_13:27:50.710000      75673.87        3.49862300e+00        2.51279947e-06  39.9622  39.3705
0202-02-10_13:27:50.914000      75674.07        3.50840200e+00        2.69036989e-06  39.9622  39.3705
0202-02-10_13:27:51.120000      75674.27        3.51840800e+00        2.83347987e-06  39.9702  39.3581
0202-02-10_13:27:51.324000      75674.48        3.52866100e+00        3.01898363e-06  39.9702  39.3581
0202-02-10_13:27:51.516000      75674.67        3.53790500e+00        3.17703060e-06  39.9702  39.3581
0202-02-10_13:27:51.707000      75674.86        3.54764000e+00        3.33817653e-06  39.9702  39.3581
0202-02-10_13:27:51.910000      75675.07        3.55813100e+00        3.52027144e-06  39.9702  39.3581
0202-02-10_13:27:52.117000      75675.27        3.56831400e+00        3.76608111e-06  39.9680  39.3743
0202-02-10_13:27:52.310000      75675.46        3.57760500e+00        3.96546844e-06  39.9680  39.3743
0202-02-10_13:27:52.516000      75675.67        3.58780400e+00        4.23867309e-06  39.9680  39.3743
0202-02-10_13:27:52.707000      75675.86        3.59767300e+00        4.45739780e-06  39.9680  39.3743
0202-02-10_13:27:52.902000      75676.05        3.60653700e+00        4.67159794e-06  39.9680  39.3743
0202-02-10_13:27:53.110000      75676.26        3.61744600e+00        4.97814711e-06  39.9738  39.3574
0202-02-10_13:27:53.300000      75676.45        3.62763600e+00        5.21459777e-06  39.9738  39.3574
0202-02-10_13:27:53.492000      75676.65        3.63666100e+00        5.46214277e-06  39.9738  39.3574
0202-02-10_13:27:53.700000      75676.85        3.64754800e+00        5.81486647e-06  39.9738  39.3574
0202-02-10_13:27:53.890000      75677.04        3.65778500e+00        6.09439267e-06  39.9738  39.3574
0202-02-10_13:27:54.090000      75677.24        3.66671600e+00        6.38191417e-06  39.9915  39.3780
0202-02-10_13:27:54.290000      75677.44        3.67734100e+00        6.78391137e-06  39.9915  39.3780
0202-02-10_13:27:54.484000      75677.64        3.68753900e+00        7.09703037e-06  39.9915  39.3780
0202-02-10_13:27:54.676000      75677.83        3.69592700e+00        7.42328887e-06  39.9915  39.3780
0202-02-10_13:27:54.867000      75678.02        3.70708600e+00        7.78964797e-06  39.9915  39.3780
0202-02-10_13:27:55.090000      75678.24        3.71693800e+00        8.17466287e-06  39.9915  39.3780
0202-02-10_13:27:55.285000      75678.44        3.72657300e+00        8.71518347e-06  39.9680  39.3560
0202-02-10_13:27:55.490000      75678.64        3.73657300e+00        9.09759517e-06  39.9680  39.3560
0202-02-10_13:27:55.690000      75678.85        3.74678700e+00        9.61530757e-06  39.9680  39.3560
0202-02-10_13:27:55.883000      75679.04        3.75619200e+00        1.00200938e-05  39.9680  39.3560
0202-02-10_13:27:56.105000      75679.26        3.76652700e+00        1.06135447e-05  39.9775  39.3767
0202-02-10_13:27:56.312000      75679.47        3.77646300e+00        1.10379163e-05  39.9775  39.3767
0202-02-10_13:27:56.510000      75679.67        3.78648600e+00        1.16424615e-05  39.9775  39.3767
0202-02-10_13:27:56.715000      75679.87        3.79632200e+00        1.29498509e-05  39.9775  39.3767
0202-02-10_13:27:56.910000      75680.06        3.80610300e+00        1.30923411e-05  39.9775  39.3767
0202-02-10_13:27:57.110000      75680.26        3.81589200e+00        1.33777554e-05  39.9704  39.3551
0202-02-10_13:27:57.316000      75680.47        3.82640100e+00        1.48029672e-05  39.9704  39.3551
0202-02-10_13:27:57.508000      75680.66        3.83617100e+00        1.49615100e-05  39.9704  39.3551
0202-02-10_13:27:57.703000      75680.86        3.84511400e+00        1.52785337e-05  39.9704  39.3551
0202-02-10_13:27:57.906000      75681.06        3.85609100e+00        1.65298319e-05  39.9704  39.3551
0202-02-10_13:27:58.110000      75681.26        3.86594100e+00        1.78722480e-05  39.9720  39.3715
0202-02-10_13:27:58.316000      75681.47        3.87549200e+00        1.79416647e-05  39.9720  39.3715
0202-02-10_13:27:58.508000      75681.66        3.88593100e+00        1.94415620e-05  39.9720  39.3715
0202-02-10_13:27:58.710000      75681.86        3.89562200e+00        1.95761189e-05  39.9720  39.3715
0202-02-10_13:27:58.914000      75682.07        3.90539500e+00        2.11992929e-05  39.9720  39.3715