# Ic = 7.40 A, n = 30.04 , Tavg = 20.68 K, ffj38-80e19pm2-anneal260k-1h-21k-CAEN
#datetime                        t_s     iHTS_A                vHTS_V                tHTS_K  tTAR_K
0202-08-14_21:10:20.387000      521929.62        0.00000000e+00       -3.56881583e-09  20.6694  19.0985
0202-08-14_21:10:20.460000      521929.70       -5.37716672e-02       -1.08975583e-09  20.6694  19.0985
0202-08-14_21:10:20.520000      521929.76       -4.44526039e-02       -3.46035833e-10  20.6713  19.3201
0202-08-14_21:10:20.580000      521929.81       -3.30040827e-02       -7.79865833e-10  20.6713  19.3201
0202-08-14_21:10:20.630000      521929.87       -2.38504782e-02        2.13303417e-09  20.6713  19.3201
0202-08-14_21:10:20.688000      521929.93       -1.28402747e-02        2.69082417e-09  20.6713  19.3201
0202-08-14_21:10:20.773000      521930.01       -4.27624770e-03        4.48814417e-09  20.6713  19.3201
0202-08-14_21:10:20.816000      521930.05        5.74599626e-03        6.28546417e-09  20.6713  19.3201
0202-08-14_21:10:20.880000      521930.12        1.55768525e-02        3.93035417e-09  20.6713  19.3201
0202-08-14_21:10:20.926000      521930.16        2.56319772e-02        5.60372417e-09  20.6713  19.3201
0202-08-14_21:10:20.980000      521930.22        3.56513262e-02        7.21511417e-09  20.6713  19.3201
0202-08-14_21:10:21.055000      521930.29        4.55797911e-02        7.27709417e-09  20.6713  19.3201
0202-08-14_21:10:21.110000      521930.35        5.55731021e-02        7.09116417e-09  20.6713  19.3201
0202-08-14_21:10:21.180000      521930.42        6.55302256e-02        7.46302417e-09  20.6713  19.3201
0202-08-14_21:10:21.223000      521930.46        7.55220205e-02        7.58697417e-09  20.6713  19.3201
0202-08-14_21:10:21.280000      521930.52        8.56249928e-02        6.47139417e-09  20.6713  19.3201
0202-08-14_21:10:21.350000      521930.59        9.56180245e-02        5.85162417e-09  20.6713  19.3201
0202-08-14_21:10:21.414000      521930.65        1.05680391e-01        2.93872417e-09  20.6713  19.3201
0202-08-14_21:10:21.470000      521930.70        1.15571648e-01        5.35581417e-09  20.6713  19.3201
0202-08-14_21:10:21.520000      521930.76        1.26167446e-01        4.73605417e-09  20.6741  19.0402
0202-08-14_21:10:21.582000      521930.82        1.36355415e-01        3.93035417e-09  20.6741  19.0402
0202-08-14_21:10:21.650000      521930.89        1.45526066e-01        4.30221417e-09  20.6741  19.0402
0202-08-14_21:10:21.703000      521930.94        1.55502394e-01        5.35581417e-09  20.6741  19.0402
0202-08-14_21:10:21.758000      521930.99        1.65565491e-01        4.67407417e-09  20.6741  19.0402
0202-08-14_21:10:21.816000      521931.05        1.75736800e-01        4.42616417e-09  20.6741  19.0402
0202-08-14_21:10:21.883000      521931.12        1.85655117e-01        7.77290417e-09  20.6741  19.0402
0202-08-14_21:10:21.940000      521931.18        1.95627198e-01        7.27709417e-09  20.6741  19.0402
0202-08-14_21:10:21.996000      521931.23        2.05524877e-01        8.45464417e-09  20.6741  19.0402
0202-08-14_21:10:22.047000      521931.28        2.15573817e-01        9.38429417e-09  20.6741  19.0402
0202-08-14_21:10:22.110000      521931.34        2.25568175e-01        8.70255417e-09  20.6741  19.0402
0202-08-14_21:10:22.156000      521931.39        2.35619202e-01        8.45464417e-09  20.6741  19.0402
0202-08-14_21:10:22.230000      521931.47        2.45666549e-01        8.51662417e-09  20.6741  19.0402
0202-08-14_21:10:22.300000      521931.54        2.55554616e-01        8.82650417e-09  20.6741  19.0402
0202-08-14_21:10:22.340000      521931.58        2.65495181e-01        8.76453417e-09  20.6741  19.0402
0202-08-14_21:10:22.402000      521931.64        2.75547028e-01        8.70255417e-09  20.6741  19.0402
0202-08-14_21:10:22.453000      521931.69        2.85619795e-01        5.66569417e-09  20.6741  19.0402
0202-08-14_21:10:22.527000      521931.77        2.96540201e-01        4.79777417e-09  20.6403  19.1521
0202-08-14_21:10:22.594000      521931.83        3.05513471e-01        4.85950417e-09  20.6403  19.1521
0202-08-14_21:10:22.652000      521931.89        3.15468043e-01        4.05356417e-09  20.6403  19.1521
0202-08-14_21:10:22.695000      521931.93        3.25462818e-01        7.58597417e-09  20.6403  19.1521
0202-08-14_21:10:22.746000      521931.98        3.35656732e-01        7.39980417e-09  20.6403  19.1521
0202-08-14_21:10:22.836000      521932.07        3.45627815e-01        9.38280417e-09  20.6403  19.1521
0202-08-14_21:10:22.883000      521932.12        3.55647266e-01        1.01882442e-08  20.6403  19.1521
0202-08-14_21:10:22.938000      521932.17        3.65797788e-01        1.32248542e-08  20.6403  19.1521
0202-08-14_21:10:22.996000      521932.23        3.75211388e-01        1.48359942e-08  20.6403  19.1521
0202-08-14_21:10:23.050000      521932.29        3.85645330e-01        1.75007442e-08  20.6403  19.1521
0202-08-14_21:10:23.125000      521932.36        3.96013260e-01        2.02896842e-08  20.6403  19.1521
0202-08-14_21:10:23.184000      521932.42        4.05663371e-01        2.02277142e-08  20.6403  19.1521
0202-08-14_21:10:23.234000      521932.47        4.15631771e-01        2.22729442e-08  20.6403  19.1521
0202-08-14_21:10:23.293000      521932.53        4.25548881e-01        1.96079442e-08  20.6403  19.1521
0202-08-14_21:10:23.344000      521932.58        4.35614318e-01        2.00417842e-08  20.6403  19.1521
0202-08-14_21:10:23.420000      521932.66        4.45600837e-01        1.94220142e-08  20.6403  19.1521
0202-08-14_21:10:23.480000      521932.72        4.58998531e-01        1.88642242e-08  20.6401  19.3228
0202-08-14_21:10:23.530000      521932.77        4.66039956e-01        1.86782942e-08  20.6401  19.3228
0202-08-14_21:10:23.586000      521932.82        4.75551039e-01        1.83684142e-08  20.6401  19.3228
0202-08-14_21:10:23.650000      521932.88        4.86585140e-01        1.84923642e-08  20.6401  19.3228
0202-08-14_21:10:23.734000      521932.97        4.95749354e-01        1.74387642e-08  20.6401  19.3228
0202-08-14_21:10:23.793000      521933.03        5.05567670e-01        1.81205042e-08  20.6401  19.3228
0202-08-14_21:10:23.836000      521933.07        5.15664160e-01        1.88022542e-08  20.6401  19.3228
0202-08-14_21:10:23.890000      521933.13        5.25748312e-01        2.04136442e-08  20.6401  19.3228
0202-08-14_21:10:23.940000      521933.18        5.35539746e-01        2.01037542e-08  20.6401  19.3228
0202-08-14_21:10:24.016000      521933.25        5.45542419e-01        1.87402742e-08  20.6401  19.3228
0202-08-14_21:10:24.082000      521933.32        5.55507720e-01        1.83064342e-08  20.6401  19.3228
0202-08-14_21:10:24.130000      521933.36        5.65616488e-01        1.81824842e-08  20.6401  19.3228
0202-08-14_21:10:24.184000      521933.42        5.75647175e-01        1.83064342e-08  20.6401  19.3228
0202-08-14_21:10:24.234000      521933.47        5.85629821e-01        1.74387642e-08  20.6401  19.3228
0202-08-14_21:10:24.312000      521933.55        5.95676780e-01        1.82444642e-08  20.6401  19.3228
0202-08-14_21:10:24.387000      521933.63        6.05652273e-01        1.87402742e-08  20.6401  19.3228
0202-08-14_21:10:24.434000      521933.67        6.15827918e-01        1.66950442e-08  20.6401  19.3228
0202-08-14_21:10:24.484000      521933.72        6.26797140e-01        1.84923642e-08  20.6555  19.1030
0202-08-14_21:10:24.540000      521933.77        6.35836959e-01        2.13432942e-08  20.6555  19.1030
0202-08-14_21:10:24.613000      521933.85        6.45652533e-01        2.28307242e-08  20.6555  19.1030
0202-08-14_21:10:24.676000      521933.91        6.55506372e-01        2.36984042e-08  20.6555  19.1030
0202-08-14_21:10:24.740000      521933.97        6.65599823e-01        2.33265442e-08  20.6555  19.1030
0202-08-14_21:10:24.780000      521934.02        6.75587475e-01        2.24588742e-08  20.6555  19.1030
0202-08-14_21:10:24.832000      521934.07        6.85693324e-01        2.54957242e-08  20.6555  19.1030
0202-08-14_21:10:24.918000      521934.16        6.95709586e-01        2.66113042e-08  20.6555  19.1030
0202-08-14_21:10:24.984000      521934.22        7.05555022e-01        2.69211842e-08  20.6555  19.1030
0202-08-14_21:10:25.023000      521934.26        7.15696454e-01        2.69211842e-08  20.6555  19.1030
0202-08-14_21:10:25.082000      521934.32        7.25567281e-01        2.78508342e-08  20.6555  19.1030
0202-08-14_21:10:25.137000      521934.37        7.36255884e-01        2.66732742e-08  20.6555  19.1030
0202-08-14_21:10:25.254000      521934.49        7.45632589e-01        2.82846742e-08  20.6555  19.1030
0202-08-14_21:10:25.320000      521934.56        7.55566955e-01        3.00200142e-08  20.6555  19.1030
0202-08-14_21:10:25.367000      521934.60        7.65558779e-01        3.05158242e-08  20.6555  19.1030
0202-08-14_21:10:25.434000      521934.67        7.75953770e-01        3.33667542e-08  20.6555  19.1030
0202-08-14_21:10:25.484000      521934.72        7.86474049e-01        3.26230342e-08  20.6503  19.0951
0202-08-14_21:10:25.555000      521934.79        7.96061337e-01        3.45443042e-08  20.6503  19.0951
0202-08-14_21:10:25.610000      521934.84        8.05486500e-01        3.61556942e-08  20.6503  19.0951
0202-08-14_21:10:25.660000      521934.90        8.15594494e-01        3.72093042e-08  20.6503  19.0951
0202-08-14_21:10:25.720000      521934.96        8.25631022e-01        3.72093042e-08  20.6503  19.0951
0202-08-14_21:10:25.777000      521935.01        8.35727692e-01        3.74572042e-08  20.6503  19.0951
0202-08-14_21:10:25.844000      521935.08        8.45673203e-01        3.67134842e-08  20.6503  19.0951
0202-08-14_21:10:25.900000      521935.14        8.55523765e-01        3.73332542e-08  20.6503  19.0951
0202-08-14_21:10:25.957000      521935.19        8.67293298e-01        3.91305742e-08  20.6503  19.0951
0202-08-14_21:10:26.010000      521935.25        8.75543296e-01        3.88826742e-08  20.6503  19.0951
0202-08-14_21:10:26.070000      521935.31        8.85535061e-01        4.01222042e-08  20.6503  19.0951
0202-08-14_21:10:26.140000      521935.38        8.96517932e-01        3.96883642e-08  20.6503  19.0951
0202-08-14_21:10:26.207000      521935.44        9.05542850e-01        3.90066242e-08  20.6503  19.0951
0202-08-14_21:10:26.254000      521935.49        9.15570855e-01        3.93784842e-08  20.6503  19.0951
0202-08-14_21:10:26.310000      521935.55        9.25728142e-01        3.74572042e-08  20.6503  19.0951
0202-08-14_21:10:26.367000      521935.60        9.35761333e-01        3.97503442e-08  20.6503  19.0951
0202-08-14_21:10:26.440000      521935.68        9.45644617e-01        4.08039442e-08  20.6503  19.0951
0202-08-14_21:10:26.496000      521935.73        9.56990957e-01        4.05560342e-08  20.6614  19.3056
0202-08-14_21:10:26.547000      521935.79        9.66448605e-01        3.82629042e-08  20.6614  19.3056
0202-08-14_21:10:26.613000      521935.85        9.75627422e-01        3.78290642e-08  20.6614  19.3056
0202-08-14_21:10:26.660000      521935.90        9.83417392e-01        3.50401242e-08  20.6614  19.3056
0202-08-14_21:10:26.734000      521935.97        9.95598257e-01        3.51020942e-08  20.6614  19.3056
0202-08-14_21:10:26.790000      521936.02        1.00560820e+00        3.64655842e-08  20.6614  19.3056
0202-08-14_21:10:26.844000      521936.08        1.01562953e+00        3.84488342e-08  20.6614  19.3056
0202-08-14_21:10:26.900000      521936.13        1.02550232e+00        3.92545242e-08  20.6614  19.3056
0202-08-14_21:10:26.957000      521936.19        1.03761756e+00        3.68994142e-08  20.6614  19.3056
0202-08-14_21:10:27.030000      521936.27        1.04548395e+00        3.68994142e-08  20.6614  19.3056
0202-08-14_21:10:27.090000      521936.33        1.05572760e+00        3.42964042e-08  20.6614  19.3056
0202-08-14_21:10:27.140000      521936.38        1.06570518e+00        3.52260542e-08  20.6614  19.3056
0202-08-14_21:10:27.195000      521936.43        1.07557440e+00        3.75191842e-08  20.6614  19.3056
0202-08-14_21:10:27.246000      521936.48        1.08557582e+00        3.90685942e-08  20.6614  19.3056
0202-08-14_21:10:27.320000      521936.56        1.09539878e+00        3.86967442e-08  20.6614  19.3056
0202-08-14_21:10:27.395000      521936.63        1.10564983e+00        4.01222042e-08  20.6614  19.3056
0202-08-14_21:10:27.453000      521936.69        1.11691165e+00        3.77051142e-08  20.6675  18.9819
0202-08-14_21:10:27.490000      521936.73        1.12572193e+00        3.88826742e-08  20.6675  18.9819
0202-08-14_21:10:27.555000      521936.79        1.13611746e+00        4.17335942e-08  20.6675  18.9819
0202-08-14_21:10:27.617000      521936.85        1.14576900e+00        4.27252142e-08  20.6675  18.9819
0202-08-14_21:10:27.688000      521936.92        1.15600812e+00        4.35928942e-08  20.6675  18.9819
0202-08-14_21:10:27.746000      521936.98        1.16550958e+00        4.26012642e-08  20.6675  18.9819
0202-08-14_21:10:27.790000      521937.02        1.17559838e+00        4.06180142e-08  20.6675  18.9819
0202-08-14_21:10:27.840000      521937.08        1.18563974e+00        4.12997542e-08  20.6675  18.9819
0202-08-14_21:10:27.930000      521937.16        1.19551790e+00        4.06799942e-08  20.6675  18.9819
0202-08-14_21:10:27.990000      521937.23        1.20559895e+00        3.88826742e-08  20.6675  18.9819
0202-08-14_21:10:28.030000      521937.27        1.21543670e+00        4.04940642e-08  20.6675  18.9819
0202-08-14_21:10:28.086000      521937.32        1.22553754e+00        3.77051142e-08  20.6675  18.9819
0202-08-14_21:10:28.145000      521937.38        1.23560882e+00        3.67134842e-08  20.6675  18.9819
0202-08-14_21:10:28.220000      521937.46        1.24566483e+00        3.51640742e-08  20.6675  18.9819
0202-08-14_21:10:28.285000      521937.52        1.25556707e+00        3.43583742e-08  20.6675  18.9819
0202-08-14_21:10:28.332000      521937.57        1.26552820e+00        3.59697642e-08  20.6675  18.9819
0202-08-14_21:10:28.402000      521937.64        1.27561343e+00        3.58458142e-08  20.6675  18.9819
0202-08-14_21:10:28.450000      521937.69        1.28577709e+00        3.34287242e-08  20.6675  18.9819
0202-08-14_21:10:28.520000      521937.76        1.29638684e+00        3.52882842e-08  20.6556  19.2854
0202-08-14_21:10:28.590000      521937.83        1.30559385e+00        3.75196942e-08  20.6556  19.2854
0202-08-14_21:10:28.633000      521937.87        1.31575179e+00        3.85735542e-08  20.6556  19.2854
0202-08-14_21:10:28.690000      521937.93        1.32551670e+00        3.90076442e-08  20.6556  19.2854
0202-08-14_21:10:28.770000      521938.01        1.33580363e+00        4.01854542e-08  20.6556  19.2854
0202-08-14_21:10:28.820000      521938.06        1.34566963e+00        3.75826942e-08  20.6556  19.2854
0202-08-14_21:10:28.890000      521938.13        1.35569537e+00        3.93182942e-08  20.6556  19.2854
0202-08-14_21:10:28.934000      521938.17        1.36563671e+00        3.93185542e-08  20.6556  19.2854
0202-08-14_21:10:28.996000      521938.23        1.37552559e+00        3.91328742e-08  20.6556  19.2854
0202-08-14_21:10:29.043000      521938.28        1.38576889e+00        3.96289442e-08  20.6556  19.2854
0202-08-14_21:10:29.117000      521938.35        1.39556324e+00        3.82654542e-08  20.6556  19.2854
0202-08-14_21:10:29.184000      521938.42        1.40563250e+00        3.29974442e-08  20.6556  19.2854
0202-08-14_21:10:29.230000      521938.47        1.41559827e+00        3.15719842e-08  20.6556  19.2854
0202-08-14_21:10:29.280000      521938.52        1.42556989e+00        3.08902342e-08  20.6556  19.2854
0202-08-14_21:10:29.340000      521938.58        1.43564332e+00        2.88450142e-08  20.6556  19.2854
0202-08-14_21:10:29.418000      521938.65        1.44574475e+00        2.92788442e-08  20.6556  19.2854
0202-08-14_21:10:29.473000      521938.71        1.45568633e+00        2.94647742e-08  20.6556  19.2854
0202-08-14_21:10:29.527000      521938.76        1.46618211e+00        2.79153642e-08  20.6537  18.9214
0202-08-14_21:10:29.598000      521938.83        1.47592139e+00        2.72336142e-08  20.6537  18.9214
0202-08-14_21:10:29.652000      521938.89        1.48922551e+00        2.77294342e-08  20.6537  18.9214
0202-08-14_21:10:29.723000      521938.96        1.49574327e+00        2.67997842e-08  20.6537  18.9214
0202-08-14_21:10:29.785000      521939.02        1.50564754e+00        3.01465142e-08  20.6537  18.9214
0202-08-14_21:10:29.840000      521939.08        1.51567197e+00        2.84731542e-08  20.6537  18.9214
0202-08-14_21:10:29.887000      521939.12        1.52456081e+00        2.92788442e-08  20.6537  18.9214
0202-08-14_21:10:29.945000      521939.18        1.53556955e+00        2.87830342e-08  20.6537  18.9214
0202-08-14_21:10:30.023000      521939.26        1.54394126e+00        3.02084942e-08  20.6537  18.9214
0202-08-14_21:10:30.086000      521939.32        1.55549395e+00        2.90929142e-08  20.6537  18.9214
0202-08-14_21:10:30.133000      521939.37        1.56559467e+00        2.94028042e-08  20.6537  18.9214
0202-08-14_21:10:30.195000      521939.43        1.57550132e+00        2.56222242e-08  20.6537  18.9214
0202-08-14_21:10:30.240000      521939.48        1.58566618e+00        2.61180342e-08  20.6537  18.9214
0202-08-14_21:10:30.312000      521939.55        1.59563422e+00        2.48785042e-08  20.6537  18.9214
0202-08-14_21:10:30.370000      521939.61        1.60568225e+00        2.45066442e-08  20.6537  18.9214
0202-08-14_21:10:30.434000      521939.67        1.61564887e+00        2.45066442e-08  20.6537  18.9214
0202-08-14_21:10:30.490000      521939.72        1.62697196e+00        2.53743142e-08  20.6452  19.0764
0202-08-14_21:10:30.540000      521939.77        1.63592660e+00        2.53123442e-08  20.6452  19.0764
0202-08-14_21:10:30.613000      521939.85        1.64562464e+00        2.46925742e-08  20.6452  19.0764
0202-08-14_21:10:30.668000      521939.90        1.65560603e+00        2.37629242e-08  20.6452  19.0764
0202-08-14_21:10:30.723000      521939.96        1.66560757e+00        2.23374642e-08  20.6452  19.0764
0202-08-14_21:10:30.777000      521940.01        1.67552209e+00        2.52503642e-08  20.6452  19.0764
0202-08-14_21:10:30.840000      521940.08        1.68555415e+00        2.37629242e-08  20.6452  19.0764
0202-08-14_21:10:30.910000      521940.15        1.69559121e+00        2.37009542e-08  20.6452  19.0764
0202-08-14_21:10:30.970000      521940.21        1.70646441e+00        2.11599042e-08  20.6452  19.0764
0202-08-14_21:10:31.035000      521940.27        1.71544755e+00        2.24614142e-08  20.6452  19.0764
0202-08-14_21:10:31.086000      521940.32        1.72564805e+00        2.36389742e-08  20.6452  19.0764
0202-08-14_21:10:31.137000      521940.37        1.73572743e+00        2.26473442e-08  20.6452  19.0764
0202-08-14_21:10:31.254000      521940.49        1.74408674e+00        2.20895542e-08  20.6452  19.0764
0202-08-14_21:10:31.330000      521940.57        1.75551891e+00        2.23374642e-08  20.6452  19.0764
0202-08-14_21:10:31.367000      521940.60        1.76561582e+00        2.23994442e-08  20.6452  19.0764
0202-08-14_21:10:31.426000      521940.66        1.77466905e+00        2.26473442e-08  20.6452  19.0764
0202-08-14_21:10:31.492000      521940.73        1.78727460e+00        2.38249042e-08  20.6432  19.3203
0202-08-14_21:10:31.580000      521940.81        1.79579103e+00        2.52503642e-08  20.6432  19.3203
0202-08-14_21:10:31.637000      521940.87        1.80612767e+00        2.75435042e-08  20.6432  19.3203
0202-08-14_21:10:31.668000      521940.90        1.81474960e+00        2.58701342e-08  20.6432  19.3203
0202-08-14_21:10:31.723000      521940.96        1.82491279e+00        2.56222242e-08  20.6432  19.3203
0202-08-14_21:10:31.773000      521941.01        1.83549404e+00        2.77914042e-08  20.6432  19.3203
0202-08-14_21:10:31.867000      521941.10        1.84856367e+00        2.92788442e-08  20.6432  19.3203
0202-08-14_21:10:31.926000      521941.16        1.85783637e+00        2.92168742e-08  20.6432  19.3203
0202-08-14_21:10:31.970000      521941.21        1.86578274e+00        3.07043042e-08  20.6432  19.3203
0202-08-14_21:10:32.027000      521941.26        1.87567210e+00        3.22537242e-08  20.6432  19.3203
0202-08-14_21:10:32.094000      521941.33        1.88553762e+00        3.33073242e-08  20.6432  19.3203
0202-08-14_21:10:32.160000      521941.40        1.89559293e+00        3.36791842e-08  20.6432  19.3203
0202-08-14_21:10:32.220000      521941.45        1.91005397e+00        3.21297742e-08  20.6432  19.3203
0202-08-14_21:10:32.270000      521941.51        1.91561985e+00        3.51666242e-08  20.6432  19.3203
0202-08-14_21:10:32.330000      521941.57        1.92799830e+00        3.21917442e-08  20.6432  19.3203
0202-08-14_21:10:32.406000      521941.64        1.93568158e+00        3.27495342e-08  20.6432  19.3203
0202-08-14_21:10:32.460000      521941.70        1.94721007e+00        3.23776742e-08  20.6432  19.3203
0202-08-14_21:10:32.516000      521941.75        1.95598996e+00        3.32453542e-08  20.6378  19.1559
0202-08-14_21:10:32.570000      521941.81        1.96554351e+00        3.24396542e-08  20.6378  19.1559
0202-08-14_21:10:32.625000      521941.86        1.97572625e+00        3.15719842e-08  20.6378  19.1559
0202-08-14_21:10:32.676000      521941.91        1.98565245e+00        3.11381442e-08  20.6378  19.1559
0202-08-14_21:10:32.754000      521941.99        1.99555957e+00        3.13860542e-08  20.6378  19.1559
0202-08-14_21:10:32.824000      521942.06        2.00554419e+00        3.43609342e-08  20.6378  19.1559
0202-08-14_21:10:32.887000      521942.12        2.01555586e+00        3.26255842e-08  20.6378  19.1559
0202-08-14_21:10:32.926000      521942.16        2.02542377e+00        3.42989542e-08  20.6378  19.1559
0202-08-14_21:10:32.984000      521942.22        2.03463078e+00        3.26875642e-08  20.6378  19.1559
0202-08-14_21:10:33.050000      521942.29        2.04565215e+00        3.47947642e-08  20.6378  19.1559
0202-08-14_21:10:33.130000      521942.36        2.05559993e+00        3.41130242e-08  20.6378  19.1559
0202-08-14_21:10:33.164000      521942.40        2.06563592e+00        3.47327942e-08  20.6378  19.1559
0202-08-14_21:10:33.240000      521942.47        2.07445478e+00        3.54145342e-08  20.6378  19.1559
0202-08-14_21:10:33.285000      521942.52        2.08563900e+00        3.65301142e-08  20.6378  19.1559
0202-08-14_21:10:33.350000      521942.59        2.09565711e+00        3.95669642e-08  20.6378  19.1559
0202-08-14_21:10:33.410000      521942.65        2.10550308e+00        3.72118542e-08  20.6378  19.1559
0202-08-14_21:10:33.477000      521942.71        2.11758900e+00        3.68399942e-08  20.6438  19.2749
0202-08-14_21:10:33.523000      521942.76        2.12573767e+00        3.90711542e-08  20.6438  19.2749
0202-08-14_21:10:33.580000      521942.81        2.13563108e+00        4.23559142e-08  20.6438  19.2749
0202-08-14_21:10:33.652000      521942.89        2.14552140e+00        4.16121942e-08  20.6438  19.2749
0202-08-14_21:10:33.723000      521942.96        2.15544033e+00        4.40912642e-08  20.6438  19.2749
0202-08-14_21:10:33.766000      521943.00        2.16552782e+00        4.60125342e-08  20.6438  19.2749
0202-08-14_21:10:33.832000      521943.07        2.17560482e+00        4.80577642e-08  20.6438  19.2749
0202-08-14_21:10:33.875000      521943.11        2.18551445e+00        4.73140442e-08  20.6438  19.2749
0202-08-14_21:10:33.950000      521943.19        2.19563699e+00        4.71900942e-08  20.6438  19.2749
0202-08-14_21:10:34.016000      521943.25        2.20552731e+00        5.10326442e-08  20.6438  19.2749
0202-08-14_21:10:34.070000      521943.31        2.21560550e+00        5.19622942e-08  20.6438  19.2749
0202-08-14_21:10:34.120000      521943.36        2.22577381e+00        5.07847342e-08  20.6438  19.2749
0202-08-14_21:10:34.188000      521943.43        2.23413038e+00        4.83056742e-08  20.6438  19.2749
0202-08-14_21:10:34.246000      521943.48        2.24559546e+00        4.64463742e-08  20.6438  19.2749
0202-08-14_21:10:34.310000      521943.54        2.25548649e+00        4.74379942e-08  20.6438  19.2749
0202-08-14_21:10:34.355000      521943.59        2.26557040e+00        4.77478842e-08  20.6438  19.2749
0202-08-14_21:10:34.426000      521943.66        2.27550864e+00        4.58885842e-08  20.6438  19.2749
0202-08-14_21:10:34.477000      521943.71        2.28559184e+00        4.61364942e-08  20.6438  19.2749
0202-08-14_21:10:34.543000      521943.78        2.29762864e+00        4.39049342e-08  20.6691  18.9966
0202-08-14_21:10:34.605000      521943.84        2.30661845e+00        4.22311742e-08  20.6691  18.9966
0202-08-14_21:10:34.656000      521943.89        2.31572294e+00        4.29745042e-08  20.6691  18.9966
0202-08-14_21:10:34.720000      521943.96        2.32380319e+00        4.30980642e-08  20.6691  18.9966
0202-08-14_21:10:34.760000      521944.00        2.33547235e+00        4.50809242e-08  20.6691  18.9966
0202-08-14_21:10:34.860000      521944.10        2.34564376e+00        4.66299542e-08  20.6691  18.9966
0202-08-14_21:10:34.920000      521944.16        2.35549045e+00        4.62576942e-08  20.6691  18.9966
0202-08-14_21:10:34.957000      521944.19        2.36553264e+00        4.48938242e-08  20.6691  18.9966
0202-08-14_21:10:35.010000      521944.25        2.37504578e+00        4.54512242e-08  20.6691  18.9966
0202-08-14_21:10:35.070000      521944.31        2.38777184e+00        4.61945442e-08  20.6691  18.9966
0202-08-14_21:10:35.145000      521944.38        2.39598703e+00        4.74960542e-08  20.6691  18.9966
0202-08-14_21:10:35.207000      521944.44        2.40564227e+00        4.87355842e-08  20.6691  18.9966
0202-08-14_21:10:35.250000      521944.49        2.41554785e+00        4.80538442e-08  20.6691  18.9966
0202-08-14_21:10:35.312000      521944.55        2.42554522e+00        4.75580342e-08  20.6691  18.9966
0202-08-14_21:10:35.370000      521944.61        2.43557358e+00        4.79298942e-08  20.6691  18.9966
0202-08-14_21:10:35.440000      521944.68        2.44617200e+00        4.98511642e-08  20.6691  18.9966
0202-08-14_21:10:35.496000      521944.73        2.45646620e+00        4.96652342e-08  20.6475  19.0409
0202-08-14_21:10:35.574000      521944.81        2.46612716e+00        5.17104642e-08  20.6475  19.0409
0202-08-14_21:10:35.625000      521944.86        2.47558379e+00        5.27020942e-08  20.6475  19.0409
0202-08-14_21:10:35.668000      521944.90        2.48560286e+00        5.46853442e-08  20.6475  19.0409
0202-08-14_21:10:35.742000      521944.98        2.49595284e+00        5.54910342e-08  20.6475  19.0409
0202-08-14_21:10:35.797000      521945.03        2.50552797e+00        5.36937142e-08  20.6475  19.0409
0202-08-14_21:10:35.850000      521945.09        2.51567364e+00        5.68545242e-08  20.6475  19.0409
0202-08-14_21:10:35.902000      521945.14        2.52562904e+00        5.92716042e-08  20.6475  19.0409
0202-08-14_21:10:35.960000      521945.20        2.53554583e+00        5.95814942e-08  20.6475  19.0409
0202-08-14_21:10:36.047000      521945.28        2.54562902e+00        5.79701042e-08  20.6475  19.0409
0202-08-14_21:10:36.090000      521945.33        2.55573177e+00        5.86518442e-08  20.6475  19.0409
0202-08-14_21:10:36.150000      521945.39        2.56790090e+00        5.80320742e-08  20.6475  19.0409
0202-08-14_21:10:36.215000      521945.45        2.57561898e+00        5.87757942e-08  20.6475  19.0409
0202-08-14_21:10:36.266000      521945.50        2.58545399e+00        5.55530142e-08  20.6475  19.0409
0202-08-14_21:10:36.340000      521945.58        2.60082817e+00        5.60488242e-08  20.6475  19.0409
0202-08-14_21:10:36.402000      521945.64        2.60557699e+00        5.59868442e-08  20.6475  19.0409
0202-08-14_21:10:36.453000      521945.69        2.61592722e+00        5.38796442e-08  20.6475  19.0409
0202-08-14_21:10:36.508000      521945.74        2.62650466e+00        5.18963942e-08  20.6618  19.0638
0202-08-14_21:10:36.562000      521945.80        2.63628626e+00        4.84257042e-08  20.6618  19.0638
0202-08-14_21:10:36.650000      521945.88        2.64581227e+00        4.92314042e-08  20.6618  19.0638
0202-08-14_21:10:36.690000      521945.93        2.65546870e+00        4.81777942e-08  20.6618  19.0638
0202-08-14_21:10:36.750000      521945.99        2.66565156e+00        4.65044342e-08  20.6618  19.0638
0202-08-14_21:10:36.805000      521946.04        2.67565608e+00        4.51409442e-08  20.6618  19.0638
0202-08-14_21:10:36.860000      521946.09        2.68564749e+00        4.64424542e-08  20.6618  19.0638
0202-08-14_21:10:36.934000      521946.17        2.69549775e+00        4.53268742e-08  20.6618  19.0638
0202-08-14_21:10:36.990000      521946.22        2.70550919e+00        4.55747842e-08  20.6618  19.0638
0202-08-14_21:10:37.043000      521946.28        2.71555376e+00        4.50169942e-08  20.6618  19.0638
0202-08-14_21:10:37.098000      521946.33        2.72553992e+00        4.43972242e-08  20.6618  19.0638
0202-08-14_21:10:37.152000      521946.39        2.73553991e+00        4.74960542e-08  20.6618  19.0638
0202-08-14_21:10:37.277000      521946.52        2.74553084e+00        4.84876842e-08  20.6618  19.0638
0202-08-14_21:10:37.332000      521946.57        2.75575542e+00        4.89834942e-08  20.6618  19.0638
0202-08-14_21:10:37.400000      521946.64        2.76409650e+00        5.00990742e-08  20.6618  19.0638
0202-08-14_21:10:37.445000      521946.68        2.77563882e+00        5.08427942e-08  20.6618  19.0638
0202-08-14_21:10:37.500000      521946.74        2.78625226e+00        5.07808142e-08  20.6540  18.9479
0202-08-14_21:10:37.582000      521946.82        2.79583669e+00        5.08427942e-08  20.6540  18.9479
0202-08-14_21:10:37.645000      521946.88        2.81025028e+00        5.05948842e-08  20.6540  18.9479
0202-08-14_21:10:37.710000      521946.95        2.81586957e+00        5.02230242e-08  20.6540  18.9479
0202-08-14_21:10:37.750000      521946.99        2.82551193e+00        5.35697642e-08  20.6540  18.9479
0202-08-14_21:10:37.816000      521947.05        2.83562231e+00        5.30739442e-08  20.6540  18.9479
0202-08-14_21:10:37.880000      521947.12        2.84550905e+00        5.20203442e-08  20.6540  18.9479
0202-08-14_21:10:37.938000      521947.17        2.85551596e+00        5.28260442e-08  20.6540  18.9479
0202-08-14_21:10:37.992000      521947.23        2.86555672e+00        5.20203442e-08  20.6540  18.9479
0202-08-14_21:10:38.060000      521947.30        2.87546158e+00        5.05329042e-08  20.6540  18.9479
0202-08-14_21:10:38.130000      521947.36        2.88545203e+00        5.19583742e-08  20.6540  18.9479
0202-08-14_21:10:38.176000      521947.41        2.89553475e+00        5.05948842e-08  20.6540  18.9479
0202-08-14_21:10:38.240000      521947.48        2.90541816e+00        5.23302342e-08  20.6540  18.9479
0202-08-14_21:10:38.297000      521947.53        2.91551375e+00        5.47473142e-08  20.6540  18.9479
0202-08-14_21:10:38.348000      521947.59        2.92574668e+00        5.39416242e-08  20.6540  18.9479
0202-08-14_21:10:38.410000      521947.65        2.93426466e+00        5.20823242e-08  20.6540  18.9479
0202-08-14_21:10:38.480000      521947.72        2.94846249e+00        5.22682542e-08  20.6540  18.9479
0202-08-14_21:10:38.530000      521947.77        2.95595837e+00        5.01610542e-08  20.6404  19.2947
0202-08-14_21:10:38.605000      521947.84        2.96557879e+00        5.35697642e-08  20.6404  19.2947
0202-08-14_21:10:38.668000      521947.90        2.97803617e+00        5.62967342e-08  20.6404  19.2947
0202-08-14_21:10:38.700000      521947.94        2.98579788e+00        5.58628942e-08  20.6404  19.2947
0202-08-14_21:10:38.773000      521948.01        2.99415922e+00        5.69164942e-08  20.6404  19.2947
0202-08-14_21:10:38.840000      521948.07        3.00588608e+00        5.70404542e-08  20.6404  19.2947
0202-08-14_21:10:38.883000      521948.12        3.01554728e+00        5.66066142e-08  20.6404  19.2947
0202-08-14_21:10:38.945000      521948.18        3.02563596e+00        5.57389442e-08  20.6404  19.2947
0202-08-14_21:10:38.996000      521948.23        3.03556466e+00        5.79081242e-08  20.6404  19.2947
0202-08-14_21:10:39.070000      521948.31        3.04576445e+00        5.73503342e-08  20.6404  19.2947
0202-08-14_21:10:39.125000      521948.36        3.05562305e+00        5.63587042e-08  20.6404  19.2947
0202-08-14_21:10:39.190000      521948.43        3.06437635e+00        5.53670842e-08  20.6404  19.2947
0202-08-14_21:10:39.240000      521948.47        3.07568407e+00        5.43754542e-08  20.6404  19.2947
0202-08-14_21:10:39.293000      521948.53        3.08554888e+00        5.51191742e-08  20.6404  19.2947
0202-08-14_21:10:39.383000      521948.62        3.09574413e+00        5.60488242e-08  20.6404  19.2947
0202-08-14_21:10:39.430000      521948.67        3.10564685e+00        5.51191742e-08  20.6404  19.2947
0202-08-14_21:10:39.480000      521948.72        3.11653090e+00        5.58009142e-08  20.6311  19.0842
0202-08-14_21:10:39.535000      521948.77        3.12579036e+00        5.58628942e-08  20.6311  19.0842
0202-08-14_21:10:39.613000      521948.85        3.13555503e+00        5.64826642e-08  20.6311  19.0842
0202-08-14_21:10:39.690000      521948.93        3.14562130e+00        5.75362642e-08  20.6311  19.0842
0202-08-14_21:10:39.727000      521948.96        3.15554428e+00        5.97674242e-08  20.6311  19.0842
0202-08-14_21:10:39.777000      521949.01        3.16439247e+00        5.97054442e-08  20.6311  19.0842
0202-08-14_21:10:39.836000      521949.07        3.17560959e+00        6.25563642e-08  20.6311  19.0842
0202-08-14_21:10:39.887000      521949.12        3.18554044e+00        6.36099642e-08  20.6311  19.0842
0202-08-14_21:10:39.965000      521949.20        3.19550538e+00        6.23084642e-08  20.6311  19.0842
0202-08-14_21:10:40.035000      521949.27        3.20550466e+00        6.10069542e-08  20.6311  19.0842
0202-08-14_21:10:40.074000      521949.31        3.21554422e+00        6.00153242e-08  20.6311  19.0842
0202-08-14_21:10:40.150000      521949.38        3.22570324e+00        6.06970742e-08  20.6311  19.0842
0202-08-14_21:10:40.188000      521949.42        3.23553109e+00        5.94575342e-08  20.6311  19.0842
0202-08-14_21:10:40.260000      521949.50        3.24560237e+00        6.04491642e-08  20.6311  19.0842
0202-08-14_21:10:40.316000      521949.55        3.25548291e+00        6.16886942e-08  20.6311  19.0842
0202-08-14_21:10:40.375000      521949.61        3.27020955e+00        6.15027642e-08  20.6311  19.0842
0202-08-14_21:10:40.430000      521949.67        3.27570868e+00        5.94575342e-08  20.6311  19.0842
0202-08-14_21:10:40.492000      521949.73        3.28849149e+00        5.68545242e-08  20.6373  19.2960
0202-08-14_21:10:40.566000      521949.80        3.29657626e+00        5.84038442e-08  20.6373  19.2960
0202-08-14_21:10:40.625000      521949.86        3.30556607e+00        6.22463042e-08  20.6373  19.2960
0202-08-14_21:10:40.676000      521949.91        3.31564808e+00        6.42294642e-08  20.6373  19.2960
0202-08-14_21:10:40.758000      521949.99        3.32562041e+00        6.43533342e-08  20.6373  19.2960
0202-08-14_21:10:40.793000      521950.03        3.33574390e+00        6.29897542e-08  20.6373  19.2960
0202-08-14_21:10:40.863000      521950.10        3.34347630e+00        6.02007242e-08  20.6373  19.2960
0202-08-14_21:10:40.914000      521950.15        3.35551739e+00        5.89611042e-08  20.6373  19.2960
0202-08-14_21:10:40.973000      521950.21        3.36552668e+00        6.03244942e-08  20.6373  19.2960
0202-08-14_21:10:41.040000      521950.28        3.37628174e+00        5.87749942e-08  20.6373  19.2960
0202-08-14_21:10:41.094000      521950.33        3.38583946e+00        5.97665342e-08  20.6373  19.2960
0202-08-14_21:10:41.168000      521950.40        3.39796901e+00        5.74733942e-08  20.6373  19.2960
0202-08-14_21:10:41.227000      521950.46        3.40801597e+00        5.48703842e-08  20.6373  19.2960
0202-08-14_21:10:41.277000      521950.51        3.41578484e+00        5.11517842e-08  20.6373  19.2960
0202-08-14_21:10:41.336000      521950.57        3.42850971e+00        4.82388842e-08  20.6373  19.2960
0202-08-14_21:10:41.410000      521950.65        3.43552089e+00        5.09038742e-08  20.6373  19.2960
0202-08-14_21:10:41.470000      521950.71        3.44573593e+00        5.17715542e-08  20.6373  19.2960
0202-08-14_21:10:41.523000      521950.76        3.45614958e+00        5.15236442e-08  20.6560  19.0356
0202-08-14_21:10:41.574000      521950.81        3.46677923e+00        4.87346942e-08  20.6560  19.0356
0202-08-14_21:10:41.650000      521950.88        3.47559762e+00        5.00362042e-08  20.6560  19.0356
0202-08-14_21:10:41.690000      521950.93        3.48545599e+00        4.83628342e-08  20.6560  19.0356
0202-08-14_21:10:41.766000      521951.00        3.49546432e+00        5.16475942e-08  20.6560  19.0356
0202-08-14_21:10:41.840000      521951.08        3.50554609e+00        5.14616642e-08  20.6560  19.0356
0202-08-14_21:10:41.880000      521951.11        3.51566958e+00        5.31350342e-08  20.6560  19.0356
0202-08-14_21:10:41.930000      521951.17        3.52508593e+00        5.58620042e-08  20.6560  19.0356
0202-08-14_21:10:42             521951.24        3.53557634e+00        5.60479342e-08  20.6560  19.0356
0202-08-14_21:10:42.074000      521951.31        3.54553199e+00        5.82171142e-08  20.6560  19.0356
0202-08-14_21:10:42.120000      521951.36        3.55552173e+00        5.61718842e-08  20.6560  19.0356
0202-08-14_21:10:42.176000      521951.41        3.56568480e+00        5.82790942e-08  20.6560  19.0356
0202-08-14_21:10:42.234000      521951.47        3.57462764e+00        5.84650242e-08  20.6560  19.0356
0202-08-14_21:10:42.280000      521951.52        3.58552361e+00        5.98285042e-08  20.6560  19.0356
0202-08-14_21:10:42.360000      521951.60        3.59552622e+00        5.76593242e-08  20.6560  19.0356
0202-08-14_21:10:42.440000      521951.68        3.60596919e+00        5.97045542e-08  20.6560  19.0356
0202-08-14_21:10:42.490000      521951.72        3.61645031e+00        5.83410642e-08  20.6591  18.9795
0202-08-14_21:10:42.535000      521951.77        3.62572956e+00        5.85269942e-08  20.6591  18.9795
0202-08-14_21:10:42.590000      521951.83        3.63559699e+00        5.65437442e-08  20.6591  18.9795
0202-08-14_21:10:42.664000      521951.90        3.64574265e+00        5.32589842e-08  20.6591  18.9795
0202-08-14_21:10:42.723000      521951.96        3.65834832e+00        5.62338642e-08  20.6591  18.9795
0202-08-14_21:10:42.777000      521952.01        3.66554737e+00        5.69156042e-08  20.6591  18.9795
0202-08-14_21:10:42.836000      521952.07        3.67566037e+00        5.60479342e-08  20.6591  18.9795
0202-08-14_21:10:42.900000      521952.14        3.68520570e+00        5.73494442e-08  20.6591  18.9795
0202-08-14_21:10:42.965000      521952.20        3.69552660e+00        5.99524542e-08  20.6591  18.9795
0202-08-14_21:10:43.020000      521952.26        3.70574093e+00        5.99524542e-08  20.6591  18.9795
0202-08-14_21:10:43.074000      521952.31        3.71563387e+00        6.31752442e-08  20.6591  18.9795
0202-08-14_21:10:43.140000      521952.38        3.72585964e+00        6.13779242e-08  20.6591  18.9795
0202-08-14_21:10:43.190000      521952.43        3.73561859e+00        6.19357142e-08  20.6591  18.9795
0202-08-14_21:10:43.300000      521952.54        3.74585724e+00        6.47246542e-08  20.6591  18.9795
0202-08-14_21:10:43.355000      521952.59        3.75566292e+00        6.52824442e-08  20.6591  18.9795
0202-08-14_21:10:43.410000      521952.65        3.76556897e+00        6.42288442e-08  20.6591  18.9795
0202-08-14_21:10:43.490000      521952.73        3.77782059e+00        6.42908242e-08  20.6591  18.9795
0202-08-14_21:10:43.530000      521952.77        3.78611255e+00        6.24315242e-08  20.6465  19.2468
0202-08-14_21:10:43.605000      521952.84        3.79565430e+00        6.11919942e-08  20.6465  19.2468
0202-08-14_21:10:43.684000      521952.92        3.80558515e+00        6.00764142e-08  20.6465  19.2468
0202-08-14_21:10:43.720000      521952.96        3.81555223e+00        5.80931642e-08  20.6465  19.2468
0202-08-14_21:10:43.777000      521953.02        3.82512665e+00        5.98285042e-08  20.6465  19.2468
0202-08-14_21:10:43.832000      521953.07        3.83561873e+00        5.92087442e-08  20.6465  19.2468
0202-08-14_21:10:43.906000      521953.14        3.84550261e+00        5.75353742e-08  20.6465  19.2468
0202-08-14_21:10:43.960000      521953.20        3.85562634e+00        5.71635142e-08  20.6465  19.2468
0202-08-14_21:10:44.035000      521953.27        3.86560202e+00        5.61099142e-08  20.6465  19.2468
0202-08-14_21:10:44.074000      521953.31        3.87556314e+00        5.56140942e-08  20.6465  19.2468
0202-08-14_21:10:44.125000      521953.36        3.88511825e+00        5.66677042e-08  20.6465  19.2468
0202-08-14_21:10:44.203000      521953.44        3.89566183e+00        5.59859542e-08  20.6465  19.2468
0202-08-14_21:10:44.270000      521953.51        3.90560985e+00        5.75973442e-08  20.6465  19.2468
0202-08-14_21:10:44.332000      521953.57        3.91553593e+00        5.68536342e-08  20.6465  19.2468
0202-08-14_21:10:44.370000      521953.61        3.92553282e+00        5.74114142e-08  20.6465  19.2468
0202-08-14_21:10:44.434000      521953.67        3.93421578e+00        5.94566442e-08  20.6465  19.2468
0202-08-14_21:10:44.508000      521953.75        3.94669485e+00        6.15018742e-08  20.6419  18.9592
0202-08-14_21:10:44.560000      521953.79        3.95565772e+00        6.23695442e-08  20.6419  18.9592
0202-08-14_21:10:44.620000      521953.86        3.96555543e+00        6.60881442e-08  20.6419  18.9592
0202-08-14_21:10:44.700000      521953.94        3.97549820e+00        6.67079042e-08  20.6419  18.9592
0202-08-14_21:10:44.730000      521953.97        3.98562264e+00        6.42908242e-08  20.6419  18.9592
0202-08-14_21:10:44.800000      521954.04        3.99363518e+00        6.48486042e-08  20.6419  18.9592
0202-08-14_21:10:44.855000      521954.09        4.00545597e+00        6.41668642e-08  20.6419  18.9592
0202-08-14_21:10:44.934000      521954.17        4.01569319e+00        6.30512842e-08  20.6419  18.9592
0202-08-14_21:10:44.970000      521954.21        4.02562523e+00        6.15018742e-08  20.6419  18.9592
0202-08-14_21:10:45.043000      521954.28        4.03400469e+00        5.93326942e-08  20.6419  18.9592
0202-08-14_21:10:45.098000      521954.34        4.04563046e+00        5.90847842e-08  20.6419  18.9592
0202-08-14_21:10:45.152000      521954.39        4.05565119e+00        5.84030442e-08  20.6419  18.9592
0202-08-14_21:10:45.230000      521954.47        4.06573248e+00        5.41886342e-08  20.6419  18.9592
0202-08-14_21:10:45.266000      521954.50        4.07570982e+00        5.44985242e-08  20.6419  18.9592
0202-08-14_21:10:45.316000      521954.55        4.08379889e+00        5.68536342e-08  20.6419  18.9592
0202-08-14_21:10:45.400000      521954.64        4.09554529e+00        5.56760742e-08  20.6419  18.9592
0202-08-14_21:10:45.460000      521954.70        4.10562325e+00        5.35068942e-08  20.6419  18.9592
0202-08-14_21:10:45.510000      521954.75        4.11712551e+00        5.71635142e-08  20.6193  19.3138
0202-08-14_21:10:45.562000      521954.80        4.12598467e+00        5.86509542e-08  20.6193  19.3138
0202-08-14_21:10:45.620000      521954.86        4.13559818e+00        6.21836142e-08  20.6193  19.3138
0202-08-14_21:10:45.690000      521954.93        4.14554214e+00        6.41668642e-08  20.6193  19.3138
0202-08-14_21:10:45.750000      521954.99        4.15554810e+00        6.09440842e-08  20.6193  19.3138
0202-08-14_21:10:45.805000      521955.04        4.16550684e+00        6.11919942e-08  20.6193  19.3138
0202-08-14_21:10:45.855000      521955.09        4.17561340e+00        5.95186242e-08  20.6193  19.3138
0202-08-14_21:10:45.910000      521955.15        4.18554306e+00        6.14398942e-08  20.6193  19.3138
0202-08-14_21:10:45.990000      521955.22        4.19807100e+00        6.37950042e-08  20.6193  19.3138
0202-08-14_21:10:46.050000      521955.29        4.20573807e+00        6.46007042e-08  20.6193  19.3138
0202-08-14_21:10:46.094000      521955.33        4.21561337e+00        6.46007042e-08  20.6193  19.3138
0202-08-14_21:10:46.150000      521955.39        4.22558689e+00        6.23075642e-08  20.6193  19.3138
0202-08-14_21:10:46.203000      521955.44        4.23554611e+00        5.92087442e-08  20.6193  19.3138
0202-08-14_21:10:46.280000      521955.52        4.24566221e+00        5.52422342e-08  20.6193  19.3138
0202-08-14_21:10:46.344000      521955.58        4.25574017e+00        5.80311842e-08  20.6193  19.3138
0202-08-14_21:10:46.402000      521955.64        4.26566648e+00        5.74114142e-08  20.6193  19.3138
0202-08-14_21:10:46.457000      521955.70        4.27682972e+00        5.79692042e-08  20.6193  19.3138
0202-08-14_21:10:46.510000      521955.75        4.28502798e+00        5.55521242e-08  20.6336  19.0267
0202-08-14_21:10:46.582000      521955.82        4.29582977e+00        5.41270242e-08  20.6336  19.0267
0202-08-14_21:10:46.645000      521955.88        4.30816793e+00        5.48711142e-08  20.6336  19.0267
0202-08-14_21:10:46.715000      521955.95        4.31554651e+00        5.40038142e-08  20.6336  19.0267
0202-08-14_21:10:46.758000      521955.99        4.32549429e+00        5.49338242e-08  20.6336  19.0267
0202-08-14_21:10:46.816000      521956.05        4.33576107e+00        5.53060542e-08  20.6336  19.0267
0202-08-14_21:10:46.910000      521956.15        4.34583807e+00        5.65459542e-08  20.6336  19.0267
0202-08-14_21:10:46.945000      521956.18        4.35531235e+00        5.71660942e-08  20.6336  19.0267
0202-08-14_21:10:46.996000      521956.23        4.36380005e+00        5.84679642e-08  20.6336  19.0267
0202-08-14_21:10:47.055000      521956.29        4.37550497e+00        6.00177442e-08  20.6336  19.0267
0202-08-14_21:10:47.105000      521956.34        4.38549995e+00        5.80968442e-08  20.6336  19.0267
0202-08-14_21:10:47.180000      521956.42        4.39559603e+00        5.91504442e-08  20.6336  19.0267
0202-08-14_21:10:47.240000      521956.47        4.40552425e+00        5.78489342e-08  20.6336  19.0267
0202-08-14_21:10:47.290000      521956.53        4.41555691e+00        5.66713842e-08  20.6336  19.0267
0202-08-14_21:10:47.344000      521956.58        4.42560577e+00        5.65474242e-08  20.6336  19.0267
0202-08-14_21:10:47.400000      521956.63        4.43563366e+00        5.51839442e-08  20.6336  19.0267
0202-08-14_21:10:47.480000      521956.72        4.44589281e+00        5.44402242e-08  20.6336  19.0267
0202-08-14_21:10:47.530000      521956.77        4.45627785e+00        5.29527842e-08  20.6253  19.1550
0202-08-14_21:10:47.598000      521956.83        4.46562338e+00        5.25809242e-08  20.6253  19.1550
0202-08-14_21:10:47.640000      521956.88        4.47576141e+00        5.17132542e-08  20.6253  19.1550
0202-08-14_21:10:47.700000      521956.94        4.48804426e+00        5.18372042e-08  20.6253  19.1550
0202-08-14_21:10:47.770000      521957.01        4.49603462e+00        5.02258142e-08  20.6253  19.1550
0202-08-14_21:10:47.824000      521957.06        4.50553131e+00        4.96680242e-08  20.6253  19.1550
0202-08-14_21:10:47.887000      521957.12        4.52022123e+00        5.04737142e-08  20.6253  19.1550
0202-08-14_21:10:47.938000      521957.17        4.52571535e+00        5.25189442e-08  20.6253  19.1550
0202-08-14_21:10:47.992000      521957.23        4.53552198e+00        5.43162642e-08  20.6253  19.1550
0202-08-14_21:10:48.066000      521957.30        4.54550791e+00        5.55558042e-08  20.6253  19.1550
0202-08-14_21:10:48.150000      521957.38        4.55556631e+00        5.74150942e-08  20.6253  19.1550
0202-08-14_21:10:48.184000      521957.42        4.56561184e+00        5.96462542e-08  20.6253  19.1550
0202-08-14_21:10:48.242000      521957.48        4.57402182e+00        5.56797542e-08  20.6253  19.1550
0202-08-14_21:10:48.293000      521957.53        4.58561945e+00        5.74150942e-08  20.6253  19.1550
0202-08-14_21:10:48.367000      521957.61        4.59550524e+00        5.73531242e-08  20.6253  19.1550
0202-08-14_21:10:48.420000      521957.66        4.60557365e+00        5.93363742e-08  20.6253  19.1550
0202-08-14_21:10:48.477000      521957.71        4.61572742e+00        5.96462542e-08  20.6317  19.2907
0202-08-14_21:10:48.535000      521957.77        4.62818432e+00        6.06998642e-08  20.6317  19.2907
0202-08-14_21:10:48.605000      521957.84        4.63551474e+00        5.97082342e-08  20.6317  19.2907
0202-08-14_21:10:48.680000      521957.92        4.64554501e+00        5.87785842e-08  20.6317  19.2907
0202-08-14_21:10:48.720000      521957.96        4.65561008e+00        5.66713842e-08  20.6317  19.2907
0202-08-14_21:10:48.780000      521958.02        4.67077923e+00        5.45021942e-08  20.6317  19.2907
0202-08-14_21:10:48.832000      521958.07        4.67588186e+00        5.95223042e-08  20.6317  19.2907
0202-08-14_21:10:48.900000      521958.13        4.68581867e+00        5.91504442e-08  20.6317  19.2907
0202-08-14_21:10:48.970000      521958.20        4.69573784e+00        5.74770742e-08  20.6317  19.2907
0202-08-14_21:10:49.020000      521958.26        4.70564556e+00        5.93363742e-08  20.6317  19.2907
0202-08-14_21:10:49.094000      521958.33        4.71554232e+00        5.80968442e-08  20.6317  19.2907
0202-08-14_21:10:49.137000      521958.37        4.72553682e+00        5.53698742e-08  20.6317  19.2907
0202-08-14_21:10:49.190000      521958.43        4.73586988e+00        5.66094042e-08  20.6317  19.2907
0202-08-14_21:10:49.310000      521958.54        4.74376822e+00        5.72911442e-08  20.6317  19.2907
0202-08-14_21:10:49.363000      521958.60        4.75565624e+00        5.69192842e-08  20.6317  19.2907
0202-08-14_21:10:49.420000      521958.66        4.76555967e+00        5.64854542e-08  20.6317  19.2907
0202-08-14_21:10:49.480000      521958.72        4.77555895e+00        5.55558042e-08  20.6317  19.2907
0202-08-14_21:10:49.535000      521958.77        4.78594494e+00        5.54318442e-08  20.6572  19.1202
0202-08-14_21:10:49.605000      521958.84        4.79576683e+00        5.79728842e-08  20.6572  19.1202
0202-08-14_21:10:49.680000      521958.92        4.80560017e+00        5.60516142e-08  20.6572  19.1202
0202-08-14_21:10:49.720000      521958.96        4.81553841e+00        5.85306742e-08  20.6572  19.1202
0202-08-14_21:10:49.780000      521959.02        4.82826376e+00        6.02660242e-08  20.6572  19.1202
0202-08-14_21:10:49.832000      521959.07        4.83555269e+00        5.79109142e-08  20.6572  19.1202
0202-08-14_21:10:49.918000      521959.16        4.84560108e+00        5.77869542e-08  20.6572  19.1202
0202-08-14_21:10:49.992000      521959.23        4.85542917e+00        5.85306742e-08  20.6572  19.1202
0202-08-14_21:10:50.023000      521959.26        4.86559582e+00        6.08238142e-08  20.6572  19.1202
0202-08-14_21:10:50.100000      521959.34        4.87401962e+00        6.13816042e-08  20.6572  19.1202
0202-08-14_21:10:50.137000      521959.37        4.88564587e+00        6.21872942e-08  20.6572  19.1202
0202-08-14_21:10:50.210000      521959.45        4.89492893e+00        6.19393942e-08  20.6572  19.1202
0202-08-14_21:10:50.266000      521959.50        4.90575314e+00        6.24352042e-08  20.6572  19.1202
0202-08-14_21:10:50.320000      521959.56        4.91576052e+00        6.14435742e-08  20.6572  19.1202
0202-08-14_21:10:50.375000      521959.61        4.92561293e+00        6.06378842e-08  20.6572  19.1202
0202-08-14_21:10:50.430000      521959.66        4.93565559e+00        6.08238142e-08  20.6572  19.1202
0202-08-14_21:10:50.504000      521959.74        4.94610023e+00        6.10717242e-08  20.6572  19.1202
0202-08-14_21:10:50.555000      521959.79        4.95574808e+00        6.09477642e-08  20.6263  19.2802
0202-08-14_21:10:50.610000      521959.85        4.96554327e+00        5.72291642e-08  20.6263  19.2802
0202-08-14_21:10:50.664000      521959.90        4.97567558e+00        5.36965042e-08  20.6263  19.2802
0202-08-14_21:10:50.740000      521959.98        4.98559427e+00        5.36965042e-08  20.6263  19.2802
0202-08-14_21:10:50.793000      521960.03        4.99566603e+00        4.94820942e-08  20.6263  19.2802
0202-08-14_21:10:50.848000      521960.08        5.00560284e+00        4.76847742e-08  20.6263  19.2802
0202-08-14_21:10:50.906000      521960.14        5.01564121e+00        4.64452342e-08  20.6263  19.2802
0202-08-14_21:10:50.960000      521960.20        5.02578497e+00        4.74368642e-08  20.6263  19.2802
0202-08-14_21:10:51.010000      521960.25        5.03359985e+00        4.91102342e-08  20.6263  19.2802
0202-08-14_21:10:51.090000      521960.32        5.04556179e+00        4.67551242e-08  20.6263  19.2802
0202-08-14_21:10:51.150000      521960.38        5.05571699e+00        4.60114042e-08  20.6263  19.2802
0202-08-14_21:10:51.200000      521960.44        5.06567287e+00        4.58254742e-08  20.6263  19.2802
0202-08-14_21:10:51.254000      521960.49        5.07552242e+00        4.71269842e-08  20.6263  19.2802
0202-08-14_21:10:51.310000      521960.55        5.08572435e+00        4.60114042e-08  20.6263  19.2802
0202-08-14_21:10:51.383000      521960.62        5.09552860e+00        4.78087242e-08  20.6263  19.2802
0202-08-14_21:10:51.470000      521960.71        5.10560560e+00        4.97299942e-08  20.6263  19.2802
0202-08-14_21:10:51.510000      521960.75        5.11650991e+00        5.05976742e-08  20.6656  19.0250
0202-08-14_21:10:51.560000      521960.79        5.12622118e+00        4.84904642e-08  20.6656  19.0250
0202-08-14_21:10:51.620000      521960.86        5.13561916e+00        4.83665142e-08  20.6656  19.0250
0202-08-14_21:10:51.688000      521960.93        5.14560604e+00        5.17132542e-08  20.6656  19.0250
0202-08-14_21:10:51.742000      521960.98        5.15564442e+00        5.38824342e-08  20.6656  19.0250
0202-08-14_21:10:51.797000      521961.03        5.16555023e+00        5.48740542e-08  20.6656  19.0250
0202-08-14_21:10:51.863000      521961.10        5.17551756e+00        5.55558042e-08  20.6656  19.0250
0202-08-14_21:10:51.914000      521961.15        5.18566418e+00        5.62995242e-08  20.6656  19.0250
0202-08-14_21:10:51.984000      521961.22        5.19573498e+00        5.67953342e-08  20.6656  19.0250
0202-08-14_21:10:52.040000      521961.28        5.20582724e+00        5.40063842e-08  20.6656  19.0250
0202-08-14_21:10:52.094000      521961.33        5.21529436e+00        5.44402242e-08  20.6656  19.0250
0202-08-14_21:10:52.156000      521961.39        5.22563982e+00        5.44402242e-08  20.6656  19.0250
0202-08-14_21:10:52.220000      521961.46        5.23573828e+00        5.37584742e-08  20.6656  19.0250
0202-08-14_21:10:52.310000      521961.54        5.24621153e+00        5.12174342e-08  20.6656  19.0250
0202-08-14_21:10:52.344000      521961.58        5.25545406e+00        4.96060442e-08  20.6656  19.0250
0202-08-14_21:10:52.414000      521961.65        5.26503134e+00        5.18991842e-08  20.6656  19.0250
0202-08-14_21:10:52.460000      521961.70        5.27555799e+00        5.33866142e-08  20.6656  19.0250
0202-08-14_21:10:52.516000      521961.75        5.28681850e+00        5.45641742e-08  20.6324  19.1234
0202-08-14_21:10:52.600000      521961.84        5.29621887e+00        5.58651442e-08  20.6324  19.1234
0202-08-14_21:10:52.664000      521961.90        5.30842447e+00        5.78478542e-08  20.6324  19.1234
0202-08-14_21:10:52.710000      521961.95        5.31554174e+00        5.63598742e-08  20.6324  19.1234
0202-08-14_21:10:52.766000      521962.00        5.32580805e+00        5.71030442e-08  20.6324  19.1234
0202-08-14_21:10:52.820000      521962.06        5.33550978e+00        5.74743642e-08  20.6324  19.1234
0202-08-14_21:10:52.895000      521962.13        5.34566164e+00        5.77217342e-08  20.6324  19.1234
0202-08-14_21:10:52.950000      521962.19        5.35562325e+00        5.72873542e-08  20.6324  19.1234
0202-08-14_21:10:53.004000      521962.24        5.36559963e+00        5.66670442e-08  20.6324  19.1234
0202-08-14_21:10:53.060000      521962.29        5.37557936e+00        5.44973242e-08  20.6324  19.1234
0202-08-14_21:10:53.133000      521962.37        5.38562155e+00        5.36910842e-08  20.6324  19.1234
0202-08-14_21:10:53.207000      521962.45        5.39577150e+00        5.41249242e-08  20.6324  19.1234
0202-08-14_21:10:53.260000      521962.50        5.40562582e+00        5.36291142e-08  20.6324  19.1234
0202-08-14_21:10:53.300000      521962.54        5.41559696e+00        5.43728242e-08  20.6324  19.1234
0202-08-14_21:10:53.363000      521962.60        5.43040085e+00        5.33812042e-08  20.6324  19.1234
0202-08-14_21:10:53.414000      521962.65        5.43565321e+00        5.35671342e-08  20.6324  19.1234
0202-08-14_21:10:53.492000      521962.73        5.44804287e+00        5.48686442e-08  20.6150  19.2699
0202-08-14_21:10:53.543000      521962.78        5.45573950e+00        5.49306142e-08  20.6150  19.2699
0202-08-14_21:10:53.620000      521962.86        5.46576166e+00        5.35051542e-08  20.6150  19.2699
0202-08-14_21:10:53.656000      521962.89        5.47563744e+00        5.50545742e-08  20.6150  19.2699
0202-08-14_21:10:53.710000      521962.95        5.48503876e+00        5.45587542e-08  20.6150  19.2699
0202-08-14_21:10:53.785000      521963.02        5.49550200e+00        5.40009642e-08  20.6150  19.2699
0202-08-14_21:10:53.840000      521963.08        5.50551510e+00        5.53644542e-08  20.6150  19.2699
0202-08-14_21:10:53.895000      521963.13        5.51558161e+00        5.30093442e-08  20.6150  19.2699
0202-08-14_21:10:53.945000      521963.18        5.52565575e+00        5.45587542e-08  20.6150  19.2699
0202-08-14_21:10:54             521963.24        5.53558683e+00        5.34431842e-08  20.6150  19.2699
0202-08-14_21:10:54.080000      521963.31        5.54565382e+00        5.40009642e-08  20.6150  19.2699
0202-08-14_21:10:54.137000      521963.37        5.55559683e+00        5.41249242e-08  20.6150  19.2699
0202-08-14_21:10:54.203000      521963.44        5.56567287e+00        5.40629442e-08  20.6150  19.2699
0202-08-14_21:10:54.270000      521963.51        5.57554197e+00        5.29473642e-08  20.6150  19.2699
0202-08-14_21:10:54.305000      521963.54        5.58540487e+00        5.15838842e-08  20.6150  19.2699
0202-08-14_21:10:54.380000      521963.61        5.59445095e+00        5.05922542e-08  20.6150  19.2699
0202-08-14_21:10:54.450000      521963.68        5.60575724e+00        4.98485442e-08  20.6150  19.2699
0202-08-14_21:10:54.500000      521963.74        5.61766434e+00        5.05922542e-08  20.6521  18.9826
0202-08-14_21:10:54.550000      521963.79        5.62627363e+00        4.91667942e-08  20.6521  18.9826
0202-08-14_21:10:54.600000      521963.84        5.63564301e+00        4.92287742e-08  20.6521  18.9826
0202-08-14_21:10:54.676000      521963.91        5.64557028e+00        4.89808642e-08  20.6521  18.9826
0202-08-14_21:10:54.754000      521963.99        5.65598488e+00        5.00344642e-08  20.6521  18.9826
0202-08-14_21:10:54.793000      521964.03        5.66556168e+00        5.03443542e-08  20.6521  18.9826
0202-08-14_21:10:54.860000      521964.10        5.67473269e+00        4.97245842e-08  20.6521  18.9826
0202-08-14_21:10:54.920000      521964.16        5.69028282e+00        5.13979542e-08  20.6521  18.9826
0202-08-14_21:10:54.984000      521964.22        5.69552135e+00        5.13359742e-08  20.6521  18.9826
0202-08-14_21:10:55.040000      521964.27        5.70564604e+00        5.20177142e-08  20.6521  18.9826
0202-08-14_21:10:55.086000      521964.32        5.71423912e+00        5.36910842e-08  20.6521  18.9826
0202-08-14_21:10:55.164000      521964.40        5.72564507e+00        5.43728242e-08  20.6521  18.9826
0202-08-14_21:10:55.200000      521964.43        5.73570776e+00        5.52405042e-08  20.6521  18.9826
0202-08-14_21:10:55.316000      521964.55        5.74850702e+00        5.67899142e-08  20.6521  18.9826
0202-08-14_21:10:55.400000      521964.64        5.75553226e+00        5.41249242e-08  20.6521  18.9826
0202-08-14_21:10:55.440000      521964.68        5.76576042e+00        5.42488742e-08  20.6521  18.9826
0202-08-14_21:10:55.492000      521964.73        5.77611017e+00        5.47446842e-08  20.6398  19.0696
0202-08-14_21:10:55.543000      521964.78        5.78578377e+00        5.19557442e-08  20.6398  19.0696
0202-08-14_21:10:55.617000      521964.86        5.79553366e+00        5.18937642e-08  20.6398  19.0696
0202-08-14_21:10:55.684000      521964.92        5.81055117e+00        5.01584242e-08  20.6398  19.0696
0202-08-14_21:10:55.742000      521964.98        5.81575012e+00        4.94147042e-08  20.6398  19.0696
0202-08-14_21:10:55.797000      521965.03        5.82594299e+00        4.91048242e-08  20.6398  19.0696
0202-08-14_21:10:55.848000      521965.09        5.83400726e+00        5.00964442e-08  20.6398  19.0696
0202-08-14_21:10:55.930000      521965.17        5.84563398e+00        4.96626142e-08  20.6398  19.0696
0202-08-14_21:10:55.996000      521965.23        5.85563946e+00        5.13359742e-08  20.6398  19.0696
0202-08-14_21:10:56.035000      521965.27        5.86567545e+00        5.15219042e-08  20.6398  19.0696
0202-08-14_21:10:56.090000      521965.33        5.87565422e+00        5.22656242e-08  20.6398  19.0696
0202-08-14_21:10:56.145000      521965.38        5.88558483e+00        5.42488742e-08  20.6398  19.0696
0202-08-14_21:10:56.223000      521965.46        5.89556122e+00        5.51785242e-08  20.6398  19.0696
0202-08-14_21:10:56.277000      521965.51        5.90561819e+00        5.60461942e-08  20.6398  19.0696
0202-08-14_21:10:56.336000      521965.57        5.91554594e+00        5.57363142e-08  20.6398  19.0696
0202-08-14_21:10:56.383000      521965.62        5.92564011e+00        5.55503842e-08  20.6398  19.0696
0202-08-14_21:10:56.453000      521965.69        5.93559456e+00        5.46207342e-08  20.6398  19.0696
0202-08-14_21:10:56.516000      521965.75        5.94623137e+00        5.13359742e-08  20.6732  19.0417
0202-08-14_21:10:56.566000      521965.80        5.95552349e+00        5.20796942e-08  20.6732  19.0417
0202-08-14_21:10:56.640000      521965.88        5.96624804e+00        5.42488742e-08  20.6732  19.0417
0202-08-14_21:10:56.680000      521965.92        5.97561455e+00        5.30093442e-08  20.6732  19.0417
0202-08-14_21:10:56.740000      521965.98        5.98550987e+00        5.53024742e-08  20.6732  19.0417
0202-08-14_21:10:56.830000      521966.06        5.99560118e+00        5.66039842e-08  20.6732  19.0417
0202-08-14_21:10:56.895000      521966.13        6.00555897e+00        5.50545742e-08  20.6732  19.0417
0202-08-14_21:10:56.930000      521966.17        6.01555300e+00        5.43728242e-08  20.6732  19.0417
0202-08-14_21:10:57             521966.24        6.02483654e+00        5.67899142e-08  20.6732  19.0417
0202-08-14_21:10:57.043000      521966.28        6.03557634e+00        5.55503842e-08  20.6732  19.0417
0202-08-14_21:10:57.117000      521966.36        6.04547834e+00        5.58602642e-08  20.6732  19.0417
0202-08-14_21:10:57.170000      521966.41        6.05563688e+00        5.52405042e-08  20.6732  19.0417
0202-08-14_21:10:57.240000      521966.47        6.06563044e+00        5.23895742e-08  20.6732  19.0417
0202-08-14_21:10:57.280000      521966.52        6.07551146e+00        5.02823742e-08  20.6732  19.0417
0202-08-14_21:10:57.363000      521966.60        6.08552551e+00        4.91667942e-08  20.6732  19.0417
0202-08-14_21:10:57.420000      521966.66        6.09554672e+00        4.77413342e-08  20.6732  19.0417
0202-08-14_21:10:57.496000      521966.73        6.10946512e+00        4.86709842e-08  20.6535  18.9803
0202-08-14_21:10:57.535000      521966.77        6.11711788e+00        4.86709842e-08  20.6535  18.9803
0202-08-14_21:10:57.582000      521966.82        6.12541866e+00        4.75554042e-08  20.6535  18.9803
0202-08-14_21:10:57.637000      521966.87        6.13566494e+00        5.06542342e-08  20.6535  18.9803
0202-08-14_21:10:57.730000      521966.97        6.14561033e+00        5.13359742e-08  20.6535  18.9803
0202-08-14_21:10:57.797000      521967.03        6.15564442e+00        5.10260942e-08  20.6535  18.9803
0202-08-14_21:10:57.832000      521967.07        6.16558218e+00        5.12740042e-08  20.6535  18.9803
0202-08-14_21:10:57.900000      521967.14        6.17429972e+00        5.28853942e-08  20.6535  18.9803
0202-08-14_21:10:57.940000      521967.18        6.18562555e+00        5.05922542e-08  20.6535  18.9803
0202-08-14_21:10:58.020000      521967.26        6.19554949e+00        5.09021442e-08  20.6535  18.9803
0202-08-14_21:10:58.094000      521967.33        6.20571947e+00        5.16458642e-08  20.6535  18.9803
0202-08-14_21:10:58.133000      521967.37        6.21562290e+00        5.26994642e-08  20.6535  18.9803
0202-08-14_21:10:58.184000      521967.42        6.22521257e+00        5.17078342e-08  20.6535  18.9803
0202-08-14_21:10:58.250000      521967.49        6.24061155e+00        5.01584242e-08  20.6535  18.9803
0202-08-14_21:10:58.332000      521967.57        6.24572325e+00        5.06542342e-08  20.6535  18.9803
0202-08-14_21:10:58.387000      521967.62        6.25563240e+00        5.06542342e-08  20.6535  18.9803
0202-08-14_21:10:58.473000      521967.71        6.26454067e+00        5.17078342e-08  20.6535  18.9803
0202-08-14_21:10:58.527000      521967.76        6.27741480e+00        5.41868942e-08  20.6549  19.2500
0202-08-14_21:10:58.562000      521967.80        6.28582001e+00        5.60461942e-08  20.6549  19.2500
0202-08-14_21:10:58.630000      521967.87        6.29394722e+00        5.64180942e-08  20.6549  19.2500
0202-08-14_21:10:58.695000      521967.93        6.30589294e+00        5.59842942e-08  20.6549  19.2500
0202-08-14_21:10:58.760000      521968.00        6.31548977e+00        5.65421242e-08  20.6549  19.2500
0202-08-14_21:10:58.797000      521968.03        6.32555056e+00        5.66661142e-08  20.6549  19.2500
0202-08-14_21:10:58.870000      521968.11        6.33472967e+00        5.67901142e-08  20.6549  19.2500
0202-08-14_21:10:58.940000      521968.18        6.34560108e+00        5.61084042e-08  20.6549  19.2500
0202-08-14_21:10:58.996000      521968.23        6.35565472e+00        5.75339042e-08  20.6549  19.2500
0202-08-14_21:10:59.050000      521968.29        6.36563826e+00        5.92692942e-08  20.6549  19.2500
0202-08-14_21:10:59.110000      521968.35        6.37348413e+00        5.83396842e-08  20.6549  19.2500
0202-08-14_21:10:59.164000      521968.40        6.38634062e+00        6.17484342e-08  20.6549  19.2500
0202-08-14_21:10:59.254000      521968.49        6.39429665e+00        6.16244742e-08  20.6549  19.2500
0202-08-14_21:10:59.305000      521968.54        6.40549231e+00        6.37316842e-08  20.6549  19.2500
0202-08-14_21:10:59.360000      521968.60        6.41571522e+00        6.32358742e-08  20.6549  19.2500
0202-08-14_21:10:59.440000      521968.68        6.42468929e+00        6.45993542e-08  20.6549  19.2500
0202-08-14_21:10:59.480000      521968.72        6.43641233e+00        6.25541242e-08  20.6687  19.0880
0202-08-14_21:10:59.547000      521968.78        6.44672203e+00        6.34837742e-08  20.6687  19.0880
0202-08-14_21:10:59.605000      521968.84        6.45553207e+00        6.46613342e-08  20.6687  19.0880
0202-08-14_21:10:59.656000      521968.90        6.46554756e+00        6.50331942e-08  20.6687  19.0880
0202-08-14_21:10:59.710000      521968.95        6.47552633e+00        6.74502742e-08  20.6687  19.0880
0202-08-14_21:10:59.766000      521969.00        6.48545551e+00        6.42894742e-08  20.6687  19.0880
0202-08-14_21:10:59.844000      521969.08        6.49564362e+00        6.62727242e-08  20.6687  19.0880
0202-08-14_21:10:59.900000      521969.14        6.50550032e+00        6.54670242e-08  20.6687  19.0880
0202-08-14_21:10:59.953000      521969.19        6.51544189e+00        6.45993542e-08  20.6687  19.0880
0202-08-14_21:11:00.008000      521969.24        6.52552414e+00        6.49712142e-08  20.6687  19.0880
0202-08-14_21:11:00.066000      521969.30        6.53815413e+00        6.74502742e-08  20.6687  19.0880
0202-08-14_21:11:00.150000      521969.39        6.54551840e+00        6.74502742e-08  20.6687  19.0880
0202-08-14_21:11:00.195000      521969.43        6.55565119e+00        6.49712142e-08  20.6687  19.0880
0202-08-14_21:11:00.266000      521969.50        6.56552601e+00        6.50331942e-08  20.6687  19.0880
0202-08-14_21:11:00.310000      521969.55        6.57551861e+00        6.44754042e-08  20.6687  19.0880
0202-08-14_21:11:00.367000      521969.60        6.58574390e+00        6.47852842e-08  20.6687  19.0880
0202-08-14_21:11:00.453000      521969.69        6.59807062e+00        6.38556342e-08  20.6687  19.0880
0202-08-14_21:11:00.504000      521969.74        6.60719633e+00        6.13765742e-08  20.6284  19.0855
0202-08-14_21:11:00.566000      521969.80        6.61582661e+00        6.41035442e-08  20.6284  19.0855
0202-08-14_21:11:00.620000      521969.86        6.62583828e+00        6.27400542e-08  20.6284  19.0855
0202-08-14_21:11:00.684000      521969.92        6.63612318e+00        6.52191242e-08  20.6284  19.0855
0202-08-14_21:11:00.750000      521969.99        6.64540386e+00        6.45993542e-08  20.6284  19.0855
0202-08-14_21:11:00.805000      521970.04        6.65552950e+00        6.48472642e-08  20.6284  19.0855
0202-08-14_21:11:00.867000      521970.10        6.66843319e+00        6.44134242e-08  20.6284  19.0855
0202-08-14_21:11:00.938000      521970.17        6.67560673e+00        6.19963342e-08  20.6284  19.0855
0202-08-14_21:11:00.980000      521970.22        6.68564081e+00        6.53430742e-08  20.6284  19.0855
0202-08-14_21:11:01.050000      521970.29        6.69565916e+00        6.32978442e-08  20.6284  19.0855
0202-08-14_21:11:01.113000      521970.35        6.70559454e+00        6.29879642e-08  20.6284  19.0855
0202-08-14_21:11:01.168000      521970.40        6.71573496e+00        6.09427342e-08  20.6284  19.0855
0202-08-14_21:11:01.215000      521970.45        6.72379351e+00        6.02609942e-08  20.6284  19.0855
0202-08-14_21:11:01.280000      521970.52        6.73554754e+00        5.64804242e-08  20.6284  19.0855
0202-08-14_21:11:01.410000      521970.65        6.74542904e+00        5.85876242e-08  20.6284  19.0855
0202-08-14_21:11:01.445000      521970.68        6.75565004e+00        5.80298342e-08  20.6284  19.0855
0202-08-14_21:11:01.500000      521970.74        6.76359367e+00        5.77199542e-08  20.6537  19.0371
0202-08-14_21:11:01.555000      521970.79        6.77574635e+00        5.95172742e-08  20.6537  19.0371
0202-08-14_21:11:01.620000      521970.86        6.78552675e+00        5.67283342e-08  20.6537  19.0371
0202-08-14_21:11:01.695000      521970.93        6.79551315e+00        5.65424042e-08  20.6537  19.0371
0202-08-14_21:11:01.740000      521970.98        6.80554533e+00        6.04469242e-08  20.6537  19.0371
0202-08-14_21:11:01.810000      521971.05        6.81559753e+00        6.34837742e-08  20.6537  19.0371
0202-08-14_21:11:01.883000      521971.12        6.82574987e+00        6.21822642e-08  20.6537  19.0371
0202-08-14_21:11:01.914000      521971.15        6.83552074e+00        6.47852842e-08  20.6537  19.0371
0202-08-14_21:11:01.984000      521971.22        6.84429026e+00        6.57149342e-08  20.6537  19.0371
0202-08-14_21:11:02.040000      521971.27        6.85559750e+00        6.88757342e-08  20.6537  19.0371
0202-08-14_21:11:02.094000      521971.33        6.86555910e+00        6.94335242e-08  20.6537  19.0371
0202-08-14_21:11:02.145000      521971.38        6.87570381e+00        7.07970142e-08  20.6537  19.0371
0202-08-14_21:11:02.200000      521971.44        6.88553429e+00        7.31521242e-08  20.6537  19.0371
0202-08-14_21:11:02.300000      521971.54        6.89553213e+00        7.79243142e-08  20.6537  19.0371
0202-08-14_21:11:02.336000      521971.57        6.90559053e+00        7.97836142e-08  20.6537  19.0371
0202-08-14_21:11:02.390000      521971.63        6.91499090e+00        7.68707142e-08  20.6537  19.0371
0202-08-14_21:11:02.445000      521971.68        6.92564297e+00        8.12710542e-08  20.6537  19.0371
0202-08-14_21:11:02.508000      521971.74        6.93577862e+00        7.92878042e-08  20.6537  19.0371
0202-08-14_21:11:02.574000      521971.81        6.94672060e+00        7.93497742e-08  20.6725  19.1292
0202-08-14_21:11:02.652000      521971.89        6.95669651e+00        8.03414042e-08  20.6725  19.1292
0202-08-14_21:11:02.700000      521971.93        6.96549511e+00        8.22626742e-08  20.6725  19.1292
0202-08-14_21:11:02.754000      521971.99        6.97575092e+00        8.28824442e-08  20.6725  19.1292
0202-08-14_21:11:02.830000      521972.07        6.98393297e+00        8.29444142e-08  20.6725  19.1292
0202-08-14_21:11:02.906000      521972.14        6.99541855e+00        8.42459242e-08  20.6725  19.1292
0202-08-14_21:11:02.940000      521972.18        7.00554609e+00        8.33782542e-08  20.6725  19.1292
0202-08-14_21:11:03.010000      521972.25        7.01347876e+00        8.96378842e-08  20.6725  19.1292
0202-08-14_21:11:03.047000      521972.28        7.02573347e+00        9.06914842e-08  20.6725  19.1292
0202-08-14_21:11:03.120000      521972.36        7.03408384e+00        9.90583242e-08  20.6725  19.1292
0202-08-14_21:11:03.195000      521972.43        7.04560471e+00        1.01847274e-07  20.6725  19.1292
0202-08-14_21:11:03.240000      521972.47        7.05550957e+00        1.02776914e-07  20.6725  19.1292
0202-08-14_21:11:03.293000      521972.53        7.06560040e+00        1.05317954e-07  20.6725  19.1292
0202-08-14_21:11:03.348000      521972.59        7.07565117e+00        1.09656314e-07  20.6725  19.1292
0202-08-14_21:11:03.418000      521972.66        7.08391380e+00        1.13622814e-07  20.6725  19.1292
0202-08-14_21:11:03.480000      521972.72        7.09559965e+00        1.16597694e-07  20.6725  19.1292
0202-08-14_21:11:03.535000      521972.77        7.10675001e+00        1.20998024e-07  20.6692  19.2765
0202-08-14_21:11:03.605000      521972.84        7.11563206e+00        1.21679774e-07  20.6692  19.2765
0202-08-14_21:11:03.660000      521972.90        7.12560558e+00        1.25088484e-07  20.6692  19.2765
0202-08-14_21:11:03.703000      521972.94        7.13624763e+00        1.22113604e-07  20.6692  19.2765
0202-08-14_21:11:03.780000      521973.02        7.14424276e+00        1.24840574e-07  20.6692  19.2765
0202-08-14_21:11:03.844000      521973.08        7.15865612e+00        1.31596024e-07  20.6692  19.2765
0202-08-14_21:11:03.902000      521973.14        7.16553831e+00        1.35314614e-07  20.6692  19.2765
0202-08-14_21:11:03.953000      521973.19        7.17574072e+00        1.37669724e-07  20.6692  19.2765
0202-08-14_21:11:04.227000      521973.47        7.19512606e+00        1.52792004e-07  20.6692  19.2765
0202-08-14_21:11:04.260000      521973.50        7.19558382e+00        1.56696534e-07  20.6692  19.2765
0202-08-14_21:11:04.305000      521973.54        7.20365810e+00        1.64319644e-07  20.6692  19.2765
0202-08-14_21:11:04.380000      521973.62        7.21562195e+00        1.69277774e-07  20.6692  19.2765
0202-08-14_21:11:04.465000      521973.70        7.22552252e+00        1.74173924e-07  20.6692  19.2765
0202-08-14_21:11:04.516000      521973.75        7.23619843e+00        1.76591004e-07  20.6786  19.0991
0202-08-14_21:11:04.547000      521973.78        7.24613953e+00        1.81611114e-07  20.6786  19.0991
0202-08-14_21:11:04.598000      521973.83        7.25423527e+00        1.86073424e-07  20.6786  19.0991
0202-08-14_21:11:04.676000      521973.91        7.26550627e+00        1.92147094e-07  20.6786  19.0991
0202-08-14_21:11:04.740000      521973.97        7.27565241e+00        1.98654594e-07  20.6786  19.0991
0202-08-14_21:11:04.800000      521974.04        7.28573418e+00        2.07455234e-07  20.6786  19.0991
0202-08-14_21:11:04.855000      521974.09        7.29574299e+00        2.13095064e-07  20.6786  19.0991
0202-08-14_21:11:04.920000      521974.16        7.30462694e+00        2.17805254e-07  20.6786  19.0991
0202-08-14_21:11:05             521974.24        7.31573915e+00        2.23878914e-07  20.6786  19.0991
0202-08-14_21:11:05.040000      521974.27        7.32553768e+00        2.28093294e-07  20.6786  19.0991
0202-08-14_21:11:05.100000      521974.34        7.33530188e+00        2.34724744e-07  20.6786  19.0991
0202-08-14_21:11:05.150000      521974.39        7.34560251e+00        2.39868764e-07  20.6786  19.0991
0202-08-14_21:11:05.230000      521974.47        7.35508251e+00        2.45322674e-07  20.6786  19.0991
0202-08-14_21:11:05.277000      521974.52        7.36563778e+00        2.50652654e-07  20.6786  19.0991
0202-08-14_21:11:05.332000      521974.57        7.37555361e+00        2.58027864e-07  20.6786  19.0991
0202-08-14_21:11:05.390000      521974.63        7.38559723e+00        2.65341104e-07  20.6786  19.0991
0202-08-14_21:11:05.440000      521974.68        7.39572573e+00        2.77612454e-07  20.6786  19.0991
0202-08-14_21:11:05.496000      521974.73        7.40558147e+00        2.86970924e-07  20.6699  19.3087
0202-08-14_21:11:05.570000      521974.81        7.41766024e+00        2.96391354e-07  20.6699  19.3087
0202-08-14_21:11:05.640000      521974.88        7.42553186e+00        3.07918994e-07  20.6699  19.3087
0202-08-14_21:11:05.684000      521974.92        7.43566322e+00        3.20500244e-07  20.6699  19.3087
0202-08-14_21:11:05.758000      521974.99        7.44553137e+00        3.35498564e-07  20.6699  19.3087
0202-08-14_21:11:05.797000      521975.03        7.45557976e+00        3.51426544e-07  20.6699  19.3087
0202-08-14_21:11:05.880000      521975.12        7.47061491e+00        3.64007784e-07  20.6699  19.3087
0202-08-14_21:11:05.934000      521975.17        7.47581053e+00        3.75287524e-07  20.6699  19.3087
0202-08-14_21:11:06.004000      521975.24        7.48407650e+00        3.86381324e-07  20.6699  19.3087
0202-08-14_21:11:06.043000      521975.28        7.49559879e+00        3.97103274e-07  20.6699  19.3087
0202-08-14_21:11:06.117000      521975.35        7.50493765e+00        4.13279154e-07  20.6699  19.3087
0202-08-14_21:11:06.195000      521975.43        7.51571465e+00        4.27099924e-07  20.6699  19.3087
0202-08-14_21:11:06.230000      521975.47        7.52551794e+00        4.40796744e-07  20.6699  19.3087
0202-08-14_21:11:06.285000      521975.52        7.53429174e+00        4.55485194e-07  20.6699  19.3087
0202-08-14_21:11:06.336000      521975.57        7.54578400e+00        4.71289214e-07  20.6699  19.3087
0202-08-14_21:11:06.402000      521975.64        7.55544043e+00        4.84428244e-07  20.6699  19.3087
0202-08-14_21:11:06.500000      521975.74        7.56559086e+00        5.02339474e-07  20.6699  19.3087
0202-08-14_21:11:06.543000      521975.78        7.57609653e+00        5.20312674e-07  20.6702  19.0649
0202-08-14_21:11:06.590000      521975.83        7.58719397e+00        5.40021224e-07  20.6702  19.0649
0202-08-14_21:11:06.640000      521975.88        7.59564066e+00        5.58304304e-07  20.6702  19.0649
0202-08-14_21:11:06.707000      521975.94        7.61078167e+00        5.75781694e-07  20.6702  19.0649
0202-08-14_21:11:06.773000      521976.01        7.61553383e+00        5.98775004e-07  20.6702  19.0649
0202-08-14_21:11:06.836000      521976.07        7.62558031e+00        6.20590754e-07  20.6702  19.0649
0202-08-14_21:11:06.890000      521976.13        7.63575792e+00        6.44513704e-07  20.6702  19.0649
0202-08-14_21:11:06.957000      521976.19        7.65100908e+00        6.65399804e-07  20.6702  19.0649
0202-08-14_21:11:07.027000      521976.26        7.65582466e+00        6.90748224e-07  20.6702  19.0649
0202-08-14_21:11:07.080000      521976.31        7.66566515e+00        7.12378044e-07  20.6702  19.0649
0202-08-14_21:11:07.137000      521976.37        7.67555952e+00        7.35867154e-07  20.6702  19.0649
0202-08-14_21:11:07.215000      521976.45        7.68435478e+00        7.63694634e-07  20.6702  19.0649
0202-08-14_21:11:07.250000      521976.49        7.69542551e+00        7.92451754e-07  20.6702  19.0649
0202-08-14_21:11:07.300000      521976.54        7.70402241e+00        8.23254104e-07  20.6702  19.0649
0202-08-14_21:11:07.418000      521976.65        7.71553707e+00        8.52692974e-07  20.6702  19.0649
0202-08-14_21:11:07.477000      521976.71        7.72552586e+00        8.82441724e-07  20.6702  19.0649
0202-08-14_21:11:07.530000      521976.77        7.73754978e+00        9.13182104e-07  20.6526  19.1424
0202-08-14_21:11:07.582000      521976.82        7.74687529e+00        9.49376414e-07  20.6526  19.1424
0202-08-14_21:11:07.637000      521976.87        7.75560236e+00        9.87615954e-07  20.6526  19.1424
0202-08-14_21:11:07.734000      521976.97        7.76559877e+00        1.02579351e-06  20.6526  19.1424
0202-08-14_21:11:07.780000      521977.02        7.77559710e+00        1.06211177e-06  20.6526  19.1424
0202-08-14_21:11:07.836000      521977.07        7.78572989e+00        1.09427761e-06  20.6526  19.1424
0202-08-14_21:11:07.906000      521977.14        7.79399061e+00        1.13177343e-06  20.6526  19.1424
0202-08-14_21:11:07.940000      521977.18        7.80554247e+00        1.16939320e-06  20.6526  19.1424
0202-08-14_21:11:08.020000      521977.25        7.81496429e+00        1.21122738e-06  20.6526  19.1424
0202-08-14_21:11:08.098000      521977.33        7.82558107e+00        1.25578853e-06  20.6526  19.1424
0202-08-14_21:11:08.133000      521977.37        7.83551979e+00        1.29768468e-06  20.6526  19.1424
0202-08-14_21:11:08.220000      521977.45        7.84493017e+00        1.34181200e-06  20.6526  19.1424
0202-08-14_21:11:08.250000      521977.49        7.85554838e+00        1.37850212e-06  20.6526  19.1424
0202-08-14_21:11:08.320000      521977.56        7.86408949e+00        1.42752558e-06  20.6526  19.1424
0202-08-14_21:11:08.375000      521977.61        7.87556267e+00        1.48249879e-06  20.6526  19.1424
0202-08-14_21:11:08.430000      521977.66        7.88556147e+00        1.53982711e-06  20.6526  19.1424
0202-08-14_21:11:08.504000      521977.74        7.89553642e+00        1.59957251e-06  20.6526  19.1424
0202-08-14_21:11:08.560000      521977.80        7.90838385e+00        1.65659095e-06  20.6532  19.2656
0202-08-14_21:11:08.620000      521977.86        7.91615534e+00        1.70871324e-06  20.6532  19.2656
0202-08-14_21:11:08.676000      521977.91        7.92551565e+00        1.76659935e-06  20.6532  19.2656
0202-08-14_21:11:08.727000      521977.96        7.93553114e+00        1.83006335e-06  20.6532  19.2656
0202-08-14_21:11:08.785000      521978.02        7.94562197e+00        1.89340339e-06  20.6532  19.2656
0202-08-14_21:11:08.836000      521978.07        7.95552588e+00        1.96913875e-06  20.6532  19.2656
0202-08-14_21:11:08.914000      521978.15        7.96553755e+00        2.03805669e-06  20.6532  19.2656
0202-08-14_21:11:08.973000      521978.21        7.97559452e+00        2.10728451e-06  20.6532  19.2656
0202-08-14_21:11:09.043000      521978.28        7.98568678e+00        2.17855755e-06  20.6532  19.2656
0202-08-14_21:11:09.080000      521978.32        7.99573612e+00        2.24437666e-06  20.6532  19.2656
0202-08-14_21:11:09.140000      521978.38        8.00443172e+00        2.31943027e-06  20.6532  19.2656
0202-08-14_21:11:09.234000      521978.47        8.01581764e+00        2.40006178e-06  20.6532  19.2656
0202-08-14_21:11:09.270000      521978.51        8.02555466e+00        2.48230468e-06  20.6532  19.2656
0202-08-14_21:11:09.320000      521978.56        8.03433418e+00        2.56894791e-06  20.6532  19.2656
0202-08-14_21:11:09.375000      521978.61        8.04551029e+00        2.65707858e-06  20.6532  19.2656
0202-08-14_21:11:09.430000      521978.67        8.05554295e+00        2.74434158e-06  20.6532  19.2656
0202-08-14_21:11:09.540000      521978.78        8.06554604e+00        2.83358783e-06  20.6532  19.2656
0202-08-14_21:11:09.586000      521978.82        8.07801533e+00        2.92240024e-06  20.6820  19.0015
0202-08-14_21:11:09.625000      521978.86        8.08577919e+00        3.01728635e-06  20.6820  19.0015
0202-08-14_21:11:09.703000      521978.94        8.09579372e+00        3.12785254e-06  20.6820  19.0015
0202-08-14_21:11:09.740000      521978.97        8.10556793e+00        3.23240700e-06  20.6820  19.0015
0202-08-14_21:11:09.810000      521979.05        8.11398697e+00        3.34700166e-06  20.6820  19.0015
0202-08-14_21:11:09.855000      521979.09        8.12573528e+00        3.45924121e-06  20.6820  19.0015
0202-08-14_21:11:09.918000      521979.16        8.13561726e+00        3.57104692e-06  20.6820  19.0015
0202-08-14_21:11:09.965000      521979.20        8.14570808e+00        3.68619937e-06  20.6820  19.0015
0202-08-14_21:11:10.030000      521979.27        8.15552044e+00        3.80928482e-06  20.6820  19.0015
0202-08-14_21:11:10.105000      521979.34        8.16544056e+00        3.93912572e-06  20.6820  19.0015
0202-08-14_21:11:10.164000      521979.40        8.17559242e+00        4.07187951e-06  20.6820  19.0015
0202-08-14_21:11:10.234000      521979.47        8.19246292e+00        4.21033515e-06  20.6820  19.0015
0202-08-14_21:11:10.270000      521979.51        8.19553185e+00        4.33670534e-06  20.6820  19.0015
0202-08-14_21:11:10.340000      521979.58        8.21348858e+00        4.48278414e-06  20.6820  19.0015
0202-08-14_21:11:10.430000      521979.67        8.21601582e+00        4.62365684e-06  20.6820  19.0015
0202-08-14_21:11:10.473000      521979.71        8.22582817e+00        4.77016944e-06  20.6820  19.0015
0202-08-14_21:11:10.527000      521979.76        8.23762894e+00        4.93422134e-06  20.6723  19.0876
0202-08-14_21:11:10.580000      521979.82        8.24590588e+00        5.10323144e-06  20.6723  19.0876
0202-08-14_21:11:10.633000      521979.87        8.25561523e+00        6.10390504e-06  20.6723  19.0876
0202-08-14_21:11:10.710000      521979.95        8.26552868e+00        6.12144374e-06  20.6723  19.0876
0202-08-14_21:11:10.770000      521980.01        8.27574730e+00        6.14468424e-06  20.6723  19.0876
0202-08-14_21:11:10.840000      521980.08        8.29117393e+00        6.19990464e-06  20.6723  19.0876
0202-08-14_21:11:10.910000      521980.15        8.29589653e+00        6.28152704e-06  20.6723  19.0876
0202-08-14_21:11:10.945000      521980.18        8.30570507e+00        6.37511094e-06  20.6723  19.0876
0202-08-14_21:11:11.020000      521980.26        8.31449127e+00        7.38929154e-06  20.6723  19.0876
0202-08-14_21:11:11.098000      521980.34        8.32546711e+00        7.40515744e-06  20.6723  19.0876
0202-08-14_21:11:11.133000      521980.37        8.33536530e+00        7.43304694e-06  20.6723  19.0876
0202-08-14_21:11:11.188000      521980.43        8.34410477e+00        7.49737854e-06  20.6723  19.0876
0202-08-14_21:11:11.258000      521980.49        8.35650825e+00        7.57838184e-06  20.6723  19.0876
0202-08-14_21:11:11.316000      521980.55        8.36418915e+00        7.68820424e-06  20.6723  19.0876
0202-08-14_21:11:11.375000      521980.61        8.37577438e+00        8.80111674e-06  20.6723  19.0876
0202-08-14_21:11:11.430000      521980.67        8.38374710e+00        8.84276494e-06  20.6723  19.0876
0202-08-14_21:11:11.504000      521980.74        8.39725971e+00        8.89389564e-06  20.6909  19.2572
0202-08-14_21:11:11.543000      521980.78        8.40576172e+00        8.97180014e-06  20.6909  19.2572
0202-08-14_21:11:11.645000      521980.88        8.41564083e+00        9.97309284e-06  20.6909  19.2572
0202-08-14_21:11:11.680000      521980.92        8.42556000e+00        9.99788344e-06  20.6909  19.2572
0202-08-14_21:11:11.746000      521980.98        8.44106960e+00        1.00783289e-05  20.6909  19.2572
0202-08-14_21:11:11.824000      521981.06        8.44567585e+00        1.11419700e-05  20.6909  19.2572
0202-08-14_21:11:11.860000      521981.09        8.45564079e+00        1.11565345e-05  20.6909  19.2572
0202-08-14_21:11:11.945000      521981.18        8.46425724e+00        1.12151023e-05  20.6909  19.2572
0202-08-14_21:11:11.980000      521981.22        8.47553062e+00        1.12891643e-05  20.6909  19.2572
0202-08-14_21:11:12.043000      521981.28        8.48844433e+00        1.24255039e-05  20.6909  19.2572
0202-08-14_21:11:12.090000      521981.33        8.49552441e+00        1.24695072e-05  20.6909  19.2572
0202-08-14_21:11:12.140000      521981.38        8.50566483e+00        1.25658187e-05  20.6909  19.2572
0202-08-14_21:11:12.242000      521981.48        8.51563072e+00        1.38639790e-05  20.6909  19.2572
0202-08-14_21:11:12.277000      521981.52        8.52558517e+00        1.38764363e-05  20.6909  19.2572
0202-08-14_21:11:12.332000      521981.57        8.53387165e+00        1.39486389e-05  20.6909  19.2572
0202-08-14_21:11:12.387000      521981.62        8.54551029e+00        1.49907122e-05  20.6909  19.2572
0202-08-14_21:11:12.440000      521981.68        8.55559158e+00        1.50338478e-05  20.6909  19.2572
0202-08-14_21:11:12.516000      521981.75        8.56549263e+00        1.51328863e-05  20.6803  19.1225
0202-08-14_21:11:12.574000      521981.81        8.57719421e+00        1.65983832e-05  20.6803  19.1225
0202-08-14_21:11:12.630000      521981.86        8.58589649e+00        1.66588103e-05  20.6803  19.1225
0202-08-14_21:11:12.684000      521981.92        8.59552765e+00        1.76817328e-05  20.6803  19.1225
0202-08-14_21:11:12.730000      521981.97        8.60544395e+00        1.77247445e-05  20.6803  19.1225
0202-08-14_21:11:12.805000      521982.04        8.61557484e+00        1.78200024e-05  20.6803  19.1225
0202-08-14_21:11:12.867000      521982.10        8.62549591e+00        1.91753670e-05  20.6803  19.1225
0202-08-14_21:11:12.938000      521982.17        8.63575554e+00        1.92079047e-05  20.6803  19.1225
0202-08-14_21:11:12.996000      521982.23        8.64562798e+00        1.93110956e-05  20.6803  19.1225
0202-08-14_21:11:13.062000      521982.30        8.66090107e+00        2.07824182e-05  20.6803  19.1225