# Ic = 0.02 A, n = 1.01 , Tavg = 59.95 K, f28-60e19pm2-1200keV-0nA-50k-Afteranneal60k_30min
#datetime                        t_s     iHTS_A                vHTS_V                tHTS_K  tTAR_K
0202-03-09_14:18:30.168000      51198.63        1.73153500e-02        2.51383943e-07  59.9277  59.1017
0202-03-09_14:18:30.360000      51198.82        8.14785300e-03        2.44380344e-07  59.9277  59.1017
0202-03-09_14:18:30.560000      51199.02        9.16151700e-03        2.45062110e-07  59.9277  59.1017
0202-03-09_14:18:30.805000      51199.27        1.17053200e-02       -1.26467656e-08  59.9277  59.1017
0202-03-09_14:18:31.027000      51199.49        1.36599300e-02       -3.74971650e-10  59.9568  59.1046
0202-03-09_14:18:31.227000      51199.69        1.56590600e-02        8.02625350e-10  59.9568  59.1046
0202-03-09_14:18:31.430000      51199.89        1.76923200e-02        3.71562635e-09  59.9568  59.1046
0202-03-09_14:18:31.630000      51200.09        1.96399500e-02        2.04220035e-09  59.9568  59.1046
0202-03-09_14:18:31.840000      51200.30        2.15515200e-02       -3.12992650e-10  59.9568  59.1046
0202-03-09_14:18:32.055000      51200.52        2.35016700e-02        6.16688350e-10  59.9154  59.0773
0202-03-09_14:18:32.258000      51200.72        2.55497800e-02       -5.20909665e-09  59.9154  59.0773
0202-03-09_14:18:32.457000      51200.92        2.74301800e-02        1.21232350e-10  59.9154  59.0773
0202-03-09_14:18:32.668000      51201.13        2.93076100e-02        5.94123500e-11  59.9154  59.0773
0202-03-09_14:18:32.870000      51201.33        3.14417900e-02        8.92236635e-09  59.9271  59.0922
0202-03-09_14:18:33.082000      51201.54        3.32999300e-02        5.57551635e-09  59.9271  59.0922
0202-03-09_14:18:33.277000      51201.74        3.52273800e-02        5.01770835e-09  59.9271  59.0922
0202-03-09_14:18:33.484000      51201.95        3.72280000e-02       -1.88502650e-10  59.9271  59.0922
0202-03-09_14:18:33.688000      51202.15        3.93087500e-02       -6.45446500e-11  59.9271  59.0922
0202-03-09_14:18:33.895000      51202.36        4.10941700e-02        5.20364435e-09  59.9271  59.0922
0202-03-09_14:18:34.110000      51202.57        4.34955000e-02        8.30257935e-09  59.9038  59.0608
0202-03-09_14:18:34.320000      51202.78        4.52067100e-02        2.91043235e-09  59.9038  59.0608
0202-03-09_14:18:34.543000      51203.00        4.72429400e-02        4.39792135e-09  59.9038  59.0608
0202-03-09_14:18:34.750000      51203.21        4.90150000e-02        1.91877335e-09  59.9038  59.0608
0202-03-09_14:18:34.953000      51203.41        5.12149200e-02        4.70781535e-09  59.9111  59.0697
0202-03-09_14:18:35.145000      51203.61        5.35197800e-02       -3.84524565e-09  59.9111  59.0697
0202-03-09_14:18:35.360000      51203.82        5.52799700e-02        3.53021935e-09  59.9111  59.0697
0202-03-09_14:18:35.562000      51204.02        5.73384600e-02        9.60413235e-09  59.9111  59.0697
0202-03-09_14:18:35.816000      51204.28        5.91372300e-02        1.48723213e-08  59.9111  59.0697
0202-03-09_14:18:36.040000      51204.50        6.09419400e-02        3.71615535e-09  59.8979  59.0623
0202-03-09_14:18:36.242000      51204.70        6.32364100e-02       -6.45446500e-11  59.8979  59.0623
0202-03-09_14:18:36.457000      51204.92        6.52521500e-02       -2.85358665e-09  59.8979  59.0623
0202-03-09_14:18:36.660000      51205.12        6.71563000e-02        2.91043235e-09  59.8979  59.0623
0202-03-09_14:18:36.863000      51205.33        6.88942200e-02        9.35621735e-09  59.9165  59.0937
0202-03-09_14:18:37.062000      51205.52        7.08102400e-02        1.28270244e-08  59.9165  59.0937
0202-03-09_14:18:37.277000      51205.74        7.28939600e-02        1.07817274e-08  59.9165  59.0937
0202-03-09_14:18:37.473000      51205.93        7.53027100e-02        8.55049435e-09  59.9165  59.0937
0202-03-09_14:18:37.670000      51206.14        7.68981600e-02        1.23311943e-08  59.9165  59.0937
0202-03-09_14:18:37.880000      51206.34        7.87889400e-02        1.20832804e-08  59.9467  59.1043
0202-03-09_14:18:38.086000      51206.55        8.08287300e-02        1.66077273e-08  59.9467  59.1043
0202-03-09_14:18:38.290000      51206.75        8.31454700e-02        1.61738814e-08  59.9467  59.1043
0202-03-09_14:18:38.500000      51206.96        8.47453600e-02        2.34873733e-08  59.9467  59.1043
0202-03-09_14:18:38.703000      51207.16        8.70903000e-02        1.87150134e-08  59.9467  59.1043
0202-03-09_14:18:38.900000      51207.36        8.90493500e-02        1.51822284e-08  59.9350  59.0977
0202-03-09_14:18:39.098000      51207.56        9.08985800e-02        1.10916343e-08  59.9350  59.0977
0202-03-09_14:18:39.290000      51207.75        9.28828700e-02        1.00999753e-08  59.9350  59.0977
0202-03-09_14:18:39.484000      51207.95        9.49309800e-02        9.41820935e-09  59.9350  59.0977
0202-03-09_14:18:39.688000      51208.15        9.67986800e-02        6.81510435e-09  59.9350  59.0977
0202-03-09_14:18:39.895000      51208.36        9.87473500e-02        5.20365835e-09  59.9320  59.0892
0202-03-09_14:18:40.100000      51208.56        1.00991400e-01        5.51355135e-09  59.9320  59.0892
0202-03-09_14:18:40.297000      51208.76        1.02549700e-01        3.09638235e-09  59.9320  59.0892
0202-03-09_14:18:40.535000      51209.00        1.04807100e-01        5.26563635e-09  59.9320  59.0892
0202-03-09_14:18:40.742000      51209.20        1.06656300e-01        2.97242435e-09  59.9320  59.0892
0202-03-09_14:18:40.938000      51209.40        1.09033900e-01        7.37291235e-09  59.9498  59.1056
0202-03-09_14:18:41.140000      51209.60        1.10967700e-01        1.10916343e-08  59.9498  59.1056
0202-03-09_14:18:41.340000      51209.80        1.12724200e-01        2.16899913e-08  59.9498  59.1056
0202-03-09_14:18:41.540000      51210.00        1.14848000e-01        2.47889263e-08  59.9498  59.1056
0202-03-09_14:18:41.773000      51210.24        1.16648200e-01        1.79092903e-08  59.9498  59.1056
0202-03-09_14:18:42.004000      51210.46        1.18938200e-01        7.80676335e-09  59.9088  59.0771
0202-03-09_14:18:42.200000      51210.66        1.20833500e-01        4.83178535e-09  59.9088  59.0771
0202-03-09_14:18:42.400000      51210.86        1.22590700e-01        1.73285135e-09  59.9088  59.0771
0202-03-09_14:18:42.598000      51211.06        1.24699600e-01        7.99269935e-09  59.9088  59.0771
0202-03-09_14:18:42.840000      51211.30        1.26502100e-01        8.48852835e-09  59.9088  59.0771
0202-03-09_14:18:43.047000      51211.51        1.28792100e-01        1.33228674e-08  59.9497  59.1146
0202-03-09_14:18:43.260000      51211.72        1.30513700e-01        1.23312084e-08  59.9497  59.1146
0202-03-09_14:18:43.473000      51211.94        1.32720600e-01        1.19593353e-08  59.9497  59.1146
0202-03-09_14:18:43.690000      51212.15        1.34718200e-01        9.54216635e-09  59.9497  59.1146
0202-03-09_14:18:43.906000      51212.37        1.36531800e-01        5.38959435e-09  59.9047  59.0755
0202-03-09_14:18:44.105000      51212.57        1.38535400e-01       -1.49014665e-09  59.9047  59.0755
0202-03-09_14:18:44.300000      51212.76        1.40574500e-01       -8.08457650e-10  59.9047  59.0755
0202-03-09_14:18:44.492000      51212.95        1.42511300e-01        3.15810435e-09  59.9047  59.0755
0202-03-09_14:18:44.688000      51213.15        1.44535700e-01        1.31366784e-08  59.9047  59.0755
0202-03-09_14:18:44.887000      51213.35        1.46558600e-01        1.49960403e-08  59.9699  59.1289
0202-03-09_14:18:45.090000      51213.55        1.48387000e-01        1.08434654e-08  59.9699  59.1289
0202-03-09_14:18:45.290000      51213.75        1.50647400e-01        7.68255035e-09  59.9699  59.1289
0202-03-09_14:18:45.480000      51213.94        1.52328900e-01        4.76955035e-09  59.9699  59.1289
0202-03-09_14:18:45.690000      51214.16        1.54693100e-01        2.78623135e-09  59.9699  59.1289
0202-03-09_14:18:45.895000      51214.36        1.56417300e-01       -3.16372565e-09  59.9323  59.0975
0202-03-09_14:18:46.105000      51214.57        1.58331900e-01        1.83125350e-10  59.9323  59.0975
0202-03-09_14:18:46.320000      51214.78        1.60751000e-01        2.22842335e-09  59.9323  59.0975
0202-03-09_14:18:46.530000      51214.99        1.62217300e-01        1.59877004e-08  59.9323  59.0975
0202-03-09_14:18:46.734000      51215.20        1.64566700e-01        1.09674234e-08  59.9323  59.0975
0202-03-09_14:18:46.930000      51215.39        1.66573300e-01        1.40043803e-08  59.9550  59.1146
0202-03-09_14:18:47.156000      51215.62        1.67895600e-01        4.33569935e-09  59.9550  59.1146
0202-03-09_14:18:47.370000      51215.83        1.70015000e-01        5.01746535e-09  59.9550  59.1146
0202-03-09_14:18:47.574000      51216.04        1.72713600e-01        3.90184835e-09  59.9550  59.1146
0202-03-09_14:18:47.810000      51216.27        1.74467800e-01        9.78982735e-09  59.9550  59.1146
0202-03-09_14:18:48.010000      51216.47        1.76248800e-01        1.00377423e-08  59.9300  59.0919
0202-03-09_14:18:48.230000      51216.69        1.78176700e-01        5.63725335e-09  59.9300  59.0919
0202-03-09_14:18:48.434000      51216.89        1.80441500e-01        1.17111684e-08  59.9300  59.0919
0202-03-09_14:18:48.637000      51217.10        1.82161600e-01        1.24549123e-08  59.9300  59.0919
0202-03-09_14:18:48.840000      51217.30        1.84319500e-01        1.64835293e-08  59.9300  59.0919
0202-03-09_14:18:49.040000      51217.50        1.86232600e-01        1.28267854e-08  59.9497  59.1155
0202-03-09_14:18:49.258000      51217.72        1.87983400e-01        1.31366784e-08  59.9497  59.1155
0202-03-09_14:18:49.473000      51217.94        1.90248200e-01        1.60496783e-08  59.9497  59.1155
0202-03-09_14:18:49.676000      51218.14        1.92324500e-01        2.39209764e-08  59.9497  59.1155
0202-03-09_14:18:49.887000      51218.35        1.93906600e-01        2.72678454e-08  59.9407  59.0923
0202-03-09_14:18:50.090000      51218.55        1.96258900e-01        3.41475523e-08  59.9407  59.0923
0202-03-09_14:18:50.297000      51218.76        1.98026500e-01        3.03669203e-08  59.9407  59.0923
0202-03-09_14:18:50.496000      51218.96        2.00056800e-01        3.29080644e-08  59.9407  59.0923
0202-03-09_14:18:50.707000      51219.17        2.02220700e-01        4.05314453e-08  59.9407  59.0923
0202-03-09_14:18:50.906000      51219.37        2.03971800e-01        4.93943993e-08  59.9662  59.1171
0202-03-09_14:18:51.113000      51219.57        2.06055500e-01        5.91250563e-08  59.9662  59.1171
0202-03-09_14:18:51.330000      51219.79        2.07956700e-01        6.79260323e-08  59.9662  59.1171
0202-03-09_14:18:51.530000      51219.99        2.09604100e-01        7.80905403e-08  59.9662  59.1171
0202-03-09_14:18:51.750000      51220.21        2.11941600e-01        8.52180913e-08  59.9662  59.1171
0202-03-09_14:18:51.957000      51220.42        2.14072800e-01        1.02696085e-07  59.9268  59.0842
0202-03-09_14:18:52.152000      51220.61        2.16015600e-01        1.27425589e-07  59.9268  59.0842
0202-03-09_14:18:52.383000      51220.84        2.17795000e-01        1.52712900e-07  59.9268  59.0842
0202-03-09_14:18:52.594000      51221.06        2.20129700e-01        1.75706999e-07  59.9268  59.0842
0202-03-09_14:18:52.810000      51221.27        2.21803800e-01        1.95292270e-07  59.9268  59.0842
0202-03-09_14:18:53.008000      51221.47        2.24027000e-01        2.36570087e-07  59.9488  59.1037
0202-03-09_14:18:53.215000      51221.68        2.25922300e-01        2.68799014e-07  59.9488  59.1037
0202-03-09_14:18:53.410000      51221.87        2.27620100e-01        3.15468978e-07  59.9488  59.1037
0202-03-09_14:18:53.613000      51222.08        2.29512400e-01        3.63812368e-07  59.9488  59.1037
0202-03-09_14:18:53.820000      51222.28        2.31993900e-01        4.39364409e-07  59.9488  59.1037
0202-03-09_14:18:54.035000      51222.50        2.33766000e-01        5.00041592e-07  59.9466  59.1108
0202-03-09_14:18:54.230000      51222.69        2.36038300e-01        5.85200579e-07  59.9466  59.1108
0202-03-09_14:18:54.420000      51222.88        2.37984000e-01        6.63232149e-07  59.9466  59.1108
0202-03-09_14:18:54.613000      51223.08        2.39652100e-01        7.49073147e-07  59.9466  59.1108
0202-03-09_14:18:54.840000      51223.30        2.41646800e-01        8.82328165e-07  59.9466  59.1108
0202-03-09_14:18:55.062000      51223.52        2.43773600e-01        1.02549984e-06  59.9382  59.0961
0202-03-09_14:18:55.277000      51223.74        2.45737100e-01        1.14158665e-06  59.9382  59.0961
0202-03-09_14:18:55.477000      51223.94        2.47559600e-01        1.30589319e-06  59.9382  59.0961
0202-03-09_14:18:55.690000      51224.15        2.49339200e-01        1.49833822e-06  59.9382  59.0961
0202-03-09_14:18:55.900000      51224.36        2.51464400e-01        1.66115767e-06  59.9231  59.0877
0202-03-09_14:18:56.117000      51224.58        2.53522900e-01        1.83395580e-06  59.9231  59.0877
0202-03-09_14:18:56.340000      51224.80        2.55493900e-01        2.10102438e-06  59.9231  59.0877
0202-03-09_14:18:56.550000      51225.01        2.57285200e-01        2.37416645e-06  59.9231  59.0877
0202-03-09_14:18:56.797000      51225.26        2.59621200e-01        2.68995018e-06  59.9231  59.0877
0202-03-09_14:18:57.008000      51225.47        2.61492700e-01        3.01137401e-06  59.9304  59.0926
0202-03-09_14:18:57.200000      51225.66        2.63307300e-01        3.27069474e-06  59.9304  59.0926
0202-03-09_14:18:57.406000      51225.87        2.65738300e-01        3.66184510e-06  59.9304  59.0926
0202-03-09_14:18:57.598000      51226.06        2.67250700e-01        3.98382674e-06  59.9304  59.0926
0202-03-09_14:18:57.832000      51226.30        2.69272100e-01        4.46590050e-06  59.9304  59.0926
0202-03-09_14:18:58.047000      51226.51        2.71584300e-01        4.94723052e-06  59.9211  59.0835
0202-03-09_14:18:58.246000      51226.71        2.73561200e-01        5.33007567e-06  59.9211  59.0835
0202-03-09_14:18:58.460000      51226.92        2.75748800e-01        5.73213436e-06  59.9211  59.0835
0202-03-09_14:18:58.676000      51227.14        2.77433700e-01        7.06648328e-06  59.9211  59.0835
0202-03-09_14:18:58.875000      51227.34        2.79452100e-01        7.19471812e-06  59.9566  59.1120
0202-03-09_14:18:59.070000      51227.53        2.81433500e-01        7.47920238e-06  59.9566  59.1120
0202-03-09_14:18:59.266000      51227.73        2.83061600e-01        8.97122622e-06  59.9566  59.1120
0202-03-09_14:18:59.460000      51227.92        2.85741900e-01        9.11489387e-06  59.9566  59.1120
0202-03-09_14:18:59.684000      51228.14        2.87243900e-01        1.03657569e-05  59.9566  59.1120
0202-03-09_14:18:59.895000      51228.36        2.89419600e-01        1.05361375e-05  59.9286  59.0785
0202-03-09_14:19:00.098000      51228.56        2.91452900e-01        1.18743911e-05  59.9286  59.0785
0202-03-09_14:19:00.324000      51228.79        2.93144500e-01        1.20392556e-05  59.9286  59.0785
0202-03-09_14:19:00.530000      51228.99        2.95249000e-01        1.33642457e-05  59.9286  59.0785
0202-03-09_14:19:00.746000      51229.21        2.97338700e-01        1.46857029e-05  59.9286  59.0785
0202-03-09_14:19:00.953000      51229.41        2.99481800e-01        1.48074299e-05  59.9587  59.1156
0202-03-09_14:19:01.150000      51229.61        3.01381500e-01        1.61477908e-05  59.9587  59.1156
0202-03-09_14:19:01.360000      51229.82        3.03310800e-01        1.63936620e-05  59.9587  59.1156
0202-03-09_14:19:01.600000      51230.06        3.05304000e-01        1.78445316e-05  59.9587  59.1156
0202-03-09_14:19:01.832000      51230.29        3.07188600e-01        1.90963292e-05  59.9587  59.1156
0202-03-09_14:19:02.035000      51230.50        3.09223300e-01        2.07051221e-05  59.9529  59.1198