# Ic = 1.06 A, n = 21.10 , Tavg = 20.97 K, f28-6e20pm2-1200keV-78nA-20k
#datetime                        t_s     iHTS_A                vHTS_V                tHTS_K  tTAR_K
0202-03-12_22:24:21.266000      15451.44        5.15996400e-02        1.35368200e-09  20.9884  19.8345
0202-03-12_22:24:21.465000      15451.64        2.19332500e-02        7.79837200e-09  20.9884  19.8345
0202-03-12_22:24:21.668000      15451.85        4.32009200e-02        7.61161200e-09  20.9884  19.8345
0202-03-12_22:24:21.870000      15452.05        6.27766700e-02       -4.45918000e-10  20.9884  19.8345
0202-03-12_22:24:22.074000      15452.25        8.13728900e-02       -4.45918000e-10  20.9884  19.8345
0202-03-12_22:24:22.280000      15452.46        1.03026400e-01        3.58271200e-09  20.9713  19.7048
0202-03-12_22:24:22.477000      15452.65        1.21757400e-01        5.93790200e-09  20.9713  19.7048
0202-03-12_22:24:22.668000      15452.84        1.41454900e-01        8.47903200e-09  20.9713  19.7048
0202-03-12_22:24:22.870000      15453.05        1.62084400e-01        5.19415200e-09  20.9713  19.7048
0202-03-12_22:24:23.082000      15453.26        1.82719800e-01        3.14885200e-09  20.9713  19.7048
0202-03-12_22:24:23.293000      15453.47        2.01500000e-01       -6.70576800e-09  20.9856  19.7336
0202-03-12_22:24:23.484000      15453.66        2.21927700e-01       -2.73912800e-09  20.9856  19.7336
0202-03-12_22:24:23.700000      15453.88        2.40978000e-01        1.16553200e-09  20.9856  19.7336
0202-03-12_22:24:23.895000      15454.07        2.61153400e-01        1.59938200e-09  20.9856  19.7336
0202-03-12_22:24:24.117000      15454.29        2.81914200e-01        4.57437200e-09  20.9676  19.7984
0202-03-12_22:24:24.324000      15454.50        3.00467400e-01       -5.07888000e-10  20.9676  19.7984
0202-03-12_22:24:24.527000      15454.70        3.20975100e-01        3.27281200e-09  20.9676  19.7984
0202-03-12_22:24:24.723000      15454.90        3.39976500e-01       -1.20580000e-11  20.9676  19.7984
0202-03-12_22:24:24.930000      15455.11        3.60076200e-01        1.35147200e-09  20.9676  19.7984
0202-03-12_22:24:25.140000      15455.32        3.80542400e-01        3.27281200e-09  20.9964  19.6510
0202-03-12_22:24:25.344000      15455.52        3.99759000e-01        1.35147200e-09  20.9964  19.6510
0202-03-12_22:24:25.540000      15455.72        4.19127000e-01        7.73529200e-09  20.9964  19.6510
0202-03-12_22:24:25.734000      15455.91        4.39962200e-01        2.90094200e-09  20.9964  19.6510
0202-03-12_22:24:25.950000      15456.13        4.59940100e-01        3.89260200e-09  20.9964  19.6510
0202-03-12_22:24:26.156000      15456.33        4.79542600e-01       -2.49121800e-09  20.9553  19.8008
0202-03-12_22:24:26.360000      15456.53        4.99430000e-01        5.38009200e-09  20.9553  19.8008
0202-03-12_22:24:26.550000      15456.73        5.18150900e-01        4.76030200e-09  20.9553  19.8008
0202-03-12_22:24:26.766000      15456.94        5.39624800e-01        5.93790200e-09  20.9553  19.8008
0202-03-12_22:24:26.957000      15457.13        5.57998400e-01        2.71500200e-09  20.9553  19.8008
0202-03-12_22:24:27.156000      15457.33        5.77502900e-01       -1.06555800e-09  21.0147  19.7211
0202-03-12_22:24:27.363000      15457.54        5.98260900e-01       -1.80873800e-09  21.0147  19.7211
0202-03-12_22:24:27.562000      15457.74        6.18507500e-01       -5.83693800e-09  21.0147  19.7211
0202-03-12_22:24:27.754000      15457.93        6.36649500e-01       -2.24188800e-09  21.0147  19.7211
0202-03-12_22:24:27.953000      15458.13        6.57985400e-01       -6.82831800e-09  21.0147  19.7211
0202-03-12_22:24:28.160000      15458.34        6.77761500e-01       -1.00230800e-09  20.9448  19.6854
0202-03-12_22:24:28.370000      15458.55        6.97033000e-01       -1.29022480e-08  20.9448  19.6854
0202-03-12_22:24:28.566000      15458.74        7.17469600e-01       -1.52574380e-08  20.9448  19.6854
0202-03-12_22:24:28.777000      15458.95        7.36638700e-01       -1.56293080e-08  20.9448  19.6854
0202-03-12_22:24:28.990000      15459.16        7.56811300e-01       -1.33360980e-08  20.9448  19.6854
0202-03-12_22:24:29.195000      15459.37        7.77314700e-01       -9.36944800e-09  21.0135  19.8446
0202-03-12_22:24:29.390000      15459.57        7.96140900e-01       -1.09189180e-08  21.0135  19.8446
0202-03-12_22:24:29.586000      15459.76        8.16938100e-01       -5.58874800e-09  21.0135  19.8446
0202-03-12_22:24:29.777000      15459.95        8.36513800e-01       -6.45644800e-09  21.0135  19.8446
0202-03-12_22:24:29.970000      15460.15        8.54572800e-01       -6.82831800e-09  21.0135  19.8446
0202-03-12_22:24:30.180000      15460.35        8.76220400e-01       -1.38319280e-08  20.9748  19.6299
0202-03-12_22:24:30.375000      15460.55        8.96331900e-01       -1.82324180e-08  20.9748  19.6299
0202-03-12_22:24:30.566000      15460.74        9.14368300e-01       -1.75506580e-08  20.9748  19.6299
0202-03-12_22:24:30.793000      15460.97        9.36746100e-01       -1.08569480e-08  20.9748  19.6299
0202-03-12_22:24:31             15461.18        9.55170100e-01        1.22892200e-09  20.9748  19.6299
0202-03-12_22:24:31.203000      15461.38        9.74714700e-01        9.34815200e-09  20.9964  19.8302
0202-03-12_22:24:31.400000      15461.58        9.95229900e-01        2.72600220e-08  20.9964  19.8302
0202-03-12_22:24:31.630000      15461.80        1.01555200e+00        4.95104220e-08  20.9964  19.8302
0202-03-12_22:24:31.832000      15462.01        1.03527900e+00        8.72555220e-08  20.9964  19.8302
0202-03-12_22:24:32.050000      15462.23        1.05582300e+00        1.48366632e-07  20.9964  19.8302
0202-03-12_22:24:32.246000      15462.42        1.07425600e+00        2.16357382e-07  20.9853  19.7015
0202-03-12_22:24:32.450000      15462.62        1.09514500e+00        3.60396152e-07  20.9853  19.7015
0202-03-12_22:24:32.645000      15462.82        1.11415200e+00        5.12678092e-07  20.9853  19.7015
0202-03-12_22:24:32.840000      15463.02        1.13380200e+00        7.40760122e-07  20.9853  19.7015
0202-03-12_22:24:33.066000      15463.24        1.15419300e+00        1.15552234e-06  20.9853  19.7015
0202-03-12_22:24:33.277000      15463.45        1.17368500e+00        1.66374772e-06  21.0003  19.7105
0202-03-12_22:24:33.470000      15463.65        1.19346600e+00        3.24507346e-06  21.0003  19.7105
0202-03-12_22:24:33.664000      15463.84        1.21394700e+00        4.38982178e-06  21.0003  19.7105
0202-03-12_22:24:33.867000      15464.04        1.23356600e+00        5.78762950e-06  21.0003  19.7105
0202-03-12_22:24:34.094000      15464.27        1.25262800e+00        7.49805830e-06  21.0003  19.7105
0202-03-12_22:24:34.293000      15464.47        1.27373000e+00        9.43055700e-06  20.9663  19.7910
0202-03-12_22:24:34.520000      15464.70        1.29325300e+00        1.19095227e-05  20.9663  19.7910
0202-03-12_22:24:34.734000      15464.91        1.31301300e+00        1.56394684e-05  20.9663  19.7910
0202-03-12_22:24:34.950000      15465.13        1.33338000e+00        2.02408977e-05  20.9663  19.7910