# Ic = 11.81 A, n = 29.32 , Tavg = 20.04 K, f24-step4-ann300K1h-20K
#datetime                        t_s     iHTS_A                vHTS_V                tHTS_K  tTAR_K
0202-11-08_00:13:20.285000      17145.46       -4.49898000e-01        2.46674700e-09  20.0097  19.9803
0202-11-08_00:13:20.680000      17145.86       -4.50148800e-01       -1.74780300e-09  20.0359  19.9035
0202-11-08_00:13:21.090000      17146.27       -4.50425200e-01        2.71466700e-09  20.0359  19.9035
0202-11-08_00:13:21.492000      17146.67       -4.50457900e-01       -6.08630300e-09  20.0359  19.9035
0202-11-08_00:13:21.895000      17147.07       -4.50149200e-01       -1.03008530e-08  19.9930  19.9802
0202-11-08_00:13:22.305000      17147.48       -4.50462100e-01       -1.88539030e-08  19.9930  19.9802
0202-11-08_00:13:22.707000      17147.88       -4.50727700e-01       -1.25940630e-08  20.0383  19.8947
0202-11-08_00:13:23.110000      17148.29       -4.50833100e-01       -1.05487630e-08  20.0383  19.8947
0202-11-08_00:13:23.527000      17148.70       -4.50747100e-01       -1.38336330e-08  20.0383  19.8947
0202-11-08_00:13:23.930000      17149.11       -4.50922200e-01       -5.71328300e-09  20.0261  19.8082
0202-11-08_00:13:24.336000      17149.51       -4.51393200e-01       -2.05539300e-09  20.0261  19.8082
0202-11-08_00:13:24.742000      17149.92       -4.51522300e-01       -4.16266300e-09  19.9971  19.9766
0202-11-08_00:13:25.156000      17150.33       -4.51322000e-01       -4.41058300e-09  19.9971  19.9766
0202-11-08_00:13:25.560000      17150.74       -4.52489900e-01        2.77894700e-09  20.0163  19.9004
0202-11-08_00:13:25.965000      17151.14       -4.53798900e-01       -2.92309300e-09  20.0163  19.9004
0202-11-08_00:13:26.367000      17151.55       -3.41119900e-01        3.46070700e-09  20.0163  19.9004
0202-11-08_00:13:26.793000      17151.97       -1.32528900e-01        1.57944670e-08  20.0008  19.8272
0202-11-08_00:13:27.195000      17152.37        2.50150800e-01        2.25501370e-08  20.0008  19.8272
0202-11-08_00:13:27.600000      17152.78        4.55205500e-01        1.08361670e-08  20.0130  19.9947
0202-11-08_00:13:28.010000      17153.19        8.43750600e-01        1.03403370e-08  20.0130  19.9947
0202-11-08_00:13:28.445000      17153.62        1.05289000e+00       -3.79079300e-09  20.0130  19.9947
0202-11-08_00:13:28.855000      17154.03        1.44542100e+00        3.58466700e-09  20.0009  19.8705
0202-11-08_00:13:29.254000      17154.43        1.64567700e+00       -3.60486300e-09  20.0009  19.8705
0202-11-08_00:13:29.664000      17154.84        2.03897300e+00       -7.94312300e-09  19.9893  19.9590
0202-11-08_00:13:30.060000      17155.24        2.24206900e+00       -9.61570300e-09  19.9893  19.9590
0202-11-08_00:13:30.484000      17155.66        2.62862100e+00       -3.16979300e-09  19.9893  19.9590
0202-11-08_00:13:30.880000      17156.06        2.83203900e+00       -1.13509830e-08  20.0300  19.8955
0202-11-08_00:13:31.280000      17156.46        3.22334500e+00       -1.40160630e-08  20.0300  19.8955
0202-11-08_00:13:31.688000      17156.87        3.40720500e+00       -4.90520300e-09  19.9945  19.8219
0202-11-08_00:13:32.090000      17157.27        3.81676900e+00       -2.05418300e-09  19.9945  19.8219
0202-11-08_00:13:32.492000      17157.67        3.99955800e+00       -1.58754230e-08  19.9945  19.8219
0202-11-08_00:13:32.900000      17158.08        4.40936100e+00       -6.76456300e-09  20.0146  20.0002
0202-11-08_00:13:33.300000      17158.48        4.80004600e+00        3.62987000e-10  20.0146  20.0002
0202-11-08_00:13:33.707000      17158.88        5.00688100e+00       -6.57862300e-09  20.0090  19.8348
0202-11-08_00:13:34.110000      17159.29        5.40094300e+00        6.25096700e-09  20.0090  19.8348
0202-11-08_00:13:34.520000      17159.70        5.57978600e+00       -4.53332300e-09  19.9913  19.9565
0202-11-08_00:13:34.910000      17160.09        5.99150000e+00       -2.55001300e-09  19.9913  19.9565
0202-11-08_00:13:35.305000      17160.48        6.17742100e+00       -6.33071300e-09  19.9913  19.9565
0202-11-08_00:13:35.703000      17160.88        6.58434800e+00       -1.43476300e-09  20.0146  19.7750
0202-11-08_00:13:36.110000      17161.29        6.77125300e+00       -1.04840330e-08  20.0146  19.7750
0202-11-08_00:13:36.520000      17161.70        7.18138800e+00       -7.94290300e-09  20.0065  19.8215
0202-11-08_00:13:36.926000      17162.10        7.36646200e+00       -1.10418330e-08  20.0065  19.8215
0202-11-08_00:13:37.330000      17162.51        7.75656800e+00       -1.31491130e-08  20.0065  19.8215
0202-11-08_00:13:37.734000      17162.91        7.96082000e+00       -1.35209830e-08  20.0357  19.8555
0202-11-08_00:13:38.125000      17163.30        8.34905800e+00       -1.42027530e-08  20.0357  19.8555
0202-11-08_00:13:38.530000      17163.71        8.55502900e+00       -2.41813130e-08  20.0132  19.7956
0202-11-08_00:13:38.938000      17164.11        8.94497400e+00       -1.11657930e-08  20.0132  19.7956
0202-11-08_00:13:39.332000      17164.51        9.14699600e+00       -8.00488300e-09  20.0132  19.7956
0202-11-08_00:13:39.727000      17164.90        9.54099800e+00       -7.13718300e-09  20.0251  19.9750
0202-11-08_00:13:40.130000      17165.31        9.74317600e+00       -2.53589130e-08  20.0251  19.9750
0202-11-08_00:13:40.527000      17165.71        1.01336300e+01       -1.84792830e-08  20.0333  19.8999
0202-11-08_00:13:40.934000      17166.11        1.03374400e+01       -2.94495030e-08  20.0333  19.8999
0202-11-08_00:13:41.324000      17166.50        1.07284000e+01       -1.05460130e-08  20.0333  19.8999
0202-11-08_00:13:41.720000      17166.90        1.09312100e+01        7.79918700e-09  19.9999  19.9587
0202-11-08_00:13:42.117000      17167.30        1.13203800e+01        4.17632870e-08  19.9999  19.9587
0202-11-08_00:13:42.530000      17167.71        1.15285000e+01        8.00660970e-08  19.9999  19.9587
0202-11-08_00:13:42.934000      17168.11        1.19178800e+01        2.34640897e-07  20.0072  20.0018
0202-11-08_00:13:43.332000      17168.51        1.21010300e+01        4.16734217e-07  20.0072  20.0018
0202-11-08_00:13:43.734000      17168.91        1.25109900e+01        9.04940177e-07  20.0038  19.8319
0202-11-08_00:13:44.150000      17169.33        1.29058500e+01        2.93492745e-06  20.0038  19.8319
0202-11-08_00:13:44.566000      17169.74        1.31088800e+01        4.46939527e-06  19.9995  19.9549
0202-11-08_00:13:44.965000      17170.14        1.34933400e+01        1.03353660e-05  19.9995  19.9549
0202-11-08_00:13:45.367000      17170.55        1.36977300e+01        1.54221409e-05  19.9995  19.9549
0202-11-08_00:13:45.805000      17170.98        1.40895900e+01        3.23071113e-05  20.0429  19.9062