# Ic = 5.69 A, n = 26.08 , Tavg = 20.00 K, f28-anneal250k1h-20k
#datetime                        t_s     iHTS_A                vHTS_V                tHTS_K  tTAR_K
0202-03-14_01:07:49.938000      267.78       -4.33153900e-01       -1.46828200e-08  19.9892  19.9603
0202-03-14_01:07:50.340000      268.18       -4.33407700e-01       -5.75785000e-09  20.0173  19.6831
0202-03-14_01:07:50.746000      268.59       -4.33875200e-01       -7.18336000e-09  20.0173  19.6831
0202-03-14_01:07:51.152000      269.00       -4.33717600e-01       -1.28234500e-08  20.0173  19.6831
0202-03-14_01:07:51.574000      269.42       -4.34363200e-01       -1.44968800e-08  19.9875  19.8215
0202-03-14_01:07:51.970000      269.81       -4.34376800e-01       -6.68753000e-09  19.9875  19.8215
0202-03-14_01:07:52.380000      270.22       -4.34440600e-01       -6.31566000e-09  20.0052  19.8734
0202-03-14_01:07:52.780000      270.62       -4.34736000e-01       -1.39390700e-08  20.0052  19.8734
0202-03-14_01:07:53.234000      271.08       -4.34353400e-01       -8.17503000e-09  20.0052  19.8734
0202-03-14_01:07:53.645000      271.49       -4.34215400e-01       -9.10471000e-09  19.9974  19.6635
0202-03-14_01:07:54.035000      271.88       -4.34427500e-01       -1.02189800e-08  19.9974  19.6635
0202-03-14_01:07:54.445000      272.29       -4.34078700e-01       -4.39160000e-09  19.9861  19.9691
0202-03-14_01:07:54.836000      272.68       -4.34184100e-01       -4.76347000e-09  19.9861  19.9691
0202-03-14_01:07:55.246000      273.09       -4.33960400e-01       -6.10880000e-10  20.0160  19.6776
0202-03-14_01:07:55.656000      273.50       -4.34794500e-01       -4.70149000e-09  20.0160  19.6776
0202-03-14_01:07:56.055000      273.90       -4.34653500e-01       -8.48221000e-09  20.0160  19.6776
0202-03-14_01:07:56.460000      274.31       -4.34550200e-01       -1.74691700e-08  19.9959  19.8383
0202-03-14_01:07:56.863000      274.71       -4.34685300e-01       -1.35644900e-08  19.9959  19.8383
0202-03-14_01:07:57.285000      275.13       -4.34927400e-01       -6.31295000e-09  20.0123  19.8450
0202-03-14_01:07:57.684000      275.53       -4.34424300e-01       -1.07134600e-08  20.0123  19.8450
0202-03-14_01:07:58.080000      275.92       -4.34409500e-01       -1.65394900e-08  20.0123  19.8450
0202-03-14_01:07:58.484000      276.33       -4.34624000e-01       -1.66634400e-08  20.0102  19.6475
0202-03-14_01:07:58.887000      276.73       -4.34621100e-01       -1.57957400e-08  20.0102  19.6475
0202-03-14_01:07:59.293000      277.13       -4.34671500e-01       -1.48040700e-08  20.0024  19.9659
0202-03-14_01:07:59.695000      277.54       -4.34815300e-01       -2.14361600e-08  20.0024  19.9659
0202-03-14_01:08:00.090000      277.93       -4.34668400e-01       -1.28234100e-08  20.0024  19.9659
0202-03-14_01:08:00.484000      278.33       -4.34816700e-01       -1.31959500e-08  20.0228  19.6898
0202-03-14_01:08:00.887000      278.73       -4.35088300e-01       -1.00350300e-08  20.0228  19.6898
0202-03-14_01:08:01.300000      279.14       -4.34807800e-01       -8.05170000e-09  19.9869  19.8208
0202-03-14_01:08:01.715000      279.56       -4.34735900e-01       -1.18944000e-08  19.9869  19.8208
0202-03-14_01:08:02.113000      279.96       -4.34721000e-01       -1.64808400e-08  19.9869  19.8208
0202-03-14_01:08:02.510000      280.35       -4.35184100e-01       -1.27001200e-08  20.0113  19.8730
0202-03-14_01:08:02.920000      280.76       -4.34960800e-01       -1.11005000e-09  20.0113  19.8730
0202-03-14_01:08:03.332000      281.18       -4.34715900e-01       -1.40636600e-08  20.0049  19.6634
0202-03-14_01:08:03.730000      281.57       -4.35099700e-01       -2.19969700e-08  20.0049  19.6634
0202-03-14_01:08:04.133000      281.98       -4.35476600e-01       -2.67693500e-08  20.0049  19.6634
0202-03-14_01:08:04.540000      282.38       -4.35834300e-01       -1.96417700e-08  19.9971  19.9741
0202-03-14_01:08:04.934000      282.78       -4.35774800e-01       -1.57370900e-08  19.9971  19.9741
0202-03-14_01:08:05.336000      283.18       -4.35749600e-01       -1.66048000e-08  20.0176  19.6740
0202-03-14_01:08:05.734000      283.58       -4.36301700e-01       -1.91476300e-08  20.0176  19.6740
0202-03-14_01:08:06.140000      283.98       -4.37552800e-01       -2.23730800e-08  20.0176  19.6740
0202-03-14_01:08:06.550000      284.39       -4.38915200e-01       -1.93981000e-08  19.9893  19.8213
0202-03-14_01:08:06.957000      284.80       -3.67988200e-01       -2.51001600e-08  19.9893  19.8213
0202-03-14_01:08:07.363000      285.20       -1.73589200e-01       -2.64017100e-08  20.0026  19.8622
0202-03-14_01:08:07.766000      285.61        2.10771100e-01       -1.46877000e-08  20.0026  19.8622
0202-03-14_01:08:08.170000      286.02        4.18896700e-01       -2.03277800e-08  20.0026  19.8622
0202-03-14_01:08:08.594000      286.44        8.06091700e-01       -2.06376700e-08  19.9990  19.6531
0202-03-14_01:08:08.990000      286.83        1.19335100e+00       -1.55554000e-08  19.9990  19.6531
0202-03-14_01:08:09.395000      287.24        1.39916900e+00       -1.62991500e-08  19.9995  19.9371
0202-03-14_01:08:09.797000      287.64        1.78364500e+00       -8.73772000e-09  19.9995  19.9371
0202-03-14_01:08:10.254000      288.10        1.99231300e+00       -1.83444500e-08  19.9995  19.9371
0202-03-14_01:08:10.650000      288.49        2.38029300e+00       -1.19606200e-08  20.0231  19.6870
0202-03-14_01:08:11.043000      288.89        2.58725700e+00       -1.50595700e-08  20.0231  19.6870
0202-03-14_01:08:11.460000      289.30        2.97553000e+00       -1.71049400e-08  19.9934  19.8414
0202-03-14_01:08:11.860000      289.70        3.17890700e+00       -2.09480800e-08  19.9934  19.8414
0202-03-14_01:08:12.297000      290.14        3.56586300e+00       -1.14034600e-08  20.0115  19.8743
0202-03-14_01:08:12.695000      290.54        3.77643900e+00       -9.11024000e-09  20.0115  19.8743
0202-03-14_01:08:13.090000      290.93        4.16427200e+00       -8.05660000e-09  20.0115  19.8743
0202-03-14_01:08:13.496000      291.34        4.37015500e+00       -1.33248100e-08  20.0088  19.6532
0202-03-14_01:08:13.900000      291.74        4.75885300e+00       -9.35815000e-09  20.0088  19.6532
0202-03-14_01:08:14.316000      292.16        5.14959800e+00       -1.27670000e-08  19.9869  19.9573
0202-03-14_01:08:14.723000      292.57        5.35358900e+00        1.74167400e-08  19.9869  19.9573
0202-03-14_01:08:15.125000      292.97        5.74630800e+00        1.90399900e-07  19.9869  19.9573
0202-03-14_01:08:15.527000      293.37        5.94505600e+00        5.81610830e-07  20.0185  19.7041
0202-03-14_01:08:15.930000      293.77        6.33279800e+00        3.55709468e-06  20.0185  19.7041
0202-03-14_01:08:16.336000      294.18        6.53480300e+00        7.88811935e-06  19.9979  19.8283
0202-03-14_01:08:16.746000      294.59        6.92580000e+00        3.16415994e-05  19.9979  19.8283