# Ic = 3.33 A, n = 21.14 , Tavg = 39.99 K, f29-140Kanneal-40K
#datetime                        t_s     iHTS_A                vHTS_V                tHTS_K  tTAR_K
0202-02-11_17:40:28.742000      27015.58        1.84542000e-02        9.28138400e-09  39.9912  39.3747
0202-02-11_17:40:28.938000      27015.78        1.38029200e-02        2.89752400e-09  39.9912  39.3747
0202-02-11_17:40:29.130000      27015.97        2.31546000e-02        7.05013400e-09  39.9912  39.3747
0202-02-11_17:40:29.324000      27016.16        3.20594100e-02        1.90586400e-09  39.9912  39.3747
0202-02-11_17:40:29.550000      27016.39        4.25359100e-02        7.90234000e-10  39.9912  39.3747
0202-02-11_17:40:29.777000      27016.61        5.29678900e-02        1.16211400e-09  39.9898  39.3749
0202-02-11_17:40:29.970000      27016.81        6.25375900e-02        3.20742400e-09  39.9898  39.3749
0202-02-11_17:40:30.160000      27017.00        7.25673700e-02        7.42200400e-09  39.9898  39.3749
0202-02-11_17:40:30.367000      27017.21        8.20094400e-02        7.66992400e-09  39.9898  39.3749
0202-02-11_17:40:30.594000      27017.43        9.23002500e-02        7.29805400e-09  39.9898  39.3749
0202-02-11_17:40:30.793000      27017.63        1.02181600e-01        2.33971400e-09  39.9769  39.3775
0202-02-11_17:40:30.996000      27017.83        1.11163600e-01       -2.74257600e-09  39.9769  39.3775
0202-02-11_17:40:31.195000      27018.03        1.22037800e-01       -9.99414600e-09  39.9769  39.3775
0202-02-11_17:40:31.390000      27018.23        1.31947400e-01       -1.38368560e-08  39.9769  39.3775
0202-02-11_17:40:31.610000      27018.45        1.41459200e-01       -7.01914600e-09  39.9769  39.3775
0202-02-11_17:40:31.820000      27018.66        1.51781400e-01       -9.43711600e-09  39.9804  39.3799
0202-02-11_17:40:32.023000      27018.86        1.61492100e-01       -6.95899600e-09  39.9804  39.3799
0202-02-11_17:40:32.215000      27019.05        1.71132800e-01       -1.24139560e-08  39.9804  39.3799
0202-02-11_17:40:32.420000      27019.26        1.81362900e-01       -9.06707600e-09  39.9804  39.3799
0202-02-11_17:40:32.625000      27019.46        1.91152300e-01       -4.17072600e-09  39.9887  39.3762
0202-02-11_17:40:32.816000      27019.66        2.00407300e-01       -3.48895600e-09  39.9887  39.3762
0202-02-11_17:40:33.023000      27019.86        2.11164300e-01       -7.20770600e-09  39.9887  39.3762
0202-02-11_17:40:33.215000      27020.05        2.20866100e-01       -7.76551600e-09  39.9887  39.3762
0202-02-11_17:40:33.406000      27020.25        2.30547100e-01       -7.51759600e-09  39.9887  39.3762
0202-02-11_17:40:33.620000      27020.46        2.40575400e-01       -5.34832600e-09  39.9844  39.3773
0202-02-11_17:40:33.820000      27020.66        2.50983300e-01       -5.96811600e-09  39.9844  39.3773
0202-02-11_17:40:34.027000      27020.86        2.60809800e-01       -4.66655600e-09  39.9844  39.3773
0202-02-11_17:40:34.220000      27021.06        2.70321600e-01        1.09750400e-09  39.9844  39.3773
0202-02-11_17:40:34.420000      27021.26        2.80538400e-01        1.59333400e-09  39.9844  39.3773
0202-02-11_17:40:34.620000      27021.46        2.90541400e-01        4.13448400e-09  39.9838  39.3777
0202-02-11_17:40:34.824000      27021.66        2.99995400e-01       -4.51976000e-10  39.9838  39.3777
0202-02-11_17:40:35.027000      27021.86        3.10074100e-01       -6.33999600e-09  39.9838  39.3777
0202-02-11_17:40:35.220000      27022.06        3.20276000e-01       -3.24103600e-09  39.9838  39.3777
0202-02-11_17:40:35.426000      27022.26        3.29410500e-01       -3.92280600e-09  39.9838  39.3777
0202-02-11_17:40:35.625000      27022.46        3.40180900e-01       -6.27801600e-09  39.9755  39.3732
0202-02-11_17:40:35.824000      27022.66        3.50124600e-01       -4.79051600e-09  39.9755  39.3732
0202-02-11_17:40:36.020000      27022.86        3.59804100e-01       -5.96811600e-09  39.9755  39.3732
0202-02-11_17:40:36.215000      27023.05        3.69553300e-01        5.49802400e-09  39.9755  39.3732
0202-02-11_17:40:36.406000      27023.24        3.79960100e-01        1.59333400e-09  39.9755  39.3732
0202-02-11_17:40:36.625000      27023.46        3.89796900e-01        5.25010400e-09  39.9752  39.3795
0202-02-11_17:40:36.820000      27023.66        3.99463100e-01       -2.68322600e-09  39.9752  39.3795
0202-02-11_17:40:37.023000      27023.86        4.09749200e-01       -5.03843600e-09  39.9752  39.3795
0202-02-11_17:40:37.220000      27024.06        4.18627300e-01       -1.03686360e-08  39.9752  39.3795
0202-02-11_17:40:37.410000      27024.25        4.29590600e-01       -8.57124600e-09  39.9752  39.3795
0202-02-11_17:40:37.625000      27024.46        4.39602600e-01       -6.64988600e-09  39.9819  39.3766
0202-02-11_17:40:37.824000      27024.66        4.48862100e-01       -2.93272600e-09  39.9819  39.3766
0202-02-11_17:40:38.027000      27024.87        4.59439500e-01       -4.54537600e-09  39.9819  39.3766
0202-02-11_17:40:38.230000      27025.07        4.69249600e-01       -1.07573600e-09  39.9819  39.3766
0202-02-11_17:40:38.434000      27025.27        4.78298400e-01       -4.23667600e-09  39.9819  39.3766
0202-02-11_17:40:38.637000      27025.48        4.88840400e-01       -9.38093600e-09  39.9919  39.3786
0202-02-11_17:40:38.832000      27025.67        4.98757400e-01       -1.03106260e-08  39.9919  39.3786
0202-02-11_17:40:39.040000      27025.88        5.07878800e-01       -7.45958600e-09  39.9919  39.3786
0202-02-11_17:40:39.230000      27026.07        5.18852500e-01       -1.38563600e-09  39.9919  39.3786
0202-02-11_17:40:39.420000      27026.26        5.28845200e-01       -5.66219600e-09  39.9919  39.3786
0202-02-11_17:40:39.633000      27026.47        5.37830100e-01       -9.07104600e-09  39.9778  39.3780
0202-02-11_17:40:39.830000      27026.66        5.48511400e-01       -9.19499600e-09  39.9778  39.3780
0202-02-11_17:40:40.020000      27026.86        5.58477400e-01       -7.39760600e-09  39.9778  39.3780
0202-02-11_17:40:40.223000      27027.06        5.67902500e-01       -3.18302600e-09  39.9778  39.3780
0202-02-11_17:40:40.418000      27027.25        5.77675500e-01       -4.79448600e-09  39.9778  39.3780
0202-02-11_17:40:40.620000      27027.46        5.88043700e-01       -2.87313600e-09  39.9873  39.3771
0202-02-11_17:40:40.816000      27027.65        5.97139900e-01       -7.65846000e-10  39.9873  39.3771
0202-02-11_17:40:41.008000      27027.84        6.07652000e-01       -5.79906000e-10  39.9873  39.3771
0202-02-11_17:40:41.210000      27028.05        6.17616500e-01       -7.27364600e-09  39.9873  39.3771
0202-02-11_17:40:41.406000      27028.24        6.27376100e-01       -1.04345860e-08  39.9873  39.3771
0202-02-11_17:40:41.610000      27028.45        6.37346500e-01       -1.03106260e-08  39.9890  39.3776
0202-02-11_17:40:41.824000      27028.66        6.47231700e-01       -6.28198600e-09  39.9890  39.3776
0202-02-11_17:40:42.027000      27028.87        6.56801300e-01       -5.22833600e-09  39.9890  39.3776
0202-02-11_17:40:42.230000      27029.07        6.66782100e-01       -3.67885600e-09  39.9890  39.3776
0202-02-11_17:40:42.420000      27029.26        6.77335800e-01       -1.88146600e-09  39.9890  39.3776
0202-02-11_17:40:42.633000      27029.47        6.86757000e-01        1.52738400e-09  39.9914  39.3778
0202-02-11_17:40:42.836000      27029.67        6.97108900e-01       -1.01375600e-09  39.9914  39.3778
0202-02-11_17:40:43.027000      27029.87        7.07058500e-01       -8.40760000e-11  39.9914  39.3778
0202-02-11_17:40:43.230000      27030.07        7.16588100e-01        1.63844000e-10  39.9914  39.3778
0202-02-11_17:40:43.434000      27030.27        7.26644500e-01        5.37009400e-09  39.9914  39.3778
0202-02-11_17:40:43.630000      27030.47        7.37002200e-01        2.95254400e-09  39.9897  39.3763
0202-02-11_17:40:43.836000      27030.67        7.46405700e-01        6.42193400e-09  39.9897  39.3763
0202-02-11_17:40:44.030000      27030.87        7.56091100e-01        5.98699400e-09  39.9897  39.3763
0202-02-11_17:40:44.223000      27031.06        7.66591300e-01        5.18055400e-09  39.9897  39.3763
0202-02-11_17:40:44.426000      27031.26        7.76386600e-01       -2.50485600e-09  39.9897  39.3763
0202-02-11_17:40:44.637000      27031.48        7.86112100e-01       -2.56683600e-09  39.9954  39.3790
0202-02-11_17:40:44.836000      27031.67        7.96477300e-01        4.12690400e-09  39.9954  39.3790
0202-02-11_17:40:45.030000      27031.87        8.05998200e-01        9.51908400e-09  39.9954  39.3790
0202-02-11_17:40:45.223000      27032.06        8.15271000e-01        7.10190400e-09  39.9954  39.3790
0202-02-11_17:40:45.418000      27032.25        8.26020600e-01       -2.69079600e-09  39.9954  39.3790
0202-02-11_17:40:45.625000      27032.46        8.36112700e-01       -6.84338600e-09  39.9834  39.3763
0202-02-11_17:40:45.820000      27032.66        8.45443400e-01       -3.97566000e-10  39.9834  39.3763
0202-02-11_17:40:46.016000      27032.85        8.55994100e-01        4.56076400e-09  39.9834  39.3763
0202-02-11_17:40:46.220000      27033.06        8.65831000e-01        7.84565400e-09  39.9834  39.3763
0202-02-11_17:40:46.410000      27033.25        8.73734000e-01        6.60606400e-09  39.9834  39.3763
0202-02-11_17:40:46.625000      27033.46        8.85604700e-01        8.15554400e-09  39.9907  39.3797
0202-02-11_17:40:46.832000      27033.67        8.95438600e-01        1.21389400e-09  39.9907  39.3797
0202-02-11_17:40:47.035000      27033.87        9.05305100e-01       -3.62047600e-09  39.9907  39.3797
0202-02-11_17:40:47.227000      27034.07        9.15550100e-01       -7.21526600e-09  39.9907  39.3797
0202-02-11_17:40:47.438000      27034.27        9.25012900e-01       -4.61214600e-09  39.9907  39.3797
0202-02-11_17:40:47.637000      27034.47        9.35158400e-01       -7.40120600e-09  39.9792  39.3758
0202-02-11_17:40:47.832000      27034.67        9.44846900e-01       -6.53349600e-09  39.9792  39.3758
0202-02-11_17:40:48.035000      27034.87        9.54501100e-01       -8.70276600e-09  39.9792  39.3758
0202-02-11_17:40:48.227000      27035.07        9.64884900e-01       -4.79807600e-09  39.9792  39.3758
0202-02-11_17:40:48.420000      27035.26        9.74932500e-01       -5.85172600e-09  39.9792  39.3758
0202-02-11_17:40:48.630000      27035.47        9.84898500e-01        3.38315400e-09  39.9800  39.3770
0202-02-11_17:40:48.824000      27035.66        9.94478500e-01        3.19722400e-09  39.9800  39.3770
0202-02-11_17:40:49.016000      27035.85        1.00478000e+00        5.55242400e-09  39.9800  39.3770
0202-02-11_17:40:49.220000      27036.06        1.01440700e+00       -1.76110600e-09  39.9800  39.3770
0202-02-11_17:40:49.414000      27036.25        1.02400100e+00       -2.56960000e-11  39.9800  39.3770
0202-02-11_17:40:49.620000      27036.46        1.03432500e+00        1.52374400e-09  39.9725  39.3780
0202-02-11_17:40:49.816000      27036.66        1.04407800e+00        5.55221400e-09  39.9725  39.3780
0202-02-11_17:40:50.010000      27036.85        1.05377600e+00        1.83334400e-09  39.9725  39.3780
0202-02-11_17:40:50.203000      27037.04        1.06407100e+00        4.74627400e-09  39.9725  39.3780
0202-02-11_17:40:50.406000      27037.24        1.07431900e+00        4.62231400e-09  39.9725  39.3780
0202-02-11_17:40:50.620000      27037.46        1.08397000e+00        1.20598040e-08  39.9850  39.3754
0202-02-11_17:40:50.832000      27037.67        1.09442500e+00        4.12648400e-09  39.9850  39.3754
0202-02-11_17:40:51.023000      27037.86        1.10394100e+00        2.83774000e-10  39.9850  39.3754
0202-02-11_17:40:51.220000      27038.06        1.11304000e+00        2.94887400e-09  39.9850  39.3754
0202-02-11_17:40:51.418000      27038.26        1.12398100e+00        9.27074400e-09  39.9850  39.3754
0202-02-11_17:40:51.617000      27038.46        1.13398300e+00        2.88690400e-09  39.9788  39.3792
0202-02-11_17:40:51.812000      27038.65        1.14311000e+00        3.45754000e-10  39.9788  39.3792
0202-02-11_17:40:52.010000      27038.85        1.15351700e+00       -5.17037600e-09  39.9788  39.3792
0202-02-11_17:40:52.207000      27039.04        1.16373800e+00        1.21346400e-09  39.9788  39.3792
0202-02-11_17:40:52.410000      27039.25        1.17258000e+00        4.00252400e-09  39.9788  39.3792
0202-02-11_17:40:52.620000      27039.46        1.18341900e+00        5.55200400e-09  39.9846  39.3767
0202-02-11_17:40:52.830000      27039.67        1.19312200e+00       -2.74036000e-10  39.9846  39.3767
0202-02-11_17:40:53.020000      27039.86        1.20288000e+00        2.32908400e-09  39.9846  39.3767
0202-02-11_17:40:53.215000      27040.05        1.21315600e+00        2.51502400e-09  39.9846  39.3767
0202-02-11_17:40:53.418000      27040.25        1.22292700e+00        3.38273400e-09  39.9846  39.3767
0202-02-11_17:40:53.620000      27040.46        1.23232000e+00        3.07283400e-09  39.9823  39.3793
0202-02-11_17:40:53.816000      27040.66        1.24307700e+00        4.00252400e-09  39.9823  39.3793
0202-02-11_17:40:54.023000      27040.86        1.25286700e+00       -7.07886000e-10  39.9823  39.3793
0202-02-11_17:40:54.215000      27041.05        1.26252300e+00       -1.94746600e-09  39.9823  39.3793
0202-02-11_17:40:54.410000      27041.25        1.27289800e+00       -8.70318600e-09  39.9823  39.3793
0202-02-11_17:40:54.630000      27041.47        1.28268900e+00       -8.80960000e-11  39.9880  39.3781
0202-02-11_17:40:54.836000      27041.68        1.29280500e+00        5.93674000e-10  39.9880  39.3781
0202-02-11_17:40:55.040000      27041.88        1.30289700e+00        2.76294400e-09  39.9880  39.3781
0202-02-11_17:40:55.234000      27042.07        1.31189800e+00       -2.93913600e-09  39.9880  39.3781
0202-02-11_17:40:55.440000      27042.28        1.32248500e+00        2.32908400e-09  39.9880  39.3781
0202-02-11_17:40:55.645000      27042.48        1.33240000e+00        5.61388400e-09  39.9873  39.3744
0202-02-11_17:40:55.836000      27042.67        1.34197900e+00        1.19975940e-08  39.9873  39.3744
0202-02-11_17:40:56.043000      27042.88        1.35223900e+00        8.40262400e-09  39.9873  39.3744
0202-02-11_17:40:56.234000      27043.07        1.36237300e+00        6.85310400e-09  39.9873  39.3744
0202-02-11_17:40:56.430000      27043.27        1.37116500e+00        5.24165400e-09  39.9873  39.3744
0202-02-11_17:40:56.640000      27043.48        1.38224400e+00        5.93224000e-10  39.9832  39.3778
0202-02-11_17:40:56.832000      27043.67        1.39197000e+00        2.51457400e-09  39.9832  39.3778
0202-02-11_17:40:57.027000      27043.86        1.40089800e+00        4.74581400e-09  39.9832  39.3778
0202-02-11_17:40:57.230000      27044.07        1.41170300e+00        1.20593440e-08  39.9832  39.3778
0202-02-11_17:40:57.426000      27044.26        1.42227100e+00        1.46004940e-08  39.9832  39.3778
0202-02-11_17:40:57.625000      27044.46        1.43113000e+00        1.27411140e-08  39.9827  39.3723
0202-02-11_17:40:57.820000      27044.66        1.44141800e+00        1.94348540e-08  39.9827  39.3723
0202-02-11_17:40:58.010000      27044.85        1.45211400e+00        1.57161140e-08  39.9827  39.3723
0202-02-11_17:40:58.203000      27045.04        1.46060900e+00        2.01786040e-08  39.9827  39.3723
0202-02-11_17:40:58.402000      27045.24        1.47152600e+00        1.21833040e-08  39.9827  39.3723
0202-02-11_17:40:58.610000      27045.45        1.48169100e+00        1.37327840e-08  39.9741  39.3763
0202-02-11_17:40:58.810000      27045.65        1.49094300e+00        1.84431940e-08  39.9741  39.3763
0202-02-11_17:40:59.004000      27045.84        1.50134400e+00        1.48484040e-08  39.9741  39.3763
0202-02-11_17:40:59.195000      27046.03        1.51111100e+00        1.43525740e-08  39.9741  39.3763
0202-02-11_17:40:59.400000      27046.24        1.52031400e+00        9.27029400e-09  39.9741  39.3763
0202-02-11_17:40:59.610000      27046.45        1.53144800e+00        7.28696400e-09  39.9741  39.3763
0202-02-11_17:40:59.824000      27046.66        1.54073900e+00        5.11769400e-09  39.9819  39.3770
0202-02-11_17:41:00.016000      27046.85        1.55093900e+00        9.14633400e-09  39.9819  39.3770
0202-02-11_17:41:00.207000      27047.05        1.56096600e+00        2.11082940e-08  39.9819  39.3770
0202-02-11_17:41:00.402000      27047.24        1.57039200e+00        2.17900640e-08  39.9819  39.3770
0202-02-11_17:41:00.617000      27047.46        1.58027500e+00        1.72036140e-08  39.9893  39.3757
0202-02-11_17:41:00.824000      27047.66        1.59069600e+00        1.48484040e-08  39.9893  39.3757
0202-02-11_17:41:01.027000      27047.87        1.60033700e+00        9.39424400e-09  39.9893  39.3757
0202-02-11_17:41:01.220000      27048.06        1.61047600e+00        1.21833040e-08  39.9893  39.3757
0202-02-11_17:41:01.420000      27048.26        1.62057700e+00        1.00140340e-08  39.9893  39.3757
0202-02-11_17:41:01.630000      27048.47        1.63010400e+00        1.44155440e-08  39.9730  39.3776
0202-02-11_17:41:01.824000      27048.66        1.64009100e+00        1.03264240e-08  39.9730  39.3776
0202-02-11_17:41:02.030000      27048.87        1.65014300e+00        4.37842400e-09  39.9730  39.3776
0202-02-11_17:41:02.223000      27049.06        1.65987600e+00        8.34558400e-09  39.9730  39.3776
0202-02-11_17:41:02.414000      27049.25        1.66963700e+00        7.66381400e-09  39.9730  39.3776
0202-02-11_17:41:02.633000      27049.47        1.68010700e+00        6.98204400e-09  39.9914  39.3781
0202-02-11_17:41:02.832000      27049.67        1.68975500e+00        4.44089400e-09  39.9914  39.3781
0202-02-11_17:41:03.035000      27049.87        1.69943600e+00        9.02735400e-09  39.9914  39.3781
0202-02-11_17:41:03.227000      27050.07        1.70978100e+00        1.91299540e-08  39.9914  39.3781
0202-02-11_17:41:03.418000      27050.26        1.71967100e+00        2.13611940e-08  39.9914  39.3781
0202-02-11_17:41:03.630000      27050.47        1.72963000e+00        2.07414040e-08  39.9702  39.3781
0202-02-11_17:41:03.820000      27050.66        1.73970800e+00        1.74565140e-08  39.9702  39.3781
0202-02-11_17:41:04.016000      27050.85        1.74967000e+00        1.64028640e-08  39.9702  39.3781
0202-02-11_17:41:04.207000      27051.04        1.75899200e+00        1.73945340e-08  39.9702  39.3781
0202-02-11_17:41:04.400000      27051.24        1.76877000e+00        7.72579400e-09  39.9702  39.3781
0202-02-11_17:41:04.613000      27051.45        1.77930000e+00        1.63408840e-08  39.9790  39.3762
0202-02-11_17:41:04.816000      27051.65        1.78944400e+00        1.34278740e-08  39.9790  39.3762
0202-02-11_17:41:05.023000      27051.86        1.79899400e+00        1.36138040e-08  39.9790  39.3762
0202-02-11_17:41:05.215000      27052.05        1.80942000e+00        1.36138040e-08  39.9790  39.3762
0202-02-11_17:41:05.406000      27052.25        1.81872300e+00        1.73945340e-08  39.9790  39.3762
0202-02-11_17:41:05.617000      27052.46        1.82828200e+00        1.51632840e-08  39.9789  39.3719
0202-02-11_17:41:05.820000      27052.66        1.83934700e+00        1.78283840e-08  39.9789  39.3719
0202-02-11_17:41:06.010000      27052.85        1.84875100e+00        1.46054740e-08  39.9789  39.3719
0202-02-11_17:41:06.215000      27053.05        1.85832900e+00        1.92539040e-08  39.9789  39.3719
0202-02-11_17:41:06.414000      27053.25        1.86861700e+00        1.42955740e-08  39.9789  39.3719
0202-02-11_17:41:06.617000      27053.46        1.87878400e+00        1.36757840e-08  39.9854  39.3775
0202-02-11_17:41:06.824000      27053.66        1.88803600e+00        6.98204400e-09  39.9854  39.3775
0202-02-11_17:41:07.016000      27053.85        1.89872400e+00        1.22502640e-08  39.9854  39.3775
0202-02-11_17:41:07.207000      27054.05        1.90849000e+00        1.47294340e-08  39.9854  39.3775
0202-02-11_17:41:07.418000      27054.25        1.91756900e+00        1.60929740e-08  39.9854  39.3775
0202-02-11_17:41:07.617000      27054.46        1.92841500e+00        1.44201940e-08  39.9818  39.3744
0202-02-11_17:41:07.816000      27054.65        1.93838600e+00        1.03305640e-08  39.9818  39.3744
0202-02-11_17:41:08.010000      27054.85        1.94749100e+00        1.70256340e-08  39.9818  39.3744
0202-02-11_17:41:08.207000      27055.04        1.95822600e+00        1.91332540e-08  39.9818  39.3744
0202-02-11_17:41:08.400000      27055.24        1.96796500e+00        2.49592940e-08  39.9818  39.3744
0202-02-11_17:41:08.610000      27055.45        1.97763700e+00        2.34098140e-08  39.9818  39.3744
0202-02-11_17:41:08.810000      27055.65        1.98796900e+00        2.43395040e-08  39.9714  39.3779
0202-02-11_17:41:09             27055.84        1.99786100e+00        1.91952340e-08  39.9714  39.3779
0202-02-11_17:41:09.200000      27056.04        2.00749000e+00        1.78316940e-08  39.9714  39.3779
0202-02-11_17:41:09.390000      27056.23        2.01733700e+00        2.00629440e-08  39.9714  39.3779
0202-02-11_17:41:09.590000      27056.43        2.02780900e+00        2.25421140e-08  39.9854  39.3778
0202-02-11_17:41:09.797000      27056.63        2.03752600e+00        2.31619040e-08  39.9854  39.3778
0202-02-11_17:41:09.990000      27056.83        2.04715000e+00        1.78936740e-08  39.9854  39.3778
0202-02-11_17:41:10.180000      27057.02        2.05752100e+00        1.88233640e-08  39.9854  39.3778
0202-02-11_17:41:10.375000      27057.21        2.06720400e+00        2.08686740e-08  39.9854  39.3778
0202-02-11_17:41:10.605000      27057.44        2.07701000e+00        2.08066940e-08  39.9854  39.3778
0202-02-11_17:41:10.810000      27057.65        2.08747400e+00        1.74598140e-08  39.9815  39.3772
0202-02-11_17:41:11.016000      27057.85        2.09704000e+00        1.97530440e-08  39.9815  39.3772
0202-02-11_17:41:11.207000      27058.05        2.10673600e+00        1.83895040e-08  39.9815  39.3772
0202-02-11_17:41:11.402000      27058.24        2.11680500e+00        1.89473140e-08  39.9815  39.3772
0202-02-11_17:41:11.620000      27058.46        2.12694700e+00        1.59103440e-08  39.9895  39.3793
0202-02-11_17:41:11.816000      27058.66        2.13698300e+00        1.73358640e-08  39.9895  39.3793
0202-02-11_17:41:12.020000      27058.86        2.14698200e+00        1.99389840e-08  39.9895  39.3793
0202-02-11_17:41:12.215000      27059.05        2.15658300e+00        2.26660640e-08  39.9895  39.3793
0202-02-11_17:41:12.406000      27059.24        2.16633300e+00        2.22941940e-08  39.9895  39.3793
0202-02-11_17:41:12.613000      27059.45        2.17689900e+00        2.34098140e-08  39.9905  39.3780
0202-02-11_17:41:12.810000      27059.65        2.18690100e+00        1.88853340e-08  39.9905  39.3780
0202-02-11_17:41:13.004000      27059.84        2.19575500e+00        2.21702340e-08  39.9905  39.3780
0202-02-11_17:41:13.195000      27060.03        2.20644700e+00        2.21702340e-08  39.9905  39.3780
0202-02-11_17:41:13.400000      27060.24        2.21633700e+00        2.19223140e-08  39.9905  39.3780
0202-02-11_17:41:13.613000      27060.45        2.22571400e+00        1.80796140e-08  39.9905  39.3780
0202-02-11_17:41:13.830000      27060.67        2.23641300e+00        1.50426540e-08  39.9845  39.3777
0202-02-11_17:41:14.030000      27060.87        2.24603700e+00        1.26254740e-08  39.9845  39.3777
0202-02-11_17:41:14.234000      27061.07        2.25554800e+00        1.12619340e-08  39.9845  39.3777
0202-02-11_17:41:14.426000      27061.26        2.26608600e+00        1.47947540e-08  39.9845  39.3777
0202-02-11_17:41:14.637000      27061.48        2.27616800e+00        1.93192340e-08  39.9774  39.3782
0202-02-11_17:41:14.832000      27061.67        2.28569800e+00        2.21082940e-08  39.9774  39.3782
0202-02-11_17:41:15.027000      27061.86        2.29585400e+00        2.08687040e-08  39.9774  39.3782
0202-02-11_17:41:15.230000      27062.07        2.30578400e+00        1.82036040e-08  39.9774  39.3782
0202-02-11_17:41:15.426000      27062.26        2.31500700e+00        1.65301640e-08  39.9774  39.3782
0202-02-11_17:41:15.625000      27062.46        2.32574700e+00        1.31832940e-08  39.9822  39.3723
0202-02-11_17:41:15.820000      27062.66        2.33574900e+00        1.95671440e-08  39.9822  39.3723
0202-02-11_17:41:16.010000      27062.85        2.34457800e+00        2.12405840e-08  39.9822  39.3723
0202-02-11_17:41:16.215000      27063.05        2.35528500e+00        2.88640240e-08  39.9822  39.3723
0202-02-11_17:41:16.406000      27063.25        2.36512300e+00        2.01249540e-08  39.9822  39.3723
0202-02-11_17:41:16.605000      27063.45        2.37502800e+00        2.52692240e-08  39.9855  39.3787
0202-02-11_17:41:16.812000      27063.65        2.38490200e+00        2.01869340e-08  39.9855  39.3787
0202-02-11_17:41:17.008000      27063.84        2.39497100e+00        2.51452740e-08  39.9855  39.3787
0202-02-11_17:41:17.200000      27064.04        2.40504700e+00        1.82036040e-08  39.9855  39.3787
0202-02-11_17:41:17.390000      27064.23        2.41382600e+00        1.96291240e-08  39.9855  39.3787
0202-02-11_17:41:17.600000      27064.44        2.42491100e+00        1.66541240e-08  39.9869  39.3763
0202-02-11_17:41:17.812000      27064.65        2.43529100e+00        1.94431840e-08  39.9869  39.3763
0202-02-11_17:41:18.016000      27064.85        2.44440500e+00        2.11166240e-08  39.9869  39.3763
0202-02-11_17:41:18.220000      27065.06        2.45447600e+00        2.30999540e-08  39.9869  39.3763
0202-02-11_17:41:18.418000      27065.26        2.46432000e+00        2.25421440e-08  39.9869  39.3763
0202-02-11_17:41:18.625000      27065.46        2.47438400e+00        1.70879840e-08  39.9955  39.3779
0202-02-11_17:41:18.830000      27065.67        2.48453400e+00        1.39890240e-08  39.9955  39.3779
0202-02-11_17:41:19.023000      27065.86        2.49436400e+00        1.33072540e-08  39.9955  39.3779
0202-02-11_17:41:19.215000      27066.05        2.50416800e+00        1.69020440e-08  39.9955  39.3779
0202-02-11_17:41:19.418000      27066.26        2.51459400e+00        2.30379740e-08  39.9955  39.3779
0202-02-11_17:41:19.630000      27066.47        2.52430000e+00        2.08703140e-08  39.9885  39.3769
0202-02-11_17:41:19.820000      27066.66        2.53368700e+00        1.47359740e-08  39.9885  39.3769
0202-02-11_17:41:20.027000      27066.87        2.54421000e+00        1.36224840e-08  39.9885  39.3769
0202-02-11_17:41:20.220000      27067.06        2.55354300e+00        9.77977400e-09  39.9885  39.3769
0202-02-11_17:41:20.414000      27067.25        2.56348000e+00        1.36844640e-08  39.9885  39.3769
0202-02-11_17:41:20.625000      27067.46        2.57365700e+00        1.36844640e-08  39.9857  39.3763
0202-02-11_17:41:20.824000      27067.66        2.58356400e+00        1.59157140e-08  39.9857  39.3763
0202-02-11_17:41:21.027000      27067.86        2.59327700e+00        2.09360340e-08  39.9857  39.3763
0202-02-11_17:41:21.220000      27068.06        2.60366000e+00        2.17417640e-08  39.9857  39.3763
0202-02-11_17:41:21.414000      27068.25        2.60776400e+00        2.45308240e-08  39.9857  39.3763
0202-02-11_17:41:21.620000      27068.46        2.62303100e+00        1.55438440e-08  39.9856  39.3795
0202-02-11_17:41:21.820000      27068.66        2.63344100e+00        1.23829040e-08  39.9856  39.3795
0202-02-11_17:41:22.016000      27068.85        2.64335300e+00        1.49240540e-08  39.9856  39.3795
0202-02-11_17:41:22.220000      27069.06        2.65299100e+00        1.77131140e-08  39.9856  39.3795
0202-02-11_17:41:22.410000      27069.25        2.66297200e+00        2.29193640e-08  39.9856  39.3795
0202-02-11_17:41:22.613000      27069.45        2.67337000e+00        2.61422840e-08  39.9802  39.3754
0202-02-11_17:41:22.820000      27069.66        2.68274400e+00        2.34152040e-08  39.9802  39.3754
0202-02-11_17:41:23.023000      27069.86        2.69279000e+00        2.05641540e-08  39.9802  39.3754
0202-02-11_17:41:23.227000      27070.07        2.70277200e+00        2.00683240e-08  39.9802  39.3754
0202-02-11_17:41:23.418000      27070.26        2.71255000e+00        2.13079040e-08  39.9802  39.3754
0202-02-11_17:41:23.633000      27070.47        2.72212900e+00        2.11839540e-08  39.9826  39.3738
0202-02-11_17:41:23.832000      27070.67        2.73314400e+00        2.13079040e-08  39.9826  39.3738
0202-02-11_17:41:24.035000      27070.87        2.74293200e+00        1.96344740e-08  39.9826  39.3738
0202-02-11_17:41:24.230000      27071.07        2.75242800e+00        2.20516640e-08  39.9826  39.3738
0202-02-11_17:41:24.420000      27071.26        2.76272000e+00        1.70313440e-08  39.9826  39.3738
0202-02-11_17:41:24.617000      27071.45        2.77237600e+00        2.01922840e-08  39.9699  39.3774
0202-02-11_17:41:24.812000      27071.65        2.78206600e+00        1.80849940e-08  39.9699  39.3774
0202-02-11_17:41:25.004000      27071.84        2.79174100e+00        2.77537440e-08  39.9699  39.3774
0202-02-11_17:41:25.195000      27072.03        2.80201600e+00        3.06667740e-08  39.9699  39.3774
0202-02-11_17:41:25.400000      27072.24        2.81206500e+00        3.32698940e-08  39.9699  39.3774
0202-02-11_17:41:25.613000      27072.45        2.82183200e+00        3.06034840e-08  39.9856  39.3747
0202-02-11_17:41:25.810000      27072.65        2.83183800e+00        2.84329040e-08  39.9856  39.3747
0202-02-11_17:41:26.004000      27072.84        2.84166400e+00        3.11582440e-08  39.9856  39.3747
0202-02-11_17:41:26.200000      27073.04        2.85148500e+00        2.96087640e-08  39.9856  39.3747
0202-02-11_17:41:26.390000      27073.23        2.86135300e+00        2.87410540e-08  39.9856  39.3747
0202-02-11_17:41:26.598000      27073.44        2.87190400e+00        2.84311640e-08  39.9856  39.3747
0202-02-11_17:41:26.797000      27073.64        2.88160400e+00        3.50009540e-08  39.9815  39.3791
0202-02-11_17:41:26.992000      27073.83        2.89123900e+00        3.58686640e-08  39.9815  39.3791
0202-02-11_17:41:27.188000      27074.03        2.90155000e+00        3.59926240e-08  39.9815  39.3791
0202-02-11_17:41:27.383000      27074.22        2.91155700e+00        3.19639740e-08  39.9815  39.3791
0202-02-11_17:41:27.598000      27074.44        2.92067700e+00        3.35134540e-08  39.9815  39.3791
0202-02-11_17:41:27.797000      27074.63        2.93171900e+00        3.28936640e-08  39.9895  39.3775
0202-02-11_17:41:27.990000      27074.83        2.94125000e+00        3.45671040e-08  39.9895  39.3775
0202-02-11_17:41:28.190000      27075.03        2.95018300e+00        3.85957440e-08  39.9895  39.3775
0202-02-11_17:41:28.383000      27075.22        2.96114900e+00        4.03931440e-08  39.9895  39.3775
0202-02-11_17:41:28.586000      27075.43        2.97075900e+00        3.80379340e-08  39.9946  39.3772
0202-02-11_17:41:28.793000      27075.63        2.98075300e+00        3.76040740e-08  39.9946  39.3772
0202-02-11_17:41:28.984000      27075.82        2.99072600e+00        3.67363740e-08  39.9946  39.3772
0202-02-11_17:41:29.180000      27076.02        3.00076500e+00        3.43811640e-08  39.9946  39.3772
0202-02-11_17:41:29.370000      27076.21        3.01025900e+00        3.66124140e-08  39.9946  39.3772
0202-02-11_17:41:29.598000      27076.43        3.02068800e+00        3.80379340e-08  39.9946  39.3772
0202-02-11_17:41:29.805000      27076.64        3.03073700e+00        3.90296040e-08  39.9776  39.3786
0202-02-11_17:41:30.008000      27076.85        3.04009100e+00        4.21285540e-08  39.9776  39.3786
0202-02-11_17:41:30.210000      27077.05        3.05009300e+00        3.93394940e-08  39.9776  39.3786
0202-02-11_17:41:30.410000      27077.25        3.06022800e+00        3.95254340e-08  39.9776  39.3786
0202-02-11_17:41:30.610000      27077.45        3.07009800e+00        3.85337640e-08  39.9856  39.3757
0202-02-11_17:41:30.816000      27077.66        3.07989200e+00        4.68389740e-08  39.9856  39.3757
0202-02-11_17:41:31.010000      27077.85        3.09021200e+00        4.55374140e-08  39.9856  39.3757
0202-02-11_17:41:31.203000      27078.04        3.10005900e+00        5.48962640e-08  39.9856  39.3757
0202-02-11_17:41:31.410000      27078.25        3.10905300e+00        5.68796040e-08  39.9856  39.3757
0202-02-11_17:41:31.613000      27078.45        3.11976500e+00        5.60106840e-08  39.9840  39.3775
0202-02-11_17:41:31.824000      27078.66        3.13014400e+00        5.70631240e-08  39.9840  39.3775
0202-02-11_17:41:32.020000      27078.86        3.13924700e+00        5.74953640e-08  39.9840  39.3775
0202-02-11_17:41:32.210000      27079.05        3.14971800e+00        6.57385840e-08  39.9840  39.3775
0202-02-11_17:41:32.414000      27079.25        3.15944500e+00        6.88375440e-08  39.9840  39.3775
0202-02-11_17:41:32.620000      27079.46        3.16919300e+00        7.41677440e-08  39.9881  39.3745
0202-02-11_17:41:32.830000      27079.67        3.17956400e+00        7.65229540e-08  39.9881  39.3745
0202-02-11_17:41:33.027000      27079.87        3.18927100e+00        7.94359740e-08  39.9881  39.3745
0202-02-11_17:41:33.223000      27080.06        3.19902100e+00        8.69354440e-08  39.9881  39.3745
0202-02-11_17:41:33.430000      27080.27        3.20950500e+00        9.38771140e-08  39.9881  39.3745
0202-02-11_17:41:33.637000      27080.47        3.21931900e+00        1.00198984e-07  39.9719  39.3747
0202-02-11_17:41:33.848000      27080.69        3.22922700e+00        1.04413564e-07  39.9719  39.3747
0202-02-11_17:41:34.043000      27080.88        3.23905700e+00        1.10363554e-07  39.9719  39.3747
0202-02-11_17:41:34.246000      27081.08        3.24940400e+00        1.20280214e-07  39.9719  39.3747
0202-02-11_17:41:34.438000      27081.28        3.25867600e+00        1.24184904e-07  39.9719  39.3747
0202-02-11_17:41:34.640000      27081.48        3.26896900e+00        1.31002604e-07  39.9782  39.3796
0202-02-11_17:41:34.844000      27081.68        3.27881300e+00        1.43398424e-07  39.9782  39.3796
0202-02-11_17:41:35.040000      27081.88        3.28807000e+00        1.56414044e-07  39.9782  39.3796
0202-02-11_17:41:35.246000      27082.08        3.29874100e+00        1.72032784e-07  39.9782  39.3796
0202-02-11_17:41:35.440000      27082.28        3.30874700e+00        1.83189024e-07  39.9782  39.3796
0202-02-11_17:41:35.645000      27082.48        3.31788600e+00        1.90502564e-07  39.9851  39.3747
0202-02-11_17:41:35.850000      27082.69        3.32872000e+00        2.00729114e-07  39.9851  39.3747
0202-02-11_17:41:36.043000      27082.88        3.33821700e+00        2.16657754e-07  39.9851  39.3747
0202-02-11_17:41:36.240000      27083.07        3.34737700e+00        2.26326494e-07  39.9851  39.3747
0202-02-11_17:41:36.445000      27083.28        3.35790300e+00        2.40705654e-07  39.9851  39.3747
0202-02-11_17:41:36.645000      27083.48        3.36823800e+00        2.55766574e-07  39.9884  39.3804
0202-02-11_17:41:36.840000      27083.68        3.37749200e+00        2.77583224e-07  39.9884  39.3804
0202-02-11_17:41:37.047000      27083.88        3.38790600e+00        3.03118624e-07  39.9884  39.3804
0202-02-11_17:41:37.240000      27084.08        3.39810800e+00        3.16877994e-07  39.9884  39.3804
0202-02-11_17:41:37.434000      27084.27        3.40715700e+00        3.35843604e-07  39.9884  39.3804
0202-02-11_17:41:37.645000      27084.48        3.41769000e+00        3.62369604e-07  39.9796  39.3747
0202-02-11_17:41:37.844000      27084.68        3.42754500e+00        3.87594314e-07  39.9796  39.3747
0202-02-11_17:41:38.047000      27084.88        3.43702100e+00        4.08976304e-07  39.9796  39.3747
0202-02-11_17:41:38.240000      27085.08        3.44762100e+00        4.39965854e-07  39.9796  39.3747
0202-02-11_17:41:38.430000      27085.27        3.45743400e+00        4.67236654e-07  39.9796  39.3747
0202-02-11_17:41:38.633000      27085.47        3.46722800e+00        4.95994954e-07  39.9757  39.3779
0202-02-11_17:41:38.824000      27085.66        3.47695500e+00        5.37892824e-07  39.9757  39.3779
0202-02-11_17:41:39.020000      27085.86        3.48737500e+00        5.69626114e-07  39.9757  39.3779
0202-02-11_17:41:39.210000      27086.05        3.49690700e+00        6.05326074e-07  39.9757  39.3779
0202-02-11_17:41:39.410000      27086.25        3.50667800e+00        6.54103624e-07  39.9757  39.3779
0202-02-11_17:41:39.610000      27086.45        3.51670300e+00        6.96311384e-07  39.9776  39.3783
0202-02-11_17:41:39.805000      27086.64        3.52693200e+00        7.29284264e-07  39.9776  39.3783
0202-02-11_17:41:40             27086.84        3.53711400e+00        7.88784194e-07  39.9776  39.3783
0202-02-11_17:41:40.190000      27087.03        3.54589700e+00        8.16860724e-07  39.9776  39.3783
0202-02-11_17:41:40.390000      27087.23        3.55682200e+00        8.88632514e-07  39.9776  39.3783
0202-02-11_17:41:40.610000      27087.45        3.56704300e+00        9.39083494e-07  39.9776  39.3783
0202-02-11_17:41:40.820000      27087.66        3.57678200e+00        1.01314851e-06  39.9789  39.3756
0202-02-11_17:41:41.010000      27087.85        3.58679900e+00        1.06490105e-06  39.9789  39.3756
0202-02-11_17:41:41.215000      27088.05        3.59566300e+00        1.12154994e-06  39.9789  39.3756
0202-02-11_17:41:41.418000      27088.26        3.60655700e+00        1.20646130e-06  39.9789  39.3756
0202-02-11_17:41:41.613000      27088.45        3.61662100e+00        1.27730340e-06  39.9811  39.3773
0202-02-11_17:41:41.824000      27088.66        3.62596300e+00        1.36717309e-06  39.9811  39.3773
0202-02-11_17:41:42.016000      27088.86        3.63641200e+00        1.43423447e-06  39.9811  39.3773
0202-02-11_17:41:42.210000      27089.05        3.64636400e+00        1.50829948e-06  39.9811  39.3773
0202-02-11_17:41:42.410000      27089.25        3.65530300e+00        1.58893428e-06  39.9811  39.3773
0202-02-11_17:41:42.620000      27089.46        3.66626300e+00        1.70923570e-06  39.9968  39.3736
0202-02-11_17:41:42.820000      27089.66        3.67635800e+00        1.79792779e-06  39.9968  39.3736
0202-02-11_17:41:43.016000      27089.85        3.68523900e+00        1.92510889e-06  39.9968  39.3736
0202-02-11_17:41:43.207000      27090.05        3.69577800e+00        2.02161033e-06  39.9968  39.3736
0202-02-11_17:41:43.402000      27090.24        3.70586700e+00        2.12939198e-06  39.9968  39.3736
0202-02-11_17:41:43.617000      27090.45        3.71539700e+00        2.27770520e-06  39.9719  39.3762
0202-02-11_17:41:43.820000      27090.66        3.72581600e+00        2.39019517e-06  39.9719  39.3762
0202-02-11_17:41:44.023000      27090.86        3.73560500e+00        2.50411061e-06  39.9719  39.3762
0202-02-11_17:41:44.220000      27091.06        3.74507700e+00        2.66500820e-06  39.9719  39.3762
0202-02-11_17:41:44.410000      27091.25        3.75543200e+00        2.79708553e-06  39.9719  39.3762
0202-02-11_17:41:44.605000      27091.44        3.76530900e+00        2.93765398e-06  39.9791  39.3766
0202-02-11_17:41:44.800000      27091.64        3.77496300e+00        3.13369368e-06  39.9791  39.3766
0202-02-11_17:41:44.996000      27091.83        3.78462900e+00        3.28963294e-06  39.9791  39.3766
0202-02-11_17:41:45.188000      27092.02        3.79504200e+00        3.44885709e-06  39.9791  39.3766
0202-02-11_17:41:45.390000      27092.23        3.80490600e+00        3.68010088e-06  39.9791  39.3766
0202-02-11_17:41:45.610000      27092.45        3.81477800e+00        3.85265052e-06  39.9868  39.3728
0202-02-11_17:41:45.824000      27092.66        3.82507400e+00        4.09281930e-06  39.9868  39.3728
0202-02-11_17:41:46.027000      27092.86        3.83457400e+00        4.27063716e-06  39.9868  39.3728
0202-02-11_17:41:46.220000      27093.06        3.84440500e+00        4.47349455e-06  39.9868  39.3728
0202-02-11_17:41:46.410000      27093.25        3.85478400e+00        4.68335557e-06  39.9868  39.3728
0202-02-11_17:41:46.620000      27093.46        3.86448300e+00        4.99975852e-06  39.9862  39.3763
0202-02-11_17:41:46.836000      27093.68        3.87441900e+00        5.23441122e-06  39.9862  39.3763
0202-02-11_17:41:47.040000      27093.88        3.88479000e+00        5.53990582e-06  39.9862  39.3763
0202-02-11_17:41:47.242000      27094.08        3.89385700e+00        5.77505432e-06  39.9862  39.3763
0202-02-11_17:41:47.445000      27094.28        3.90437300e+00        6.11203432e-06  39.9862  39.3763
0202-02-11_17:41:47.645000      27094.48        3.91418300e+00        6.37420572e-06  39.9864  39.3742
0202-02-11_17:41:47.850000      27094.69        3.92384900e+00        6.74316692e-06  39.9864  39.3742
0202-02-11_17:41:48.043000      27094.88        3.93427000e+00        7.02591522e-06  39.9864  39.3742
0202-02-11_17:41:48.234000      27095.07        3.94427600e+00        7.33593442e-06  39.9864  39.3742
0202-02-11_17:41:48.438000      27095.28        3.95336700e+00        7.76718452e-06  39.9864  39.3742
0202-02-11_17:41:48.633000      27095.47        3.96424900e+00        8.11277962e-06  39.9833  39.3765
0202-02-11_17:41:48.830000      27095.67        3.97422400e+00        8.45973832e-06  39.9833  39.3765
0202-02-11_17:41:49.035000      27095.87        3.98330600e+00        8.94119142e-06  39.9833  39.3765
0202-02-11_17:41:49.227000      27096.06        3.99395200e+00        9.31690842e-06  39.9833  39.3765
0202-02-11_17:41:49.420000      27096.26        4.00380100e+00        9.71047582e-06  39.9833  39.3765
0202-02-11_17:41:49.630000      27096.47        4.01302000e+00        1.01222663e-05  39.9939  39.3774
0202-02-11_17:41:49.830000      27096.67        4.02383800e+00        1.06973102e-05  39.9939  39.3774
0202-02-11_17:41:50.023000      27096.86        4.03373000e+00        1.11384782e-05  39.9939  39.3774
0202-02-11_17:41:50.227000      27097.06        4.04251600e+00        1.17395511e-05  39.9939  39.3774
0202-02-11_17:41:50.418000      27097.26        4.05340500e+00        1.30523916e-05  39.9939  39.3774
0202-02-11_17:41:50.620000      27097.46        4.06344700e+00        1.31240393e-05  39.9836  39.3766
0202-02-11_17:41:50.820000      27097.66        4.07328900e+00        1.34683950e-05  39.9836  39.3766
0202-02-11_17:41:51.016000      27097.85        4.08288200e+00        1.47561959e-05  39.9836  39.3766
0202-02-11_17:41:51.207000      27098.04        4.09331000e+00        1.48668904e-05  39.9836  39.3766
0202-02-11_17:41:51.410000      27098.25        4.10318600e+00        1.60784571e-05  39.9836  39.3766
0202-02-11_17:41:51.610000      27098.45        4.11255900e+00        1.62210709e-05  39.9707  39.3791
0202-02-11_17:41:51.830000      27098.66        4.12312400e+00        1.74386494e-05  39.9707  39.3791
0202-02-11_17:41:52.020000      27098.86        4.13257100e+00        1.76359908e-05  39.9707  39.3791
0202-02-11_17:41:52.227000      27099.06        4.14243500e+00        1.89694082e-05  39.9707  39.3791
0202-02-11_17:41:52.418000      27099.26        4.15272000e+00        1.91371855e-05  39.9707  39.3791
0202-02-11_17:41:52.625000      27099.46        4.16275900e+00        2.06208401e-05  39.9883  39.3768