# Ic = 1.81 A, n = 20.83 , Tavg = 50.03 K, f29-afterlastbeamon-50K
#datetime                        t_s     iHTS_A                vHTS_V                tHTS_K  tTAR_K
0202-02-09_16:44:29.050000      1072.20        1.61335400e-02       -4.44417050e-09  50.0378  49.2068
0202-02-09_16:44:29.250000      1072.41        1.44312400e-02       -6.79937050e-09  50.0032  49.2069
0202-02-09_16:44:29.453000      1072.61        2.44758700e-02       -3.20459050e-09  50.0032  49.2069
0202-02-09_16:44:29.656000      1072.81        3.40055000e-02       -7.29521050e-09  50.0032  49.2069
0202-02-09_16:44:29.850000      1073.00        4.40501300e-02       -1.33071605e-08  50.0032  49.2069
0202-02-09_16:44:30.080000      1073.23        5.41632600e-02       -1.06420705e-08  50.0032  49.2069
0202-02-09_16:44:30.285000      1073.44        6.34910500e-02       -1.38649805e-08  50.0263  49.2065
0202-02-09_16:44:30.490000      1073.64        7.40521500e-02       -1.77076705e-08  50.0263  49.2065
0202-02-09_16:44:30.680000      1073.83        8.37836300e-02       -1.01462405e-08  50.0263  49.2065
0202-02-09_16:44:30.880000      1074.03        9.29852700e-02       -1.10139405e-08  50.0263  49.2065
0202-02-09_16:44:31.080000      1074.23        1.03602800e-01        2.80736950e-09  50.0107  49.2056
0202-02-09_16:44:31.290000      1074.44        1.14150500e-01       -6.79937050e-09  50.0107  49.2056
0202-02-09_16:44:31.484000      1074.64        1.23313600e-01       -3.08064050e-09  50.0107  49.2056
0202-02-09_16:44:31.676000      1074.83        1.33568400e-01       -3.53560500e-10  50.0107  49.2056
0202-02-09_16:44:31.883000      1075.04        1.43528400e-01        6.09224950e-09  50.0107  49.2056
0202-02-09_16:44:32.082000      1075.24        1.52688500e-01       -2.77074050e-09  50.0428  49.2088
0202-02-09_16:44:32.290000      1075.44        1.63363900e-01       -4.19626050e-09  50.0428  49.2088
0202-02-09_16:44:32.480000      1075.63        1.73147300e-01       -1.77908050e-09  50.0428  49.2088
0202-02-09_16:44:32.670000      1075.83        1.82411300e-01        9.87296950e-09  50.0428  49.2088
0202-02-09_16:44:32.875000      1076.03        1.92966500e-01        2.74538950e-09  50.0428  49.2088
0202-02-09_16:44:33.094000      1076.25        2.03085300e-01        1.31986950e-09  50.0428  49.2088
0202-02-09_16:44:33.300000      1076.45        2.12658200e-01       -1.11379005e-08  50.0186  49.2062
0202-02-09_16:44:33.492000      1076.65        2.22702900e-01       -1.15717505e-08  50.0186  49.2062
0202-02-09_16:44:33.688000      1076.84        2.32419500e-01       -1.38030005e-08  50.0186  49.2062
0202-02-09_16:44:33.890000      1077.04        2.42311300e-01       -2.15095050e-09  50.0186  49.2062
0202-02-09_16:44:34.105000      1077.26        2.52719500e-01       -2.29430500e-10  50.0458  49.2108
0202-02-09_16:44:34.305000      1077.46        2.62028000e-01        2.12601950e-09  50.0458  49.2108
0202-02-09_16:44:34.496000      1077.65        2.71830700e-01       -9.10620500e-10  50.0458  49.2108
0202-02-09_16:44:34.690000      1077.84        2.82328000e-01       -8.84384050e-09  50.0458  49.2108
0202-02-09_16:44:34.883000      1078.04        2.92225900e-01       -1.62193405e-08  50.0458  49.2108
0202-02-09_16:44:35.113000      1078.27        3.01319200e-01       -2.43385905e-08  50.0140  49.2094
0202-02-09_16:44:35.330000      1078.48        3.12306300e-01       -1.57854905e-08  50.0140  49.2094
0202-02-09_16:44:35.520000      1078.67        3.21631100e-01       -1.11990505e-08  50.0140  49.2094
0202-02-09_16:44:35.727000      1078.88        3.31745500e-01       -6.55062050e-09  50.0140  49.2094
0202-02-09_16:44:35.918000      1079.07        3.41944500e-01       -8.78187050e-09  50.0140  49.2094
0202-02-09_16:44:36.125000      1079.28        3.51690800e-01       -9.77353050e-09  50.0018  49.2061
0202-02-09_16:44:36.320000      1079.47        3.61277100e-01       -8.03812050e-09  50.0018  49.2061
0202-02-09_16:44:36.510000      1079.67        3.71200000e-01       -6.36468050e-09  50.0018  49.2061
0202-02-09_16:44:36.715000      1079.87        3.81330700e-01       -8.59593050e-09  50.0018  49.2061
0202-02-09_16:44:36.910000      1080.06        3.91316000e-01       -8.59593050e-09  50.0018  49.2061
0202-02-09_16:44:37.110000      1080.26        4.00554800e-01       -4.25740050e-09  50.0324  49.2061
0202-02-09_16:44:37.316000      1080.47        4.11403800e-01       -9.77353050e-09  50.0324  49.2061
0202-02-09_16:44:37.520000      1080.67        4.21420200e-01       -1.13849805e-08  50.0324  49.2061
0202-02-09_16:44:37.723000      1080.87        4.30764400e-01       -1.54136205e-08  50.0324  49.2061
0202-02-09_16:44:37.914000      1081.07        4.41217100e-01       -1.09511305e-08  50.0324  49.2061
0202-02-09_16:44:38.125000      1081.28        4.50285200e-01       -4.00948050e-09  50.0315  49.2039
0202-02-09_16:44:38.320000      1081.48        4.60856700e-01       -8.84384050e-09  50.0315  49.2039
0202-02-09_16:44:38.516000      1081.67        4.70923600e-01       -7.17041050e-09  50.0315  49.2039
0202-02-09_16:44:38.720000      1081.87        4.80822800e-01       -3.32771050e-09  50.0315  49.2039
0202-02-09_16:44:38.914000      1082.07        4.90281200e-01        8.01443950e-09  50.0315  49.2039
0202-02-09_16:44:39.113000      1082.27        5.00637500e-01        5.96912950e-09  50.0183  49.2064
0202-02-09_16:44:39.316000      1082.47        5.10490700e-01       -3.45167050e-09  50.0183  49.2064
0202-02-09_16:44:39.508000      1082.66        5.19777100e-01       -8.10010050e-09  50.0183  49.2064
0202-02-09_16:44:39.703000      1082.85        5.30568300e-01       -5.68292050e-09  50.0183  49.2064
0202-02-09_16:44:39.906000      1083.06        5.40405200e-01       -5.68292050e-09  50.0183  49.2064
0202-02-09_16:44:40.120000      1083.28        5.49973400e-01       -7.04567050e-09  50.0239  49.2046
0202-02-09_16:44:40.330000      1083.48        5.60129400e-01       -5.43344050e-09  50.0239  49.2046
0202-02-09_16:44:40.523000      1083.68        5.69656100e-01       -2.27147050e-09  50.0239  49.2046
0202-02-09_16:44:40.715000      1083.87        5.79745200e-01        9.62850950e-09  50.0239  49.2046
0202-02-09_16:44:40.906000      1084.06        5.89994700e-01        8.69881950e-09  50.0239  49.2046
0202-02-09_16:44:41.130000      1084.28        6.00141400e-01        1.16118395e-08  50.0177  49.2046
0202-02-09_16:44:41.320000      1084.48        6.09561300e-01        6.40559950e-09  50.0177  49.2046
0202-02-09_16:44:41.523000      1084.68        6.19518300e-01        1.32232895e-08  50.0177  49.2046
0202-02-09_16:44:41.720000      1084.87        6.29108800e-01        8.26496950e-09  50.0177  49.2046
0202-02-09_16:44:41.910000      1085.06        6.39028800e-01        9.00871950e-09  50.0177  49.2046
0202-02-09_16:44:42.117000      1085.27        6.49411900e-01        8.82277950e-09  50.0201  49.2015
0202-02-09_16:44:42.312000      1085.47        6.59581200e-01        1.07441295e-08  50.0201  49.2015
0202-02-09_16:44:42.516000      1085.67        6.68256000e-01        9.13267950e-09  50.0201  49.2015
0202-02-09_16:44:42.707000      1085.86        6.79183700e-01        4.91809950e-09  50.0201  49.2015
0202-02-09_16:44:42.910000      1086.06        6.88938900e-01        5.66184950e-09  50.0201  49.2015
0202-02-09_16:44:43.117000      1086.27        6.98056000e-01        7.52121950e-09  50.0254  49.2073
0202-02-09_16:44:43.312000      1086.47        7.08839700e-01        9.31860950e-09  50.0254  49.2073
0202-02-09_16:44:43.516000      1086.67        7.18709300e-01        1.70040095e-08  50.0254  49.2073
0202-02-09_16:44:43.710000      1086.86        7.25181600e-01        1.45248495e-08  50.0254  49.2073
0202-02-09_16:44:43.902000      1087.06        7.38243500e-01        2.03508795e-08  50.0254  49.2073
0202-02-09_16:44:44.120000      1087.27        7.48601300e-01        1.45248495e-08  50.0163  49.2058
0202-02-09_16:44:44.316000      1087.47        7.58764200e-01        8.45090950e-09  50.0163  49.2058
0202-02-09_16:44:44.520000      1087.67        7.68424400e-01        2.99674950e-09  50.0163  49.2058
0202-02-09_16:44:44.710000      1087.86        7.78029800e-01        5.66184950e-09  50.0163  49.2058
0202-02-09_16:44:44.902000      1088.06        7.87807300e-01        1.42149595e-08  50.0163  49.2058
0202-02-09_16:44:45.105000      1088.26        7.98202200e-01        1.48967295e-08  50.0285  49.2046
0202-02-09_16:44:45.310000      1088.46        8.08223100e-01        9.50454950e-09  50.0285  49.2046
0202-02-09_16:44:45.500000      1088.65        8.17163500e-01        1.29133995e-08  50.0285  49.2046
0202-02-09_16:44:45.703000      1088.86        8.27979900e-01        1.35951695e-08  50.0285  49.2046
0202-02-09_16:44:45.895000      1089.05        8.37874600e-01        2.00409895e-08  50.0285  49.2046
0202-02-09_16:44:46.098000      1089.25        8.47101500e-01        2.20868795e-08  50.0321  49.2059
0202-02-09_16:44:46.310000      1089.46        8.57825900e-01        1.61374595e-08  50.0321  49.2059
0202-02-09_16:44:46.504000      1089.66        8.67441600e-01        1.73778195e-08  50.0321  49.2059
0202-02-09_16:44:46.695000      1089.85        8.77281500e-01        1.84314595e-08  50.0321  49.2059
0202-02-09_16:44:46.887000      1090.04        8.87315700e-01        1.76257295e-08  50.0321  49.2059
0202-02-09_16:44:47.110000      1090.26        8.97246100e-01        1.48366795e-08  50.0424  49.2050
0202-02-09_16:44:47.324000      1090.48        9.07516500e-01        1.40309495e-08  50.0424  49.2050
0202-02-09_16:44:47.527000      1090.68        9.17389000e-01        3.59095595e-08  50.0424  49.2050
0202-02-09_16:44:47.720000      1090.87        9.26785100e-01        3.14470695e-08  50.0424  49.2050
0202-02-09_16:44:47.926000      1091.08        9.37371400e-01        3.02694695e-08  50.0424  49.2050
0202-02-09_16:44:48.130000      1091.28        9.47153400e-01        2.60548895e-08  50.0337  49.2037
0202-02-09_16:44:48.324000      1091.48        9.56573200e-01        3.18189395e-08  50.0337  49.2037
0202-02-09_16:44:48.520000      1091.67        9.67026000e-01        3.65293495e-08  50.0337  49.2037
0202-02-09_16:44:48.710000      1091.86        9.76883600e-01        2.50012495e-08  50.0337  49.2037
0202-02-09_16:44:48.910000      1092.06        9.85975700e-01        1.39689695e-08  50.0337  49.2037
0202-02-09_16:44:49.113000      1092.27        9.96756500e-01        9.56844950e-09  50.0346  49.2039
0202-02-09_16:44:49.316000      1092.47        1.00672200e+00        1.92991695e-08  50.0346  49.2039
0202-02-09_16:44:49.508000      1092.66        1.01617300e+00        2.34517695e-08  50.0346  49.2039
0202-02-09_16:44:49.700000      1092.85        1.02627900e+00        2.07246895e-08  50.0346  49.2039
0202-02-09_16:44:49.895000      1093.05        1.03631600e+00        1.87413595e-08  50.0346  49.2039
0202-02-09_16:44:50.100000      1093.25        1.04549600e+00        2.20882295e-08  50.0170  49.2070
0202-02-09_16:44:50.320000      1093.47        1.05650500e+00        1.67580295e-08  50.0170  49.2070
0202-02-09_16:44:50.510000      1093.67        1.06599200e+00        1.68200095e-08  50.0170  49.2070
0202-02-09_16:44:50.707000      1093.86        1.07576600e+00        1.57043795e-08  50.0170  49.2070
0202-02-09_16:44:50.914000      1094.07        1.08609000e+00        2.97736295e-08  50.0170  49.2070
0202-02-09_16:44:51.120000      1094.27        1.09598300e+00        2.66746795e-08  50.0312  49.2043
0202-02-09_16:44:51.336000      1094.49        1.10598000e+00        3.18809195e-08  50.0312  49.2043
0202-02-09_16:44:51.540000      1094.69        1.11602500e+00        2.80382195e-08  50.0312  49.2043
0202-02-09_16:44:51.742000      1094.90        1.12536600e+00        2.32658295e-08  50.0312  49.2043
0202-02-09_16:44:51.934000      1095.09        1.13537200e+00        2.12823595e-08  50.0312  49.2043
0202-02-09_16:44:52.140000      1095.29        1.14548000e+00        1.33486395e-08  50.0218  49.2032
0202-02-09_16:44:52.344000      1095.50        1.15532000e+00        2.14673495e-08  50.0218  49.2032
0202-02-09_16:44:52.535000      1095.69        1.16485000e+00        2.66113395e-08  50.0218  49.2032
0202-02-09_16:44:52.740000      1095.89        1.17556100e+00        3.13217495e-08  50.0218  49.2032
0202-02-09_16:44:52.938000      1096.09        1.18486500e+00        2.07233295e-08  50.0218  49.2032
0202-02-09_16:44:53.137000      1096.29        1.19505500e+00        1.40295895e-08  50.0303  49.2036
0202-02-09_16:44:53.348000      1096.50        1.20497600e+00        2.14670795e-08  50.0303  49.2036
0202-02-09_16:44:53.540000      1096.69        1.21472000e+00        2.54337395e-08  50.0303  49.2036
0202-02-09_16:44:53.734000      1096.89        1.22469100e+00        1.92978095e-08  50.0303  49.2036
0202-02-09_16:44:53.938000      1097.09        1.23486500e+00        7.39782950e-09  50.0303  49.2036
0202-02-09_16:44:54.137000      1097.29        1.24474300e+00        1.17983495e-08  50.0164  49.2025
0202-02-09_16:44:54.332000      1097.48        1.25403400e+00        2.15910395e-08  50.0164  49.2025
0202-02-09_16:44:54.535000      1097.69        1.26444800e+00        1.94217695e-08  50.0164  49.2025
0202-02-09_16:44:54.727000      1097.88        1.27445100e+00        1.76863595e-08  50.0164  49.2025
0202-02-09_16:44:54.930000      1098.08        1.28386200e+00        1.14264695e-08  50.0164  49.2025
0202-02-09_16:44:55.133000      1098.29        1.29456300e+00        1.53311495e-08  50.0097  49.2027
0202-02-09_16:44:55.340000      1098.49        1.30459900e+00        1.30379295e-08  50.0097  49.2027
0202-02-09_16:44:55.543000      1098.70        1.31392100e+00        1.60129195e-08  50.0097  49.2027
0202-02-09_16:44:55.746000      1098.90        1.32430800e+00        1.30379295e-08  50.0097  49.2027
0202-02-09_16:44:55.950000      1099.10        1.33424600e+00        2.09712495e-08  50.0097  49.2027
0202-02-09_16:44:56.152000      1099.30        1.34399200e+00        1.00009595e-08  50.0221  49.2124
0202-02-09_16:44:56.355000      1099.51        1.35414500e+00        1.50982950e-09  50.0221  49.2124
0202-02-09_16:44:56.550000      1099.70        1.36412600e+00       -1.01630500e-10  50.0221  49.2124
0202-02-09_16:44:56.742000      1099.90        1.37301800e+00        8.38949950e-09  50.0221  49.2124
0202-02-09_16:44:56.950000      1100.10        1.38371200e+00        1.63228195e-08  50.0221  49.2124
0202-02-09_16:44:57.145000      1100.30        1.39364100e+00        1.13025195e-08  50.0345  49.2059
0202-02-09_16:44:57.336000      1100.49        1.40285600e+00        8.01762950e-09  50.0345  49.2059
0202-02-09_16:44:57.543000      1100.70        1.41352300e+00        1.49592795e-08  50.0345  49.2059
0202-02-09_16:44:57.734000      1100.89        1.42345000e+00        1.47113595e-08  50.0345  49.2059
0202-02-09_16:44:57.930000      1101.08        1.43235300e+00        1.68187895e-08  50.0345  49.2059
0202-02-09_16:44:58.137000      1101.29        1.44341800e+00        7.52247950e-09  50.0089  49.2066
0202-02-09_16:44:58.332000      1101.49        1.45328300e+00        9.63017950e-09  50.0089  49.2066
0202-02-09_16:44:58.527000      1101.68        1.46238800e+00        1.55184695e-08  50.0089  49.2066
0202-02-09_16:44:58.730000      1101.88        1.47315600e+00        1.51465895e-08  50.0089  49.2066
0202-02-09_16:44:58.920000      1102.08        1.48331200e+00        1.49606495e-08  50.0089  49.2066
0202-02-09_16:44:59.117000      1102.27        1.49201600e+00        5.29191950e-09  50.0271  49.2021
0202-02-09_16:44:59.320000      1102.48        1.50289900e+00        9.87836950e-09  50.0271  49.2021
0202-02-09_16:44:59.516000      1102.67        1.51280800e+00        5.60180950e-09  50.0271  49.2021
0202-02-09_16:44:59.707000      1102.86        1.52216200e+00        9.38253950e-09  50.0271  49.2021
0202-02-09_16:44:59.914000      1103.07        1.53209200e+00        4.98201950e-09  50.0271  49.2021
0202-02-09_16:45:00.125000      1103.28        1.54313300e+00        4.79608950e-09  50.0019  49.2019
0202-02-09_16:45:00.332000      1103.49        1.55233800e+00        1.44920950e-09  50.0019  49.2019
0202-02-09_16:45:00.523000      1103.68        1.56196800e+00        4.79608950e-09  50.0019  49.2019
0202-02-09_16:45:00.727000      1103.88        1.57237600e+00        3.80441950e-09  50.0019  49.2019
0202-02-09_16:45:00.930000      1104.08        1.58179000e+00        7.83305950e-09  50.0019  49.2019
0202-02-09_16:45:01.137000      1104.29        1.59195800e+00        1.44648195e-08  50.0215  49.2043
0202-02-09_16:45:01.340000      1104.49        1.60181600e+00        1.40929495e-08  50.0215  49.2043
0202-02-09_16:45:01.530000      1104.68        1.61165600e+00        1.79976295e-08  50.0215  49.2043
0202-02-09_16:45:01.740000      1104.89        1.62157300e+00        2.04767895e-08  50.0215  49.2043
0202-02-09_16:45:01.930000      1105.08        1.63198900e+00        2.32038695e-08  50.0215  49.2043
0202-02-09_16:45:02.130000      1105.28        1.64194700e+00        3.03934495e-08  50.0216  49.2050
0202-02-09_16:45:02.332000      1105.49        1.65090400e+00        3.15710495e-08  50.0216  49.2050
0202-02-09_16:45:02.527000      1105.68        1.66168600e+00        3.08272995e-08  50.0216  49.2050
0202-02-09_16:45:02.720000      1105.87        1.67177700e+00        2.97116795e-08  50.0216  49.2050
0202-02-09_16:45:02.920000      1106.08        1.68064900e+00        3.92564495e-08  50.0216  49.2050
0202-02-09_16:45:03.120000      1106.27        1.69174600e+00        5.02267495e-08  50.0265  49.2039
0202-02-09_16:45:03.312000      1106.47        1.70119300e+00        6.00194395e-08  50.0265  49.2039
0202-02-09_16:45:03.520000      1106.67        1.71087300e+00        7.28491095e-08  50.0265  49.2039
0202-02-09_16:45:03.710000      1106.87        1.72103200e+00        7.68157795e-08  50.0265  49.2039
0202-02-09_16:45:03.906000      1107.06        1.73119200e+00        8.65464695e-08  50.0265  49.2039
0202-02-09_16:45:04.120000      1107.27        1.74102300e+00        9.68969095e-08  50.0172  49.2069
0202-02-09_16:45:04.312000      1107.47        1.75103100e+00        1.17287979e-07  50.0172  49.2069
0202-02-09_16:45:04.504000      1107.66        1.76133200e+00        1.23733769e-07  50.0172  49.2069
0202-02-09_16:45:04.703000      1107.86        1.77081700e+00        1.35757709e-07  50.0172  49.2069
0202-02-09_16:45:04.895000      1108.05        1.78061100e+00        1.44992589e-07  50.0172  49.2069
0202-02-09_16:45:05.100000      1108.26        1.79053800e+00        1.65197769e-07  50.0376  49.2026
0202-02-09_16:45:05.300000      1108.45        1.80043700e+00        2.02757089e-07  50.0376  49.2026
0202-02-09_16:45:05.492000      1108.65        1.81029900e+00        2.26557060e-07  50.0376  49.2026
0202-02-09_16:45:05.688000      1108.84        1.82046700e+00        2.50295040e-07  50.0376  49.2026
0202-02-09_16:45:05.890000      1109.04        1.83055500e+00        2.82152289e-07  50.0376  49.2026
0202-02-09_16:45:06.105000      1109.26        1.84014500e+00        3.09918920e-07  50.0227  49.2085
0202-02-09_16:45:06.312000      1109.47        1.85038300e+00        3.50825109e-07  50.0227  49.2085
0202-02-09_16:45:06.504000      1109.66        1.85982500e+00        3.89004219e-07  50.0227  49.2085
0202-02-09_16:45:06.703000      1109.86        1.86951100e+00        4.31521859e-07  50.0227  49.2085
0202-02-09_16:45:06.895000      1110.05        1.87989500e+00        4.85195740e-07  50.0227  49.2085
0202-02-09_16:45:07.105000      1110.26        1.88953200e+00        5.59012819e-07  50.0389  49.2059
0202-02-09_16:45:07.305000      1110.46        1.89947300e+00        6.19752320e-07  50.0389  49.2059
0202-02-09_16:45:07.496000      1110.65        1.90985600e+00        6.77764729e-07  50.0389  49.2059
0202-02-09_16:45:07.700000      1110.85        1.91985300e+00        7.83624990e-07  50.0389  49.2059
0202-02-09_16:45:07.895000      1111.05        1.92927600e+00        8.65437369e-07  50.0389  49.2059
0202-02-09_16:45:08.094000      1111.25        1.93935900e+00        9.66773159e-07  50.0277  49.2048
0202-02-09_16:45:08.297000      1111.45        1.94928700e+00        1.08967767e-06  50.0277  49.2048
0202-02-09_16:45:08.490000      1111.64        1.95871800e+00        1.19665355e-06  50.0277  49.2048
0202-02-09_16:45:08.684000      1111.84        1.96932400e+00        1.30375340e-06  50.0277  49.2048
0202-02-09_16:45:08.887000      1112.04        1.97928300e+00        1.47717085e-06  50.0277  49.2048
0202-02-09_16:45:09.090000      1112.24        1.98856900e+00        1.62306959e-06  50.0137  49.2043
0202-02-09_16:45:09.293000      1112.45        1.99896400e+00        1.77243917e-06  50.0137  49.2043
0202-02-09_16:45:09.490000      1112.64        2.00885100e+00        1.98595708e-06  50.0137  49.2043
0202-02-09_16:45:09.680000      1112.83        2.01818400e+00        2.16228755e-06  50.0137  49.2043
0202-02-09_16:45:09.883000      1113.04        2.02891600e+00        2.34971197e-06  50.0137  49.2043
0202-02-09_16:45:10.090000      1113.24        2.03927800e+00        2.64119831e-06  50.0241  49.2000
0202-02-09_16:45:10.305000      1113.46        2.04861900e+00        2.95487308e-06  50.0241  49.2000
0202-02-09_16:45:10.496000      1113.65        2.05863300e+00        3.19590928e-06  50.0241  49.2000
0202-02-09_16:45:10.690000      1113.84        2.06837900e+00        3.45299834e-06  50.0241  49.2000
0202-02-09_16:45:10.895000      1114.05        2.07734600e+00        3.83832204e-06  50.0241  49.2000
0202-02-09_16:45:11.110000      1114.26        2.08858400e+00        4.16674898e-06  50.0144  49.2051
0202-02-09_16:45:11.324000      1114.48        2.09805400e+00        4.49548582e-06  50.0144  49.2051
0202-02-09_16:45:11.516000      1114.67        2.10841900e+00        4.97675307e-06  50.0144  49.2051
0202-02-09_16:45:11.707000      1114.86        2.11829400e+00        5.37688976e-06  50.0144  49.2051
0202-02-09_16:45:11.900000      1115.05        2.12839100e+00        5.82475031e-06  50.0144  49.2051
0202-02-09_16:45:12.100000      1115.26        2.13702300e+00        6.43691730e-06  50.0234  49.2078
0202-02-09_16:45:12.300000      1115.45        2.14814000e+00        7.89627582e-06  50.0234  49.2078
0202-02-09_16:45:12.496000      1115.65        2.15828100e+00        7.95311052e-06  50.0234  49.2078
0202-02-09_16:45:12.690000      1115.84        2.16715700e+00        8.21689332e-06  50.0234  49.2078
0202-02-09_16:45:12.895000      1116.05        2.17801300e+00        9.33096662e-06  50.0234  49.2078
0202-02-09_16:45:13.113000      1116.27        2.18806600e+00        1.07268585e-05  50.0282  49.2052