# Tc = 0.00 K, f23-step11
#datetime                        t_s     iHTS_A                vHTS_V                tHTS_K  tTAR_K
0202-11-01_11:27:46.610000      2221.37        1.69097900e-03        1.81233297e-06  77.7747  76.9763
0202-11-01_11:27:48.720000      2223.47        1.54983900e-03        1.79829492e-06  77.7866  76.9770
0202-11-01_11:27:50.816000      2225.57        1.84874100e-03        1.80495877e-06  77.8481  76.9868
0202-11-01_11:27:52.902000      2227.66        1.41270500e-03        1.81044447e-06  77.7916  76.9844
0202-11-01_11:27:55.004000      2229.76        1.61009400e-03        1.80824422e-06  77.7733  76.9773
0202-11-01_11:27:57.082000      2231.84        1.49722600e-03        1.80607422e-06  77.7521  76.9658
0202-11-01_11:27:59.190000      2233.95        1.55740800e-03        1.80610516e-06  77.8506  76.9717
0202-11-01_11:28:01.312000      2236.07        1.37679000e-03        1.80997879e-06  77.8332  76.9629
0202-11-01_11:28:03.402000      2238.16        1.34183900e-03        1.81066191e-06  77.8333  76.9834
0202-11-01_11:28:05.490000      2240.24        1.61655000e-03        1.80607553e-06  77.7688  76.9725
0202-11-01_11:28:07.586000      2242.34        1.50153000e-03        1.80787262e-06  77.8257  76.9692
0202-11-01_11:28:09.730000      2244.48        1.39779000e-03        1.80430864e-06  77.8205  76.9646
0202-11-01_11:28:11.836000      2246.59        1.45967800e-03        1.80991767e-06  77.7864  76.9435
0202-11-01_11:28:13.920000      2248.68        1.03603400e-03        1.80347162e-06  77.7920  76.9361
0202-11-01_11:28:16.010000      2250.77        1.06111500e-03        1.80985522e-06  77.7661  76.9223
0202-11-01_11:28:18.090000      2252.84        1.10682700e-03        1.80818181e-06  77.8121  76.9207
0202-11-01_11:28:20.260000      2255.02        1.46131000e-03        1.80158138e-06  77.7778  76.8960
0202-11-01_11:28:22.348000      2257.10        1.48906300e-03        1.80000099e-06  77.8092  76.8476
0202-11-01_11:28:24.420000      2259.18        1.59332300e-03        1.80331683e-06  77.7482  76.8324
0202-11-01_11:28:26.500000      2261.25        1.45381500e-03        1.80691050e-06  77.7727  76.8164
0202-11-01_11:28:28.598000      2263.35        1.52468200e-03        1.80347071e-06  77.7879  76.8161
0202-11-01_11:28:30.703000      2265.46        1.52164000e-03        1.80607385e-06  77.7929  76.7935
0202-11-01_11:28:32.810000      2267.56        1.54204700e-03        1.80347085e-06  77.7780  76.7784
0202-11-01_11:28:34.895000      2269.65        1.59503000e-03        1.80517526e-06  77.7637  76.7692
0202-11-01_11:28:36.980000      2271.73        1.79219600e-03        1.80464838e-06  77.7309  76.7473
0202-11-01_11:28:39.055000      2273.81        1.57625600e-03        1.80830506e-06  77.7604  76.7297
0202-11-01_11:28:41.160000      2275.92        1.76488800e-03        1.79910129e-06  77.7864  76.7141
0202-11-01_11:28:43.273000      2278.03        1.87842300e-03        1.80247990e-06  77.7318  76.7072
0202-11-01_11:28:45.360000      2280.12        1.76110300e-03        1.80647768e-06  77.6701  76.7109
0202-11-01_11:28:47.438000      2282.19        1.53714900e-03        1.80275901e-06  77.7043  76.6897
0202-11-01_11:28:49.523000      2284.28        1.74002900e-03        1.80619928e-06  77.7096  76.6751
0202-11-01_11:28:51.610000      2286.36        1.56319500e-03        1.80099309e-06  77.6711  76.6542
0202-11-01_11:28:53.773000      2288.53        1.37864500e-03        1.79761531e-06  77.6489  76.6431
0202-11-01_11:28:55.855000      2290.61        1.62560300e-03        1.80384430e-06  77.7269  76.6291
0202-11-01_11:28:57.940000      2292.70        1.63918300e-03        1.80117922e-06  77.6300  76.6055
0202-11-01_11:29:00.030000      2294.79        1.51310600e-03        1.79900979e-06  77.6298  76.5861
0202-11-01_11:29:02.105000      2296.86        1.68719400e-03        1.80145784e-06  77.5869  76.5630
0202-11-01_11:29:04.242000      2299.00        1.86588200e-03        1.80272841e-06  77.6441  76.5492
0202-11-01_11:29:06.344000      2301.10        1.69053300e-03        1.79829633e-06  77.5976  76.4912
0202-11-01_11:29:08.430000      2303.18        1.70018000e-03        1.80368821e-06  77.6018  76.4754
0202-11-01_11:29:10.516000      2305.27        1.75939700e-03        1.80263455e-06  77.5756  76.4499
0202-11-01_11:29:12.598000      2307.35        1.67257500e-03        1.80573256e-06  77.5969  76.4338
0202-11-01_11:29:14.720000      2309.47        1.80421700e-03        1.79773738e-06  77.5944  76.4187
0202-11-01_11:29:16.805000      2311.56        1.82781400e-03        1.80629037e-06  77.5540  76.4067
0202-11-01_11:29:18.890000      2313.65        1.55770400e-03        1.80291257e-06  77.4912  76.3768
0202-11-01_11:29:20.977000      2315.73        1.59799800e-03        1.79690068e-06  77.4846  76.3622
0202-11-01_11:29:23.055000      2317.81        1.44283300e-03        1.80095966e-06  77.4762  76.3437
0202-11-01_11:29:25.133000      2319.89        1.63755000e-03        1.79962668e-06  77.4999  76.3248
0202-11-01_11:29:27.260000      2322.02        1.35037200e-03        1.79956472e-06  77.5018  76.3065
0202-11-01_11:29:29.350000      2324.11        1.47726500e-03        1.79708580e-06  77.4480  76.3143
0202-11-01_11:29:31.438000      2326.19        1.53061900e-03        1.79934810e-06  77.4196  76.2923
0202-11-01_11:29:33.510000      2328.27        1.52030400e-03        1.79476173e-06  77.4421  76.2756
0202-11-01_11:29:35.590000      2330.34        1.58864800e-03        1.80288147e-06  77.4402  76.2585
0202-11-01_11:29:37.766000      2332.52        2.02030500e-03        1.79572304e-06  77.4183  76.2389
0202-11-01_11:29:39.844000      2334.60        1.83983600e-03        1.79494833e-06  77.3891  76.2134
0202-11-01_11:29:41.920000      2336.68        1.47926800e-03        1.79658997e-06  77.3734  76.1969
0202-11-01_11:29:44.008000      2338.76        1.78633300e-03        1.79575325e-06  77.3662  76.1796
0202-11-01_11:29:46.113000      2340.87        1.57670100e-03        1.79377041e-06  77.3377  76.1621
0202-11-01_11:29:48.260000      2343.02        1.50509200e-03        1.79113708e-06  77.3093  76.1358
0202-11-01_11:29:50.350000      2345.10        1.47118000e-03        1.79643622e-06  77.3098  76.0808
0202-11-01_11:29:52.426000      2347.18        1.47889800e-03        1.79513393e-06  77.2777  76.0593
0202-11-01_11:29:54.504000      2349.26        1.43392900e-03        1.79135280e-06  77.2871  76.0392
0202-11-01_11:29:56.590000      2351.34        1.76058400e-03        1.79398683e-06  77.2537  76.0227
0202-11-01_11:29:58.688000      2353.44        1.17131400e-03        1.79327404e-06  77.2244  75.9999
0202-11-01_11:30:00.805000      2355.56        1.55866900e-03        1.79485447e-06  77.2044  75.9801
0202-11-01_11:30:02.883000      2357.64        1.41842000e-03        1.79479248e-06  77.2348  75.9628
0202-11-01_11:30:04.970000      2359.73        1.90164900e-03        1.78943066e-06  77.1921  75.9439
0202-11-01_11:30:07.074000      2361.83        1.68274200e-03        1.79342826e-06  77.1492  75.9223
0202-11-01_11:30:09.215000      2363.97        1.71628300e-03        1.79516359e-06  77.1068  75.9009
0202-11-01_11:30:11.297000      2366.05        1.65558200e-03        1.78422417e-06  77.1297  75.8891
0202-11-01_11:30:13.387000      2368.14        1.48238500e-03        1.78930635e-06  77.1085  75.8927
0202-11-01_11:30:15.484000      2370.24        1.54041400e-03        1.79063920e-06  77.0880  75.8685
0202-11-01_11:30:17.562000      2372.32        1.52060100e-03        1.79265368e-06  77.0015  75.8440
0202-11-01_11:30:19.640000      2374.39        1.50167800e-03        1.79283963e-06  77.0800  75.8354
0202-11-01_11:30:21.770000      2376.52        1.71724700e-03        1.79129024e-06  77.0498  75.8188
0202-11-01_11:30:23.870000      2378.63        1.63621400e-03        1.78685883e-06  76.9883  75.7954
0202-11-01_11:30:25.950000      2380.70        1.49641000e-03        1.79104234e-06  76.9896  75.7774
0202-11-01_11:30:28.023000      2382.78        1.63628800e-03        1.79265498e-06  76.9481  75.7568
0202-11-01_11:30:30.110000      2384.87        1.59755300e-03        1.79225208e-06  77.0255  75.7415
0202-11-01_11:30:32.273000      2387.03        1.94194400e-03        1.79057865e-06  76.9821  75.7224
0202-11-01_11:30:34.350000      2389.10        1.68504200e-03        1.78636396e-06  76.9198  75.6601
0202-11-01_11:30:36.450000      2391.21        1.67702800e-03        1.78844021e-06  76.8891  75.6374
0202-11-01_11:30:38.527000      2393.28        2.06126700e-03        1.78785246e-06  76.8565  75.6187
0202-11-01_11:30:40.600000      2395.36        2.03648200e-03        1.78794620e-06  76.8754  75.6038
0202-11-01_11:30:42.684000      2397.44        2.12352600e-03        1.78292596e-06  76.8666  75.5884
0202-11-01_11:30:44.793000      2399.55        2.26503800e-03        1.77883550e-06  76.8486  75.5694
0202-11-01_11:30:46.867000      2401.62        1.53091600e-03        1.78478548e-06  76.7888  75.5467
0202-11-01_11:30:48.953000      2403.71        1.37537900e-03        1.78456853e-06  76.8015  75.5285
0202-11-01_11:30:51.043000      2405.80        1.80384600e-03        1.78230768e-06  76.7940  75.5154
0202-11-01_11:30:53.120000      2407.87        1.90476700e-03        1.78698722e-06  76.7642  75.4927
0202-11-01_11:30:55.254000      2410.01        1.85156100e-03        1.78255577e-06  76.7264  75.4704
0202-11-01_11:30:57.344000      2412.10        1.71249800e-03        1.78023081e-06  76.7352  75.4782
0202-11-01_11:30:59.420000      2414.18        1.88473100e-03        1.77868138e-06  76.7517  75.4601
0202-11-01_11:31:01.500000      2416.25        1.80495900e-03        1.77992038e-06  76.7345  75.4401
0202-11-01_11:31:03.586000      2418.34        1.76088100e-03        1.78047706e-06  76.6098  75.4188
0202-11-01_11:31:05.742000      2420.50        1.91589700e-03        1.77644849e-06  76.6385  75.4019
0202-11-01_11:31:07.832000      2422.59        1.65469200e-03        1.78047665e-06  76.6381  75.3882
0202-11-01_11:31:09.920000      2424.68        1.51533300e-03        1.78236674e-06  76.6237  75.3682
0202-11-01_11:31:12.023000      2426.78        1.70441000e-03        1.78298647e-06  76.6274  75.3539
0202-11-01_11:31:14.100000      2428.86        1.77297600e-03        1.77632273e-06  76.5629  75.3297
0202-11-01_11:31:16.266000      2431.02        1.71695100e-03        1.78016510e-06  76.5516  75.3123
0202-11-01_11:31:18.344000      2433.10        1.78870800e-03        1.78072289e-06  76.5160  75.2526
0202-11-01_11:31:20.434000      2435.19        1.30829800e-03        1.78125066e-06  76.5079  75.2311
0202-11-01_11:31:22.530000      2437.29        1.57135800e-03        1.77917436e-06  76.4875  75.2162
0202-11-01_11:31:24.617000      2439.37        1.48424000e-03        1.78221123e-06  76.4242  75.2000
0202-11-01_11:31:26.770000      2441.53        1.53477500e-03        1.77567240e-06  76.4741  75.1864
0202-11-01_11:31:28.855000      2443.61        1.68318700e-03        1.77322424e-06  76.4309  75.1670
0202-11-01_11:31:30.957000      2445.71        1.85415800e-03        1.78280024e-06  76.3728  75.1408
0202-11-01_11:31:33.035000      2447.79        1.54375400e-03        1.78025930e-06  76.3788  75.1301
0202-11-01_11:31:35.113000      2449.87        1.68645200e-03        1.77861686e-06  76.3956  75.1145
0202-11-01_11:31:37.260000      2452.02        1.69498600e-03        1.77774845e-06  76.4239  75.0972
0202-11-01_11:31:39.340000      2454.09        1.58679300e-03        1.77898769e-06  76.3245  75.0989
0202-11-01_11:31:41.438000      2456.19        1.54776100e-03        1.77526900e-06  76.3084  75.0844
0202-11-01_11:31:43.516000      2458.27        1.25835800e-03        1.77077505e-06  76.3106  75.0670
0202-11-01_11:31:45.600000      2460.36        1.31749900e-03        1.77666297e-06  76.2846  75.0477
0202-11-01_11:31:47.720000      2462.48        1.72370300e-03        1.77846032e-06  76.2577  75.0326
0202-11-01_11:31:49.820000      2464.58        1.41278000e-03        1.77347203e-06  76.2423  75.0147
0202-11-01_11:31:51.906000      2466.66        1.39868000e-03        1.77598210e-06  76.2431  74.9968
0202-11-01_11:31:54.004000      2468.76        1.57551400e-03        1.76708831e-06  76.2101  74.9804
0202-11-01_11:31:56.082000      2470.84        2.00598400e-03        1.77406091e-06  76.2018  74.9690
0202-11-01_11:31:58.254000      2473.01        1.80904100e-03        1.76832793e-06  76.1899  74.9416
0202-11-01_11:32:00.332000      2475.09        1.78418100e-03        1.77753242e-06  76.1314  74.8849
0202-11-01_11:32:02.418000      2477.17        1.66018300e-03        1.77694397e-06  76.1167  74.8667
0202-11-01_11:32:04.508000      2479.26        1.46145900e-03        1.76987848e-06  76.1147  74.8517
0202-11-01_11:32:06.594000      2481.35        1.67220400e-03        1.77204724e-06  76.1515  74.8429
0202-11-01_11:32:08.750000      2483.50        1.69817600e-03        1.76563248e-06  76.0927  74.8177
0202-11-01_11:32:10.840000      2485.59        1.43682200e-03        1.77375163e-06  76.0633  74.8001
0202-11-01_11:32:12.918000      2487.67        1.67257500e-03        1.76659219e-06  76.0613  74.7861
0202-11-01_11:32:14.992000      2489.75        1.50486900e-03        1.76625129e-06  76.0583  74.7718
0202-11-01_11:32:17.080000      2491.83        2.13881300e-03        1.76931900e-06  76.0226  74.7493
0202-11-01_11:32:19.230000      2493.98        1.93637800e-03        1.76863698e-06  75.9364  74.7277
0202-11-01_11:32:21.320000      2496.07        1.84562400e-03        1.76944269e-06  75.9816  74.7430
0202-11-01_11:32:23.400000      2498.15        1.69045900e-03        1.77449279e-06  75.9640  74.7206
0202-11-01_11:32:25.477000      2500.23        1.84851800e-03        1.76513354e-06  75.9380  74.7091
0202-11-01_11:32:27.562000      2502.32        2.11046600e-03        1.76643508e-06  75.9340  74.6932
0202-11-01_11:32:29.660000      2504.41        1.82744400e-03        1.76646624e-06  75.8914  74.6754
0202-11-01_11:32:31.790000      2506.54        2.13243100e-03        1.76922427e-06  75.8958  74.6578
0202-11-01_11:32:33.875000      2508.63        1.79093400e-03        1.76451392e-06  75.8688  74.6345
0202-11-01_11:32:35.970000      2510.72        2.00605800e-03        1.76296482e-06  75.8182  74.6168
0202-11-01_11:32:38.070000      2512.83        1.80236200e-03        1.76219009e-06  75.7605  74.6020
0202-11-01_11:32:40.188000      2514.94        1.79464500e-03        1.76203482e-06  75.8337  74.5926
0202-11-01_11:32:42.297000      2517.05        1.84132000e-03        1.76169304e-06  75.8041  74.5753
0202-11-01_11:32:44.400000      2519.15        1.97429800e-03        1.76736405e-06  75.7584  74.5175
0202-11-01_11:32:46.490000      2521.24        1.84020700e-03        1.76082643e-06  75.7493  74.4991
0202-11-01_11:32:48.562000      2523.32        1.90239200e-03        1.76082692e-06  75.6849  74.4762
0202-11-01_11:32:50.650000      2525.40        1.71517000e-03        1.76364692e-06  75.7212  74.4666
0202-11-01_11:32:52.758000      2527.51        1.82870500e-03        1.75965042e-06  75.6511  74.4496
0202-11-01_11:32:54.844000      2529.60        2.00516800e-03        1.75624191e-06  75.6652  74.4292
0202-11-01_11:32:56.934000      2531.69        1.82692400e-03        1.75602499e-06  75.6754  74.4170
0202-11-01_11:32:59.008000      2533.76        1.78232600e-03        1.75645872e-06  75.6856  74.4060
0202-11-01_11:33:01.086000      2535.84        1.86350800e-03        1.75630376e-06  75.6277  74.3864
0202-11-01_11:33:03.190000      2537.95        1.75516700e-03        1.76389606e-06  75.5923  74.3653
0202-11-01_11:33:05.300000      2540.05        1.58078200e-03        1.76138765e-06  75.6179  74.3518
0202-11-01_11:33:07.400000      2542.15        1.60022400e-03        1.75751400e-06  75.5607  74.3578
0202-11-01_11:33:09.490000      2544.24        1.54019100e-03        1.75946584e-06  75.5505  74.3430
0202-11-01_11:33:11.566000      2546.32        1.61528800e-03        1.75373260e-06  75.5249  74.3240
0202-11-01_11:33:13.640000      2548.40        1.95975400e-03        1.75549900e-06  75.5129  74.3026
0202-11-01_11:33:15.766000      2550.52        1.88599300e-03        1.75308055e-06  75.4991  74.2915
0202-11-01_11:33:17.840000      2552.60        1.48557500e-03        1.76008350e-06  75.4978  74.2766
0202-11-01_11:33:19.926000      2554.68        1.39103700e-03        1.75552809e-06  75.4576  74.2620
0202-11-01_11:33:22.016000      2556.77        1.80495900e-03        1.75453649e-06  75.4533  74.2423
0202-11-01_11:33:24.094000      2558.85        1.78388500e-03        1.75407166e-06  75.3973  74.2233
0202-11-01_11:33:26.210000      2560.96        1.54805700e-03        1.75549716e-06  75.4087  74.2092
0202-11-01_11:33:28.285000      2563.04        1.67405900e-03        1.75689098e-06  75.4139  74.1565
0202-11-01_11:33:30.370000      2565.13        1.42873400e-03        1.75503160e-06  75.3909  74.1337
0202-11-01_11:33:32.460000      2567.22        1.68088600e-03        1.75338934e-06  75.3363  74.1186
0202-11-01_11:33:34.547000      2569.30        1.42205500e-03        1.75825487e-06  75.3209  74.0986
0202-11-01_11:33:36.650000      2571.40        1.13346700e-03        1.76060999e-06  75.3654  74.0865
0202-11-01_11:33:38.770000      2573.53        1.87894300e-03        1.74991947e-06  75.3077  74.0720
0202-11-01_11:33:40.863000      2575.62        1.69424300e-03        1.75221298e-06  75.3055  74.0566
0202-11-01_11:33:42.938000      2577.69        1.53069300e-03        1.74806048e-06  75.2297  74.0326
0202-11-01_11:33:45.035000      2579.79        1.37656700e-03        1.75478541e-06  75.2372  74.0170
0202-11-01_11:33:47.113000      2581.87        1.46487200e-03        1.75208938e-06  75.2718  74.0041
0202-11-01_11:33:49.240000      2583.99        1.23832100e-03        1.75543617e-06  75.2244  73.9881
0202-11-01_11:33:51.324000      2586.08        1.44439100e-03        1.75215200e-06  75.1435  73.9835
0202-11-01_11:33:53.420000      2588.18        1.34050300e-03        1.75224498e-06  75.1621  73.9760
0202-11-01_11:33:55.508000      2590.26        1.61269100e-03        1.74418772e-06  75.1588  73.9608
0202-11-01_11:33:57.590000      2592.34        1.53804000e-03        1.75125262e-06  75.1339  73.9457
0202-11-01_11:33:59.707000      2594.46        1.44031000e-03        1.74666623e-06  75.0799  73.9235
0202-11-01_11:34:01.793000      2596.55        1.48898900e-03        1.74598371e-06  75.1216  73.9107
0202-11-01_11:34:03.870000      2598.62        1.52282700e-03        1.74651019e-06  75.1295  73.8994
0202-11-01_11:34:05.965000      2600.72        1.22696700e-03        1.75199530e-06  75.0937  73.8784
0202-11-01_11:34:08.055000      2602.81        1.52067500e-03        1.74359727e-06  75.0090  73.8534
0202-11-01_11:34:10.133000      2604.89        1.08360000e-03        1.75001200e-06  75.0268  73.8447
0202-11-01_11:34:12.266000      2607.02        1.68021900e-03        1.74331835e-06  75.0114  73.8261
0202-11-01_11:34:14.367000      2609.12        1.53551600e-03        1.74207823e-06  75.0150  73.7729
0202-11-01_11:34:16.440000      2611.20        1.92606400e-03        1.73783269e-06  74.9691  73.7571
0202-11-01_11:34:18.520000      2613.27        1.69083000e-03        1.73928915e-06  74.9313  73.7358
0202-11-01_11:34:20.598000      2615.35        1.81200900e-03        1.74142772e-06  74.9527  73.7195
0202-11-01_11:34:22.770000      2617.52        1.76770800e-03        1.74148967e-06  74.9169  73.7003
0202-11-01_11:34:24.848000      2619.60        1.71546700e-03        1.74118062e-06  74.9097  73.6862
0202-11-01_11:34:26.926000      2621.68        1.84339800e-03        1.74291683e-06  74.8746  73.6627
0202-11-01_11:34:29.020000      2623.78        1.86684700e-03        1.73935308e-06  74.8681  73.6491
0202-11-01_11:34:31.098000      2625.85        1.76355200e-03        1.74297875e-06  74.8559  73.6366
0202-11-01_11:34:33.280000      2628.03        1.45567100e-03        1.74459019e-06  74.8548  73.6203
0202-11-01_11:34:35.355000      2630.11        1.62233800e-03        1.74108840e-06  74.8031  73.6222
0202-11-01_11:34:37.434000      2632.19        1.66537700e-03        1.73873370e-06  74.7888  73.6084
0202-11-01_11:34:39.520000      2634.28        1.44988300e-03        1.73405441e-06  74.7817  73.5976
0202-11-01_11:34:41.620000      2636.38        1.51392300e-03        1.73637859e-06  74.7230  73.5711
0202-11-01_11:34:43.750000      2638.50        1.36224500e-03        1.73321856e-06  74.7770  73.5647
0202-11-01_11:34:45.830000      2640.58        1.68563600e-03        1.73315659e-06  74.7257  73.5383
0202-11-01_11:34:47.906000      2642.66        1.44060700e-03        1.73600770e-06  74.6894  73.5231
0202-11-01_11:34:49.984000      2644.74        1.51132500e-03        1.73070881e-06  74.6879  73.5032
0202-11-01_11:34:52.082000      2646.84        1.18667300e-03        1.73430356e-06  74.6804  73.4889
0202-11-01_11:34:54.188000      2648.94        1.38235500e-03        1.73606901e-06  74.6770  73.4763
0202-11-01_11:34:56.277000      2651.03        1.36729100e-03        1.73495303e-06  74.5813  73.4116
0202-11-01_11:34:58.355000      2653.11        1.49841300e-03        1.72801145e-06  74.6324  73.4058
0202-11-01_11:35:00.434000      2655.19        1.50909900e-03        1.72881710e-06  74.6237  73.3877
0202-11-01_11:35:02.510000      2657.27        1.50717000e-03        1.72949885e-06  74.5713  73.3707
0202-11-01_11:35:04.610000      2659.36        1.60348900e-03        1.72965382e-06  74.5353  73.3437
0202-11-01_11:35:06.700000      2661.45        1.45886200e-03        1.73315481e-06  74.4844  73.3264
0202-11-01_11:35:08.800000      2663.56        1.58768400e-03        1.73135746e-06  74.5155  73.3127
0202-11-01_11:35:10.880000      2665.63        1.65498900e-03        1.72844447e-06  74.5374  73.3036
0202-11-01_11:35:12.965000      2667.72        1.45374100e-03        1.72990130e-06  74.5361  73.2845
0202-11-01_11:35:15.066000      2669.82        1.70708100e-03        1.72667844e-06  74.4557  73.2629
0202-11-01_11:35:17.156000      2671.91        1.87953600e-03        1.72863104e-06  74.4462  73.2490
0202-11-01_11:35:19.266000      2674.02        1.40009000e-03        1.72010926e-06  74.4226  73.2329
0202-11-01_11:35:21.340000      2676.10        1.85564200e-03        1.72463371e-06  74.4088  73.2424
0202-11-01_11:35:23.426000      2678.18        2.11603200e-03        1.72333203e-06  74.4067  73.2224
0202-11-01_11:35:25.510000      2680.27        2.00620700e-03        1.72481947e-06  74.3841  73.2055
0202-11-01_11:35:27.590000      2682.35        1.83390000e-03        1.72736054e-06  74.3986  73.1891
0202-11-01_11:35:29.676000      2684.43        1.89942400e-03        1.71567826e-06  74.3730  73.1768
0202-11-01_11:35:31.766000      2686.52        1.51288300e-03        1.72565683e-06  74.3370  73.1544
0202-11-01_11:35:33.855000      2688.61        1.69684100e-03        1.73036715e-06  74.3304  73.1370
0202-11-01_11:35:35.934000      2690.69        1.57172900e-03        1.72531465e-06  74.3273  73.1212
0202-11-01_11:35:38.035000      2692.79        1.61714300e-03        1.76516648e-06  74.3386  73.1094
0202-11-01_11:35:40.110000      2694.87        1.63153900e-03        1.72906449e-06  74.2730  73.0939
0202-11-01_11:35:42.250000      2697.00        1.75620600e-03        1.71927306e-06  74.2248  73.0727
0202-11-01_11:35:44.350000      2699.11        1.86707000e-03        1.72286782e-06  74.2124  73.0189
0202-11-01_11:35:46.426000      2701.18        1.73490900e-03        1.71673229e-06  74.1865  72.9974
0202-11-01_11:35:48.516000      2703.27        1.55547800e-03        1.71781703e-06  74.1906  72.9818
0202-11-01_11:35:50.600000      2705.36        1.74693000e-03        1.71945946e-06  74.1730  72.9677
0202-11-01_11:35:52.727000      2707.48        2.04130600e-03        1.71623582e-06  74.1743  72.9528
0202-11-01_11:35:54.816000      2709.57        1.92918000e-03        1.72023325e-06  74.1600  72.9363
0202-11-01_11:35:56.890000      2711.65        2.00835800e-03        1.71502709e-06  74.1346  72.9199
0202-11-01_11:35:58.970000      2713.72        1.88762500e-03        1.71651410e-06  74.1208  72.9008
0202-11-01_11:36:01.066000      2715.82        1.66396700e-03        1.71561544e-06  74.1044  72.8848
0202-11-01_11:36:03.160000      2717.91        1.78574000e-03        1.71539848e-06  74.0423  72.8708
0202-11-01_11:36:05.277000      2720.03        1.48498200e-03        1.71205119e-06  74.0953  72.8558
0202-11-01_11:36:07.355000      2722.11        1.94172100e-03        1.71772219e-06  74.0717  72.8609
0202-11-01_11:36:09.440000      2724.20        1.69535700e-03        1.71518057e-06  74.0374  72.8455
0202-11-01_11:36:11.530000      2726.29        1.71487300e-03        1.71434358e-06  73.9834  72.8241
0202-11-01_11:36:13.605000      2728.36        1.92873500e-03        1.71688467e-06  74.0013  72.8116
0202-11-01_11:36:15.727000      2730.48        1.40610100e-03        1.71598630e-06  73.9804  72.7916
0202-11-01_11:36:17.812000      2732.57        1.32158000e-03        1.71220576e-06  73.9871  72.7821
0202-11-01_11:36:19.910000      2734.66        1.50620500e-03        1.71078027e-06  73.8765  72.7537
0202-11-01_11:36:22             2736.75        1.81238000e-03        1.71291960e-06  73.9129  72.7430
0202-11-01_11:36:24.074000      2738.83        1.68467100e-03        1.71183505e-06  73.9172  72.7339
0202-11-01_11:36:26.190000      2740.95        1.60393500e-03        1.70780643e-06  73.8997  72.7127
0202-11-01_11:36:28.300000      2743.06        1.29115600e-03        1.70573043e-06  73.8830  72.6984
0202-11-01_11:36:30.390000      2745.14        1.68548700e-03        1.70067923e-06  73.8116  72.6414
0202-11-01_11:36:32.480000      2747.24        1.73765400e-03        1.69959469e-06  73.8209  72.6225
0202-11-01_11:36:34.560000      2749.31        1.52253100e-03        1.69838618e-06  73.8450  72.6110
0202-11-01_11:36:36.656000      2751.41        1.74440700e-03        1.70105124e-06  73.7785  72.5861
0202-11-01_11:36:38.793000      2753.55        1.77972900e-03        1.69965723e-06  73.7707  72.5685
0202-11-01_11:36:40.870000      2755.62        1.70478100e-03        1.69420332e-06  73.7700  72.5571
0202-11-01_11:36:42.957000      2757.71        1.49915500e-03        1.69392442e-06  73.7339  72.5342
0202-11-01_11:36:45.055000      2759.81        1.62953600e-03        1.69919220e-06  73.7525  72.5248
0202-11-01_11:36:47.133000      2761.89        1.85920400e-03        1.69497766e-06  73.6726  72.5066
0202-11-01_11:36:49.254000      2764.01        1.50887600e-03        1.69621723e-06  73.6766  72.4900
0202-11-01_11:36:51.344000      2766.10        1.69498600e-03        1.69572084e-06  73.6285  72.4912
0202-11-01_11:36:53.430000      2768.18        1.47273800e-03        1.69389246e-06  73.6331  72.4792
0202-11-01_11:36:55.508000      2770.26        1.93021900e-03        1.69026703e-06  73.6361  72.4684
0202-11-01_11:36:57.586000      2772.34        1.65654700e-03        1.69110442e-06  73.6161  72.4475
0202-11-01_11:36:59.703000      2774.46        1.90677000e-03        1.68692081e-06  73.5850  72.4292
0202-11-01_11:37:01.800000      2776.56        1.77750300e-03        1.68753896e-06  73.5663  72.4114
0202-11-01_11:37:03.890000      2778.65        1.72162600e-03        1.68859205e-06  73.5497  72.3946
0202-11-01_11:37:05.970000      2780.72        1.96390900e-03        1.68958372e-06  73.5486  72.3788
0202-11-01_11:37:08.047000      2782.80        1.73424100e-03        1.68887127e-06  73.5243  72.3596
0202-11-01_11:37:10.140000      2784.90        1.67576600e-03        1.69200128e-06  73.4831  72.3394
0202-11-01_11:37:12.293000      2787.05        1.55006100e-03        1.69091667e-06  73.4751  72.3254
0202-11-01_11:37:14.387000      2789.14        1.86810900e-03        1.68521456e-06  73.4872  72.2746
0202-11-01_11:37:16.465000      2791.22        1.80777900e-03        1.68158883e-06  73.4019  72.2509
0202-11-01_11:37:18.547000      2793.30        1.47377700e-03        1.68983188e-06  73.4200  72.2339
0202-11-01_11:37:20.633000      2795.39        1.65862500e-03        1.68502788e-06  73.4005  72.2238
0202-11-01_11:37:22.777000      2797.53        1.84747900e-03        1.69162851e-06  73.3807  72.2029
0202-11-01_11:37:24.855000      2799.61        1.95626500e-03        1.68580384e-06  73.3789  72.1915
0202-11-01_11:37:26.934000      2801.69        1.95708100e-03        1.68478162e-06  73.3861  72.1747
0202-11-01_11:37:29.020000      2803.77        1.65157500e-03        1.68382097e-06  73.3416  72.1567
0202-11-01_11:37:31.113000      2805.87        1.74292300e-03        1.68589648e-06  73.3580  72.1419
0202-11-01_11:37:33.234000      2807.99        2.07254600e-03        1.68072107e-06  73.3811  72.1283
0202-11-01_11:37:35.324000      2810.08        1.79204700e-03        1.68447074e-06  73.2843  72.1299
0202-11-01_11:37:37.420000      2812.18        1.85356400e-03        1.68425363e-06  73.2319  72.1081
0202-11-01_11:37:39.500000      2814.25        1.97741400e-03        1.67901649e-06  73.2710  72.0952
0202-11-01_11:37:41.574000      2816.33        1.73305300e-03        1.67845865e-06  73.2237  72.0801
0202-11-01_11:37:43.652000      2818.41        2.03195500e-03        1.68230069e-06  73.1558  72.0557
0202-11-01_11:37:45.777000      2820.53        1.74507500e-03        1.67864398e-06  73.1722  72.0453
0202-11-01_11:37:47.863000      2822.62        1.86684700e-03        1.68062678e-06  73.2403  72.0317
0202-11-01_11:37:49.960000      2824.72        1.84295300e-03        1.68214462e-06  73.1736  72.0092
0202-11-01_11:37:52.047000      2826.80        1.83204400e-03        1.68793952e-06  73.1251  71.9901
0202-11-01_11:37:54.160000      2828.91        1.89831000e-03        1.67988248e-06  73.1083  71.9756
0202-11-01_11:37:56.273000      2831.03        1.96465100e-03        1.67532713e-06  73.1018  71.9634
0202-11-01_11:37:58.370000      2833.12        2.22281400e-03        1.67681463e-06  73.0805  71.9057
0202-11-01_11:38:00.460000      2835.21        2.03136200e-03        1.67783709e-06  73.0642  71.8886
0202-11-01_11:38:02.547000      2837.30        1.57254500e-03        1.67241398e-06  73.0568  71.8735
0202-11-01_11:38:04.650000      2839.40        2.00034400e-03        1.67923155e-06  73.0376  71.8562
0202-11-01_11:38:06.766000      2841.52        1.75687400e-03        1.67399561e-06  73.0435  71.8431
0202-11-01_11:38:08.844000      2843.60        1.75605700e-03        1.66968813e-06  73.0035  71.8210
0202-11-01_11:38:10.918000      2845.67        1.68667500e-03        1.67272540e-06  72.9717  71.8065
0202-11-01_11:38:12.996000      2847.75        1.62077900e-03        1.66919345e-06  72.9671  71.7869
0202-11-01_11:38:15.086000      2849.84        1.79271500e-03        1.66662137e-06  72.9755  71.7713
0202-11-01_11:38:17.254000      2852.01        1.90543400e-03        1.67164222e-06  72.9302  71.7522
0202-11-01_11:38:19.348000      2854.10        1.48372100e-03        1.67204526e-06  72.9199  71.7639
0202-11-01_11:38:21.426000      2856.18        1.67131400e-03        1.66987602e-06  72.8963  71.7457
0202-11-01_11:38:23.510000      2858.27        1.47689300e-03        1.66755218e-06  72.8489  71.7279
0202-11-01_11:38:25.613000      2860.37        1.40031300e-03        1.66637468e-06  72.8555  71.7087
0202-11-01_11:38:27.740000      2862.49        1.62048300e-03        1.66463930e-06  72.8770  71.6974
0202-11-01_11:38:29.820000      2864.58        1.36105800e-03        1.66609573e-06  72.8008  71.6732
0202-11-01_11:38:31.918000      2866.67        1.72407400e-03        1.66522805e-06  72.7757  71.6524
0202-11-01_11:38:34.004000      2868.76        1.34399000e-03        1.65983599e-06  72.7909  71.6406
0202-11-01_11:38:36.082000      2870.84        1.31586600e-03        1.65779113e-06  72.7959  71.6252
0202-11-01_11:38:38.203000      2872.96        1.20515000e-03        1.65428936e-06  72.7818  71.6136
0202-11-01_11:38:40.330000      2875.08        1.55926200e-03        1.65342114e-06  72.7446  71.5919
0202-11-01_11:38:42.430000      2877.19        1.55243500e-03        1.65326605e-06  72.6820  71.5291
0202-11-01_11:38:44.510000      2879.26        1.30748100e-03        1.65233640e-06  72.6932  71.5174
0202-11-01_11:38:46.586000      2881.34        1.67086900e-03        1.65230406e-06  72.6964  71.5034
0202-11-01_11:38:48.710000      2883.46        1.68511600e-03        1.65642521e-06  72.6561  71.4864
0202-11-01_11:38:50.816000      2885.57        1.60527000e-03        1.64805817e-06  72.6523  71.4738
0202-11-01_11:38:52.902000      2887.66        1.64534200e-03        1.65059884e-06  72.6381  71.4527
0202-11-01_11:38:54.980000      2889.74        1.60675500e-03        1.64923534e-06  72.6041  71.4352
0202-11-01_11:38:57.060000      2891.81        1.47719100e-03        1.64498981e-06  72.5707  71.4150
0202-11-01_11:38:59.145000      2893.90        1.23498300e-03        1.64443228e-06  72.5748  71.4001
0202-11-01_11:39:01.270000      2896.02        1.30058100e-03        1.64787205e-06  72.5372  71.3852
0202-11-01_11:39:03.360000      2898.11        1.19891800e-03        1.64505241e-06  72.5189  71.3942
0202-11-01_11:39:05.438000      2900.19        1.54457000e-03        1.63798714e-06  72.5332  71.3796
0202-11-01_11:39:07.530000      2902.29        1.38844000e-03        1.64588937e-06  72.5499  71.3635
0202-11-01_11:39:09.620000      2904.37        1.00294000e-03        1.64195504e-06  72.4801  71.3419
0202-11-01_11:39:11.730000      2906.48        1.39155700e-03        1.63442509e-06  72.4923  71.3318
0202-11-01_11:39:13.812000      2908.57        1.30421600e-03        1.63501391e-06  72.4945  71.3154
0202-11-01_11:39:15.890000      2910.64        1.56497700e-03        1.63600497e-06  72.4280  71.2920
0202-11-01_11:39:17.977000      2912.73        1.48617000e-03        1.63315388e-06  72.4040  71.2728
0202-11-01_11:39:20.062000      2914.82        1.25798600e-03        1.62590242e-06  72.3754  71.2535
0202-11-01_11:39:22.150000      2916.90        1.48260800e-03        1.62754424e-06  72.3561  71.2396
0202-11-01_11:39:24.266000      2919.02        1.49804300e-03        1.62872182e-06  72.3661  71.1830
0202-11-01_11:39:26.367000      2921.12        1.48038100e-03        1.62280286e-06  72.3183  71.1689
0202-11-01_11:39:28.450000      2923.21        1.70982700e-03        1.62178008e-06  72.3259  71.1530
0202-11-01_11:39:30.550000      2925.31        1.79553500e-03        1.62032362e-06  72.3114  71.1379
0202-11-01_11:39:32.640000      2927.39        1.67947700e-03        1.61737961e-06  72.3155  71.1229
0202-11-01_11:39:34.734000      2929.49        1.62701300e-03        1.61263828e-06  72.3019  71.1013
0202-11-01_11:39:36.824000      2931.58        1.53151000e-03        1.61868116e-06  72.2377  71.0858
0202-11-01_11:39:38.910000      2933.67        1.34866600e-03        1.60857925e-06  72.2778  71.0744
0202-11-01_11:39:41.010000      2935.77        1.25813500e-03        1.61313473e-06  72.2540  71.0541
0202-11-01_11:39:43.090000      2937.85        1.37894200e-03        1.61136832e-06  72.2418  71.0395
0202-11-01_11:39:45.246000      2940.00        1.51488700e-03        1.61025226e-06  72.2047  71.0213
0202-11-01_11:39:47.340000      2942.09        1.67858600e-03        1.60591378e-06  72.1621  71.0203
0202-11-01_11:39:49.426000      2944.18        1.40038700e-03        1.60005679e-06  72.1863  71.0075
0202-11-01_11:39:51.520000      2946.28        1.29976400e-03        1.60067623e-06  72.1079  70.9851
0202-11-01_11:39:53.600000      2948.35        1.48090100e-03        1.59798019e-06  72.0889  70.9726
0202-11-01_11:39:55.740000      2950.49        8.72633100e-04        1.59658572e-06  72.0717  70.9553
0202-11-01_11:39:57.840000      2952.59        1.34332300e-03        1.62803957e-06  72.0989  70.9427
0202-11-01_11:39:59.918000      2954.67        1.32662600e-03        1.59500517e-06  72.0434  70.9209
0202-11-01_11:40:01.992000      2956.75        1.12426600e-03        1.58874526e-06  72.0559  70.9109
0202-11-01_11:40:04.080000      2958.83        1.15209300e-03        1.58837336e-06  71.9868  70.8883
0202-11-01_11:40:06.246000      2961.00        1.38487800e-03        1.57885972e-06  71.9811  70.8752
0202-11-01_11:40:08.324000      2963.08        1.95366800e-03        1.58809463e-06  71.9878  70.8271
0202-11-01_11:40:10.410000      2965.17        2.18964400e-03        1.58508864e-06  72.0960  70.8187
0202-11-01_11:40:12.500000      2967.25        2.62902000e-03        1.57439743e-06  71.9137  70.7969
0202-11-01_11:40:14.586000      2969.34        2.86700000e-03        1.57793031e-06  71.8974  70.7863
0202-11-01_11:40:16.700000      2971.46        3.02031000e-03        1.57399469e-06  71.9049  70.7694
0202-11-01_11:40:18.785000      2973.54        2.50338900e-03        1.56717709e-06  71.8545  70.7483
0202-11-01_11:40:20.863000      2975.62        2.92710700e-03        1.56531776e-06  71.8855  70.7343
0202-11-01_11:40:22.960000      2977.71        2.94981300e-03        1.55292215e-06  71.8667  70.7154
0202-11-01_11:40:25.050000      2979.81        3.12583000e-03        1.56361399e-06  71.8268  70.6939
0202-11-01_11:40:27.125000      2981.88        2.57039700e-03        1.55196223e-06  71.8800  70.6805
0202-11-01_11:40:29.240000      2983.99        2.75227600e-03        1.54839849e-06  71.8423  70.6638
0202-11-01_11:40:31.344000      2986.10        2.80065800e-03        1.53879181e-06  71.7711  70.6739
0202-11-01_11:40:33.420000      2988.18        3.14215500e-03        1.53274894e-06  71.8250  70.6616
0202-11-01_11:40:35.496000      2990.25        2.99708200e-03        1.53225311e-06  71.7709  70.6381
0202-11-01_11:40:37.582000      2992.34        2.65632700e-03        1.52537361e-06  71.7193  70.6255
0202-11-01_11:40:39.703000      2994.46        2.86722100e-03        1.52667516e-06  71.6671  70.5971
0202-11-01_11:40:41.797000      2996.55        2.74003100e-03        1.51672752e-06  71.7288  70.5839
0202-11-01_11:40:43.883000      2998.64        3.05570300e-03        1.51170709e-06  71.7844  70.5793
0202-11-01_11:40:45.980000      3000.74        2.68793800e-03        1.50247232e-06  71.7981  70.5566
0202-11-01_11:40:48.060000      3002.81        2.85668200e-03        1.49258619e-06  71.7289  70.5482
0202-11-01_11:40:50.190000      3004.94        3.02772700e-03        1.49202824e-06  71.6783  70.5155
0202-11-01_11:40:52.305000      3007.06        2.74247900e-03        1.48437397e-06  71.7139  70.4987
0202-11-01_11:40:54.383000      3009.14        2.85764700e-03        1.48127471e-06  71.7298  70.4477
0202-11-01_11:40:56.470000      3011.22        2.70715700e-03        1.47464300e-06  71.6306  70.4253
0202-11-01_11:40:58.560000      3013.31        2.57892900e-03        1.46605907e-06  71.5424  70.3987
0202-11-01_11:41:00.637000      3015.39        2.85586700e-03        1.45939695e-06  71.5303  70.3911
0202-11-01_11:41:02.766000      3017.52        2.64809000e-03        1.45443869e-06  71.4935  70.3678
0202-11-01_11:41:04.850000      3019.61        2.58145200e-03        1.45208357e-06  71.3813  70.3410
0202-11-01_11:41:06.950000      3021.70        2.55169500e-03        1.44703264e-06  71.4524  70.3474
0202-11-01_11:41:09.027000      3023.78        2.37211600e-03        1.44309704e-06  71.4345  70.3210
0202-11-01_11:41:11.100000      3025.86        2.59065400e-03        1.43671299e-06  71.4444  70.3085
0202-11-01_11:41:13.250000      3028.01        2.49915800e-03        1.42964747e-06  71.4344  70.2917
0202-11-01_11:41:15.332000      3030.09        2.53574200e-03        1.43104195e-06  71.4061  70.2991
0202-11-01_11:41:17.406000      3032.16        2.45211100e-03        1.42915176e-06  71.4096  70.2763
0202-11-01_11:41:19.496000      3034.25        2.40565800e-03        1.42273701e-06  71.4226  70.2729
0202-11-01_11:41:21.594000      3036.35        2.45967900e-03        1.41390509e-06  71.4647  70.2511
0202-11-01_11:41:23.670000      3038.43        2.82358700e-03        1.40327487e-06  71.4394  70.2329
0202-11-01_11:41:25.777000      3040.53        2.65283900e-03        1.39912237e-06  71.3785  70.2172
0202-11-01_11:41:27.855000      3042.61        2.81230700e-03        1.39720102e-06  71.3672  70.1941
0202-11-01_11:41:29.934000      3044.69        2.72697000e-03        1.38220220e-06  71.3273  70.1815
0202-11-01_11:41:32.020000      3046.77        2.66641800e-03        1.37547761e-06  71.2559  70.1649
0202-11-01_11:41:34.113000      3048.87        3.38391700e-03        1.37368089e-06  71.3131  70.1267
0202-11-01_11:41:36.293000      3051.05        3.24604300e-03        1.36500442e-06  71.2318  70.1292
0202-11-01_11:41:38.367000      3053.12        2.79286700e-03        1.35418924e-06  71.2293  70.0874
0202-11-01_11:41:40.453000      3055.21        3.08123200e-03        1.34796053e-06  71.1211  70.0485
0202-11-01_11:41:42.527000      3057.28        3.03054900e-03        1.34046119e-06  71.1846  70.0529
0202-11-01_11:41:44.625000      3059.38        2.93742100e-03        1.32825150e-06  71.1862  70.0365
0202-11-01_11:41:46.760000      3061.52        3.04294200e-03        1.31731318e-06  71.1360  70.0095
0202-11-01_11:41:48.840000      3063.59        2.59421700e-03        1.30721077e-06  71.1433  69.9996
0202-11-01_11:41:50.938000      3065.69        3.13874300e-03        1.30163271e-06  71.0889  69.9821
0202-11-01_11:41:53.023000      3067.78        2.85527600e-03        1.29047627e-06  71.1174  69.9591
0202-11-01_11:41:55.100000      3069.86        2.87375300e-03        1.27888637e-06  71.0631  69.9503
0202-11-01_11:41:57.290000      3072.05        2.65454700e-03        1.27364941e-06  71.0431  69.9301
0202-11-01_11:41:59.387000      3074.14        3.19632800e-03        1.25205014e-06  71.0342  69.9043
0202-11-01_11:42:01.470000      3076.22        2.70849500e-03        1.23956150e-06  71.0520  69.9054
0202-11-01_11:42:03.547000      3078.30        2.92050200e-03        1.23466630e-06  71.0484  69.8858
0202-11-01_11:42:05.633000      3080.39        2.73676700e-03        1.21306702e-06  70.9954  69.8688
0202-11-01_11:42:07.770000      3082.53        2.49159000e-03        1.19890501e-06  71.0290  69.8571
0202-11-01_11:42:09.863000      3084.62        2.89007700e-03        1.19013475e-06  70.9525  69.8349
0202-11-01_11:42:11.945000      3086.70        2.42851400e-03        1.17467117e-06  70.8967  69.8145
0202-11-01_11:42:14.030000      3088.78        2.91018800e-03        1.15889773e-06  70.8180  69.7939
0202-11-01_11:42:16.130000      3090.88        2.34562700e-03        1.14560310e-06  70.8511  69.7784
0202-11-01_11:42:18.277000      3093.03        2.66026100e-03        1.13020149e-06  70.8277  69.7702
0202-11-01_11:42:20.355000      3095.11        2.94773700e-03        1.10838497e-06  70.7861  69.7382
0202-11-01_11:42:22.430000      3097.19        2.77698800e-03        1.09310685e-06  70.7607  69.7048
0202-11-01_11:42:24.516000      3099.27        2.48327900e-03        1.07823209e-06  70.8118  69.6962
0202-11-01_11:42:26.620000      3101.38        2.56542600e-03        1.06202396e-06  70.8148  69.6822
0202-11-01_11:42:28.750000      3103.51        2.59073000e-03        1.04020757e-06  70.8467  69.6591
0202-11-01_11:42:30.840000      3105.59        2.45344800e-03        1.02480600e-06  70.8486  69.6521
0202-11-01_11:42:32.918000      3107.67        2.71836400e-03        1.00395033e-06  70.6879  69.6260
0202-11-01_11:42:35.008000      3109.76        2.64593800e-03        9.86875376e-07  70.7343  69.6066
0202-11-01_11:42:37.105000      3111.86        2.65610400e-03        9.64470285e-07  70.7125  69.5991
0202-11-01_11:42:39.242000      3114.00        2.53225400e-03        9.48170780e-07  70.7486  69.5809
0202-11-01_11:42:41.340000      3116.10        2.94966300e-03        9.30352022e-07  70.7075  69.5660
0202-11-01_11:42:43.418000      3118.17        2.86298900e-03        9.00788401e-07  70.6593  69.5502
0202-11-01_11:42:45.500000      3120.26        2.92027600e-03        8.86781432e-07  70.5305  69.5221
0202-11-01_11:42:47.600000      3122.36        2.76904600e-03        8.64376361e-07  70.6541  69.5120
0202-11-01_11:42:49.720000      3124.48        2.50101300e-03        8.37354195e-07  70.5915  69.5020
0202-11-01_11:42:51.800000      3126.56        2.50390700e-03        8.24245859e-07  70.5902  69.4764
0202-11-01_11:42:53.900000      3128.65        2.60876100e-03        7.99702558e-07  70.5755  69.4588
0202-11-01_11:42:55.984000      3130.74        2.88414000e-03        7.78598949e-07  70.5810  69.4398
0202-11-01_11:42:58.070000      3132.83        2.81186400e-03        7.57557415e-07  70.5751  69.4311
0202-11-01_11:43:00.190000      3134.95        2.94372900e-03        7.28861589e-07  70.5724  69.4120
0202-11-01_11:43:02.305000      3137.06        2.81936000e-03        7.00971158e-07  70.5046  69.4089
0202-11-01_11:43:04.402000      3139.16        2.94031500e-03        6.82718643e-07  70.4436  69.3738
0202-11-01_11:43:06.480000      3141.23        2.89148700e-03        6.60220629e-07  70.3909  69.3394
0202-11-01_11:43:08.555000      3143.31        2.57329000e-03        6.34004101e-07  70.4724  69.3250
0202-11-01_11:43:10.652000      3145.41        2.66486000e-03        6.01899491e-07  70.4308  69.3102
0202-11-01_11:43:12.760000      3147.51        2.58998600e-03        5.76023369e-07  70.4122  69.2998
0202-11-01_11:43:14.850000      3149.61        2.62241300e-03        5.56407249e-07  70.3173  69.2795
0202-11-01_11:43:16.938000      3151.69        2.83390100e-03        5.28114307e-07  70.4031  69.2738
0202-11-01_11:43:19.023000      3153.78        2.85519800e-03        5.05275308e-07  70.3675  69.2493
0202-11-01_11:43:21.100000      3155.86        2.85846300e-03        4.71466363e-07  70.4086  69.2254
0202-11-01_11:43:23.273000      3158.03        2.91649200e-03        4.41809908e-07  70.3376  69.2172
0202-11-01_11:43:25.350000      3160.11        2.64512100e-03        4.18413515e-07  70.2335  69.1939
0202-11-01_11:43:27.438000      3162.19        2.37879500e-03        3.92196768e-07  70.2422  69.1776
0202-11-01_11:43:29.540000      3164.29        3.01815500e-03        3.54669092e-07  70.2943  69.1559
0202-11-01_11:43:31.613000      3166.37        2.80466400e-03        3.31768098e-07  70.2437  69.1306
0202-11-01_11:43:33.760000      3168.52        3.15402700e-03        3.04869661e-07  70.2554  69.1338
0202-11-01_11:43:35.840000      3170.59        2.92213300e-03        2.77351579e-07  70.2514  69.1084
0202-11-01_11:43:37.926000      3172.68        2.70931000e-03        2.49058613e-07  70.1784  69.0922
0202-11-01_11:43:40.023000      3174.78        2.97133300e-03        2.21478400e-07  70.1834  69.0880
0202-11-01_11:43:42.100000      3176.86        3.00472600e-03        1.93588483e-07  70.2346  69.0577
0202-11-01_11:43:44.215000      3178.97        2.82210400e-03        1.70005728e-07  70.1747  69.0409
0202-11-01_11:43:46.300000      3181.06        2.73595000e-03        1.47445724e-07  70.1161  69.0285
0202-11-01_11:43:48.387000      3183.14        3.16597600e-03        1.26032271e-07  70.0683  68.9977
0202-11-01_11:43:50.470000      3185.22        3.26570900e-03        1.04463950e-07  70.0584  68.9915
0202-11-01_11:43:52.547000      3187.30        2.88837000e-03        8.79778000e-08  70.1182  68.9622
0202-11-01_11:43:54.620000      3189.38        3.18816200e-03        6.71531750e-08  70.0753  68.9455
0202-11-01_11:43:56.742000      3191.50        3.54732000e-03        5.82903150e-08  70.0693  68.9380
0202-11-01_11:43:58.830000      3193.58        3.21302100e-03        3.63191200e-08  69.9965  68.9202
0202-11-01_11:44:00.918000      3195.67        3.20871700e-03        3.30032900e-08  70.0036  68.9066
0202-11-01_11:44:03.008000      3197.76        3.06305000e-03        2.51940650e-08  69.9652  68.8866
0202-11-01_11:44:05.094000      3199.85        3.14913000e-03        1.21787250e-08  69.9468  68.8732
0202-11-01_11:44:07.266000      3202.02        3.29568700e-03        9.17274500e-09  70.0101  68.8502
0202-11-01_11:44:09.348000      3204.10        3.11024600e-03        9.01780500e-09  70.0183  68.8299
0202-11-01_11:44:11.426000      3206.18        2.71109100e-03        7.56140000e-09  69.9052  68.8156
0202-11-01_11:44:13.510000      3208.27        2.81728100e-03        3.78066000e-09  69.9072  68.8061
0202-11-01_11:44:15.610000      3210.36        2.93586200e-03        1.85935000e-10  69.9264  68.8008
0202-11-01_11:44:17.746000      3212.50        2.89497500e-03       -1.33252500e-09  69.8476  68.7712
0202-11-01_11:44:19.840000      3214.60        3.17569700e-03        6.91055500e-09  69.8113  68.7584
0202-11-01_11:44:21.918000      3216.67        3.00925300e-03        3.09890000e-10  69.8024  68.7364
0202-11-01_11:44:24.004000      3218.76        2.89942800e-03        7.43740000e-10  69.8281  68.7108
0202-11-01_11:44:26.105000      3220.86        3.07819200e-03        2.20022000e-09  69.8896  68.7029
0202-11-01_11:44:28.220000      3222.97        2.65417700e-03       -1.20866000e-09  69.8040  68.6752
0202-11-01_11:44:30.305000      3225.06        2.82128900e-03        5.64000000e-09  69.7409  68.6631
0202-11-01_11:44:32.414000      3227.17        2.72074000e-03       -3.40875000e-10  69.7128  68.6486
0202-11-01_11:44:34.500000      3229.26        3.29168300e-03       -3.65667000e-09  69.6604  68.6220
0202-11-01_11:44:36.590000      3231.34        3.41189700e-03       -3.06791500e-09  69.6615  68.6084
0202-11-01_11:44:38.695000      3233.45        3.31349900e-03        4.52440000e-09  69.7450  68.5922
0202-11-01_11:44:40.800000      3235.56        3.17451000e-03       -7.12770000e-10  69.6977  68.5669
0202-11-01_11:44:42.902000      3237.66        3.05615000e-03       -1.48747000e-09  69.7172  68.5530
0202-11-01_11:44:44.977000      3239.73        2.48045800e-03       -3.50176000e-09  69.6904  68.5444
0202-11-01_11:44:47.055000      3241.81        2.82032200e-03        2.82000000e-09  69.6511  68.5303
0202-11-01_11:44:49.164000      3243.92        2.73431700e-03       -5.88790000e-10  69.6407  68.5149
0202-11-01_11:44:51.290000      3246.05        2.86350900e-03       -2.81999000e-09  69.5620  68.4927
0202-11-01_11:44:53.367000      3248.12        2.70841800e-03        1.52156000e-08  69.5024  68.4697
0202-11-01_11:44:55.465000      3250.22        2.92651000e-03       -4.58637500e-09  69.5764  68.4504
0202-11-01_11:44:57.543000      3252.30        3.18482200e-03       -1.30165000e-09  69.5889  68.4319
0202-11-01_11:44:59.620000      3254.38        2.83983800e-03        2.13824500e-09  69.5589  68.4120
0202-11-01_11:45:01.780000      3256.54        2.78336700e-03        2.01428500e-09  69.5341  68.3970
0202-11-01_11:45:03.860000      3258.61        2.94676900e-03        3.74969000e-09  69.4893  68.3888
0202-11-01_11:45:05.945000      3260.70        3.08323400e-03        5.20615500e-09  69.4631  68.3696
0202-11-01_11:45:08.047000      3262.80        3.02297800e-03        1.36351500e-09  69.4267  68.3521
0202-11-01_11:45:10.120000      3264.88        3.17339300e-03        1.08461500e-09  69.3787  68.3323
0202-11-01_11:45:12.227000      3266.98        3.32269600e-03       -6.35274500e-09  69.4188  68.3114
0202-11-01_11:45:14.305000      3269.06        3.16879200e-03       -1.95235000e-09  69.4147  68.2800
0202-11-01_11:45:16.383000      3271.14        2.90840400e-03       -8.98680000e-10  69.3862  68.2752
0202-11-01_11:45:18.496000      3273.25        3.33790900e-03        5.70197500e-09  69.3898  68.2670
0202-11-01_11:45:20.582000      3275.34        3.04561200e-03       -2.04550000e-09  69.2633  68.2360
0202-11-01_11:45:22.727000      3277.48        2.97726800e-03       -1.82834500e-09  69.2795  68.2198
0202-11-01_11:45:24.816000      3279.57        2.85527300e-03        5.57801500e-09  69.3756  68.2098
0202-11-01_11:45:26.902000      3281.66        3.20834700e-03       -6.81750000e-10  69.3025  68.1741
0202-11-01_11:45:29.004000      3283.76        2.84688900e-03       -3.25384000e-09  69.2645  68.1752
0202-11-01_11:45:31.082000      3285.84        2.73988300e-03       -6.29076000e-09  69.2810  68.1640
0202-11-01_11:45:33.227000      3287.98        2.66790300e-03        3.47076500e-09  69.2149  68.1472
0202-11-01_11:45:35.332000      3290.09        3.18029700e-03        3.71870000e-10  69.1976  68.1273
0202-11-01_11:45:37.418000      3292.17        3.19513700e-03       -2.13821000e-09  69.2015  68.1005
0202-11-01_11:45:39.516000      3294.27        3.17050100e-03       -3.37780000e-09  69.2542  68.0824
0202-11-01_11:45:41.590000      3296.34        3.20678700e-03        1.30154000e-09  69.2096  68.0656
0202-11-01_11:45:43.730000      3298.49        2.86002200e-03        3.09908000e-09  69.1040  68.0461
0202-11-01_11:45:45.812000      3300.57        2.78626200e-03        1.17758000e-09  69.1398  68.0284
0202-11-01_11:45:47.887000      3302.64        3.20901500e-03       -4.64835000e-09  69.0922  68.0183
0202-11-01_11:45:49.965000      3304.72        3.25999400e-03       -8.05765000e-10  69.1051  68.0095
0202-11-01_11:45:52.050000      3306.80        3.45085400e-03       -1.05362500e-09  69.0432  67.9774
0202-11-01_11:45:54.156000      3308.91        2.95396900e-03       -4.02860000e-10  69.0492  67.9684
0202-11-01_11:45:56.273000      3311.03        2.78166200e-03       -3.37780500e-09  68.9927  67.9571
0202-11-01_11:45:58.360000      3313.11        2.72949500e-03       -1.73538500e-09  68.9687  67.9249
0202-11-01_11:46:00.445000      3315.20        2.77973300e-03       -2.51011000e-09  69.0382  67.8983
0202-11-01_11:46:02.527000      3317.28        3.07047200e-03       -2.51011000e-09  69.0037  67.8862
0202-11-01_11:46:04.630000      3319.38        2.70604500e-03        1.70439500e-09  68.9791  67.8680
0202-11-01_11:46:06.766000      3321.52        2.60148800e-03       -2.10710000e-09  69.0231  67.8450
0202-11-01_11:46:08.844000      3323.60        3.08308600e-03       -3.50176000e-09  68.9821  67.8329
0202-11-01_11:46:10.945000      3325.70        2.98468900e-03       -3.71870000e-10  68.9084  67.8103
0202-11-01_11:46:13.030000      3327.79        3.10995000e-03       -1.89029000e-09  68.9396  67.8023
0202-11-01_11:46:15.117000      3329.87        2.76288700e-03        2.57209000e-09  68.8563  67.7834
0202-11-01_11:46:17.270000      3332.03        2.70352100e-03       -2.66505500e-09  68.8778  67.7594
0202-11-01_11:46:19.355000      3334.11        2.84421700e-03       -4.40046500e-09  68.8983  67.7464
0202-11-01_11:46:21.440000      3336.20        2.68460000e-03       -1.33253000e-09  68.9050  67.7323
0202-11-01_11:46:23.523000      3338.28        2.95715900e-03        1.54945000e-09  68.8051  67.7104
0202-11-01_11:46:25.598000      3340.35        2.78878500e-03       -1.70439500e-09  68.8327  67.6924
0202-11-01_11:46:27.695000      3342.45        3.01325900e-03        5.98088000e-09  68.8267  67.6793
0202-11-01_11:46:29.797000      3344.55        3.03655900e-03        5.26655000e-10  68.7797  67.6670
0202-11-01_11:46:31.887000      3346.64        3.02854600e-03       -1.85935000e-10  68.7089  67.6408
0202-11-01_11:46:33.965000      3348.72        2.69602700e-03        1.30154000e-09  68.7306  67.6316
0202-11-01_11:46:36.043000      3350.80        2.70062800e-03       -1.55105000e-10  68.7607  67.6136
0202-11-01_11:46:38.130000      3352.88        2.70077600e-03        2.57209000e-09  68.6501  67.5949
0202-11-01_11:46:40.240000      3354.99        2.81000700e-03        3.40879000e-09  68.6472  67.5829
0202-11-01_11:46:42.344000      3357.10        2.70522800e-03        6.13583000e-09  68.6222  67.5528
0202-11-01_11:46:44.430000      3359.19        2.94513600e-03        4.18351500e-09  68.6017  67.5390
0202-11-01_11:46:46.520000      3361.27        2.75160600e-03        1.73538000e-09  68.5944  67.5189
0202-11-01_11:46:48.605000      3363.36        2.60044800e-03       -2.97494000e-09  68.6543  67.5113
0202-11-01_11:46:50.707000      3365.46        2.96071800e-03        3.03692000e-09  68.5482  67.4907
0202-11-01_11:46:52.790000      3367.54        2.94023700e-03       -2.75804000e-09  68.5060  67.4737
0202-11-01_11:46:54.863000      3369.62        3.12649400e-03       -3.99758000e-09  68.4899  67.4523
0202-11-01_11:46:56.957000      3371.71        2.76103000e-03       -5.51603500e-09  68.4673  67.4378
0202-11-01_11:46:59.047000      3373.80        2.52713200e-03        5.26813500e-09  68.4756  67.4176
0202-11-01_11:47:01.150000      3375.90        2.69966100e-03        3.09900000e-11  68.4675  67.4021
0202-11-01_11:47:03.240000      3377.99        2.85490100e-03        6.50765000e-10  68.4227  67.3832
0202-11-01_11:47:05.316000      3380.07        2.88087400e-03        4.77244500e-09  68.3870  67.3663
0202-11-01_11:47:07.406000      3382.16        2.88183900e-03        4.92725000e-09  68.4219  67.3452
0202-11-01_11:47:09.504000      3384.26        2.64066900e-03        1.82835000e-09  68.3941  67.3333
0202-11-01_11:47:11.582000      3386.34        2.95916200e-03        1.89032500e-09  68.4231  67.3126
0202-11-01_11:47:13.668000      3388.42        2.77090100e-03        5.29911500e-09  68.3751  67.2893
0202-11-01_11:47:15.785000      3390.54        2.50724700e-03        1.67340500e-09  68.2898  67.2700
0202-11-01_11:47:17.887000      3392.64        2.68957200e-03        6.75560000e-09  68.2907  67.2459
0202-11-01_11:47:19.990000      3394.74        3.01377900e-03       -5.20615000e-09  68.4220  67.2484
0202-11-01_11:47:22.066000      3396.82        3.06379400e-03        2.29328500e-09  68.3247  67.2196
0202-11-01_11:47:24.176000      3398.93        2.77780300e-03       -2.10725000e-09  68.2380  67.2043
0202-11-01_11:47:26.310000      3401.06        2.77097600e-03        1.30154000e-09  68.2817  67.1937
0202-11-01_11:47:28.395000      3403.15        3.10342100e-03       -2.04563000e-09  68.2365  67.1702
0202-11-01_11:47:30.480000      3405.24        3.06053000e-03       -6.01186000e-09  68.1522  67.1477
0202-11-01_11:47:32.570000      3407.32        2.66679100e-03       -2.78901000e-09  68.1513  67.1350
0202-11-01_11:47:34.645000      3409.40        3.00272300e-03        4.55549000e-09  68.1437  67.1093
0202-11-01_11:47:36.766000      3411.52        3.17636600e-03       -2.85099000e-09  68.1073  67.0990
0202-11-01_11:47:38.863000      3413.62        2.87954100e-03       -1.64242000e-09  68.0601  67.0889
0202-11-01_11:47:40.953000      3415.71        3.00502300e-03        2.51011000e-09  68.1232  67.0573
0202-11-01_11:47:43.050000      3417.80        2.54702200e-03        1.30463650e-08  68.0923  67.0446
0202-11-01_11:47:45.152000      3419.91        2.35341800e-03        4.55525000e-09  68.0885  67.0341
0202-11-01_11:47:47.270000      3422.03        2.90514100e-03       -3.09890000e-10  68.0602  67.0072
0202-11-01_11:47:49.370000      3424.12        2.59184100e-03       -1.05362500e-09  68.0866  66.9868
0202-11-01_11:47:51.450000      3426.20        2.68252100e-03       -3.81168500e-09  68.0962  66.9719
0202-11-01_11:47:53.527000      3428.28        3.01251500e-03        5.26810000e-10  68.0120  66.9576
0202-11-01_11:47:55.620000      3430.38        3.18771600e-03        2.51011000e-09  68.0530  66.9477
0202-11-01_11:47:57.760000      3432.52        2.97266700e-03        2.13815000e-09  68.0244  66.9347
0202-11-01_11:47:59.848000      3434.60        2.82291900e-03       -2.29318500e-09  67.9429  66.9137
0202-11-01_11:48:01.945000      3436.70        3.21977300e-03       -6.01186000e-09  67.9905  66.8991
0202-11-01_11:48:04.023000      3438.78        2.74084700e-03       -7.40636500e-09  68.0203  66.8827
0202-11-01_11:48:06.117000      3440.87        2.46301900e-03       -6.94152500e-09  67.9420  66.8768
0202-11-01_11:48:08.260000      3443.02        2.78885900e-03       -3.06780000e-09  67.8967  66.8554
0202-11-01_11:48:10.340000      3445.09        2.74010500e-03        4.95824000e-09  67.8834  66.8283
0202-11-01_11:48:12.438000      3447.19        2.75108800e-03       -3.25384500e-09  67.8568  66.8073
0202-11-01_11:48:14.516000      3449.27        2.76451900e-03       -3.50176000e-09  67.7878  66.7969
0202-11-01_11:48:16.605000      3451.36        3.03381300e-03        1.58043500e-09  67.7638  66.7678
0202-11-01_11:48:18.710000      3453.47        3.03715200e-03       -4.33850000e-10  67.7693  66.7553
0202-11-01_11:48:20.820000      3455.57        3.07596100e-03        4.74145000e-09  67.7959  66.7463
0202-11-01_11:48:22.906000      3457.66        3.23572700e-03        3.68769500e-09  67.7911  66.7195
0202-11-01_11:48:24.992000      3459.75        3.58909500e-03        2.13824000e-09  67.8166  66.7123
0202-11-01_11:48:27.070000      3461.83        3.13436000e-03       -8.05713500e-09  67.7463  66.6882
0202-11-01_11:48:29.200000      3463.95        3.26667000e-03       -2.82000000e-09  67.7761  66.6646
0202-11-01_11:48:31.312000      3466.07        3.04241900e-03        2.16875000e-10  67.7241  66.6499
0202-11-01_11:48:33.390000      3468.15        3.23958700e-03        1.92131500e-09  67.7481  66.6309
0202-11-01_11:48:35.490000      3470.24        2.56690800e-03        6.60065000e-09  67.6330  66.6076
0202-11-01_11:48:37.574000      3472.33        3.45144700e-03        6.75581500e-09  67.6525  66.5943
0202-11-01_11:48:39.730000      3474.48        2.83227000e-03       -1.98329500e-09  67.6758  66.5915
0202-11-01_11:48:41.816000      3476.57        3.07225300e-03       -7.46835000e-09  67.6340  66.5741
0202-11-01_11:48:43.890000      3478.65        2.90974100e-03       -1.95261000e-09  67.6494  66.5536
0202-11-01_11:48:45.996000      3480.75        2.90758900e-03       -1.85934000e-09  67.6023  66.5361
0202-11-01_11:48:48.070000      3482.83        3.11180500e-03       -3.84263500e-09  67.5520  66.5252
0202-11-01_11:48:50.210000      3484.97        3.52090400e-03        2.88197500e-09  67.5125  66.5061
0202-11-01_11:48:52.310000      3487.06        2.70797400e-03        3.22285500e-09  67.4454  66.4842
0202-11-01_11:48:54.390000      3489.15        2.72133200e-03        2.16924500e-09  67.4965  66.4599
0202-11-01_11:48:56.490000      3491.24        2.77446400e-03        2.47910000e-10  67.4164  66.4412
0202-11-01_11:48:58.566000      3493.32        3.05303600e-03       -5.39208500e-09  67.4612  66.4191
0202-11-01_11:49:00.640000      3495.40        2.75606200e-03        6.19505000e-10  67.4913  66.4060
0202-11-01_11:49:02.773000      3497.53        2.81898900e-03       -1.48747000e-09  67.4944  66.3910
0202-11-01_11:49:04.875000      3499.63        2.46161100e-03        4.61736000e-09  67.4920  66.3716
0202-11-01_11:49:06.965000      3501.72        2.89987400e-03       -8.67430000e-10  67.4590  66.3526
0202-11-01_11:49:09.050000      3503.81        2.65536400e-03       -2.38615500e-09  67.3717  66.3444
0202-11-01_11:49:11.200000      3505.95        3.03218300e-03        1.02263500e-09  67.4708  66.3331
0202-11-01_11:49:13.285000      3508.04        2.87635000e-03       -1.11564000e-09  67.3740  66.3075
0202-11-01_11:49:15.370000      3510.13        2.91634700e-03       -9.29670000e-10  67.2176  66.2774