# Ic = 3.78 A, n = 21.64 , Tavg = 24.95 K, f23-pulse-3ms
#datetime                        t_s     iHTS_A                vHTS_V                tHTS_K  tTAR_K
0202-11-01_14:46:10.727000      3043.26        1.72440900e-02       -4.75382950e-09  24.9172  24.4439
0202-11-01_14:46:10.934000      3043.47        1.34135600e-02       -5.68350950e-09  24.9251  24.3999
0202-11-01_14:46:11.130000      3043.66        2.24860100e-02       -8.78242950e-09  24.9251  24.3999
0202-11-01_14:46:11.330000      3043.86        3.25112800e-02       -9.03034950e-09  24.9251  24.3999
0202-11-01_14:46:11.523000      3044.05        4.23228200e-02       -1.25011395e-08  24.9251  24.3999
0202-11-01_14:46:11.723000      3044.25        5.24026400e-02       -1.26870795e-08  24.8802  24.4068
0202-11-01_14:46:11.926000      3044.46        6.15329700e-02       -1.13855295e-08  24.8802  24.4068
0202-11-01_14:46:12.120000      3044.65        7.21652400e-02       -1.11376195e-08  24.8802  24.4068
0202-11-01_14:46:12.312000      3044.84        8.18283800e-02       -6.73713950e-09  24.8802  24.4068
0202-11-01_14:46:12.504000      3045.03        9.10403400e-02       -5.24965950e-09  24.8802  24.4068
0202-11-01_14:46:12.720000      3045.25        1.01920500e-01       -4.38195950e-09  24.8802  24.4068
0202-11-01_14:46:12.910000      3045.44        1.11564300e-01       -2.21271950e-09  24.8790  24.4545
0202-11-01_14:46:13.105000      3045.63        1.21000400e-01       -2.27468950e-09  24.8790  24.4545
0202-11-01_14:46:13.310000      3045.84        1.31629100e-01       -3.76217950e-09  24.8790  24.4545
0202-11-01_14:46:13.500000      3046.03        1.41289300e-01       -1.07037695e-08  24.8790  24.4545
0202-11-01_14:46:13.740000      3046.27        1.50528000e-01       -1.19433395e-08  24.8790  24.4545
0202-11-01_14:46:13.945000      3046.48        1.61507600e-01       -7.41890950e-09  24.8736  24.3581
0202-11-01_14:46:14.140000      3046.67        1.70578500e-01       -9.89804950e-09  24.8736  24.3581
0202-11-01_14:46:14.332000      3046.86        1.81409700e-01       -9.03034950e-09  24.8736  24.3581
0202-11-01_14:46:14.535000      3047.07        1.91158900e-01       -1.60958895e-08  24.8736  24.3581
0202-11-01_14:46:14.730000      3047.26        2.00769400e-01       -9.96001950e-09  24.8736  24.3581
0202-11-01_14:46:14.926000      3047.46        2.10573500e-01       -1.13855295e-08  24.9175  24.4805
0202-11-01_14:46:15.130000      3047.66        2.20986100e-01       -1.25631195e-08  24.9175  24.4805
0202-11-01_14:46:15.324000      3047.86        2.31078200e-01       -1.10135895e-08  24.9175  24.4805
0202-11-01_14:46:15.520000      3048.05        2.40229300e-01       -1.67155495e-08  24.9175  24.4805
0202-11-01_14:46:15.766000      3048.29        2.51064900e-01       -1.22530095e-08  24.9175  24.4805
0202-11-01_14:46:15.970000      3048.50        2.60707300e-01       -1.24389395e-08  24.9558  24.3569
0202-11-01_14:46:16.160000      3048.69        2.70625700e-01       -1.66534795e-08  24.9558  24.3569
0202-11-01_14:46:16.355000      3048.88        2.80586100e-01       -1.96904195e-08  24.9558  24.3569
0202-11-01_14:46:16.560000      3049.09        2.90192900e-01       -2.04341695e-08  24.9558  24.3569
0202-11-01_14:46:16.760000      3049.29        3.00289400e-01       -2.09299895e-08  24.9558  24.3569
0202-11-01_14:46:16.953000      3049.48        3.10869700e-01       -1.69633695e-08  24.9209  24.4320
0202-11-01_14:46:17.150000      3049.68        3.20126200e-01       -1.53519295e-08  24.9209  24.4320
0202-11-01_14:46:17.344000      3049.87        3.29863600e-01       -1.47941195e-08  24.9209  24.4320
0202-11-01_14:46:17.535000      3050.07        3.40458700e-01       -1.70253495e-08  24.9209  24.4320
0202-11-01_14:46:17.742000      3050.27        3.50323700e-01       -2.13018695e-08  24.9209  24.4320
0202-11-01_14:46:17.953000      3050.48        3.60135300e-01       -1.88227295e-08  24.9029  24.4003
0202-11-01_14:46:18.145000      3050.68        3.70176900e-01       -1.78930495e-08  24.9029  24.4003
0202-11-01_14:46:18.336000      3050.87        3.80157600e-01       -1.95664695e-08  24.9029  24.4003
0202-11-01_14:46:18.530000      3051.06        3.89357700e-01       -2.08680195e-08  24.9029  24.4003
0202-11-01_14:46:18.727000      3051.26        4.00043400e-01       -2.14258195e-08  24.8767  24.3779
0202-11-01_14:46:18.918000      3051.45        4.09803000e-01       -2.33471595e-08  24.8767  24.3779
0202-11-01_14:46:19.113000      3051.64        4.19035800e-01       -2.15497795e-08  24.8767  24.3779
0202-11-01_14:46:19.316000      3051.85        4.29427700e-01       -2.29133095e-08  24.8767  24.3779
0202-11-01_14:46:19.508000      3052.04        4.39600200e-01       -2.36570495e-08  24.8767  24.3779
0202-11-01_14:46:19.703000      3052.23        4.48899700e-01       -2.40289195e-08  24.8767  24.3779
0202-11-01_14:46:19.914000      3052.44        4.59517200e-01       -3.39454795e-08  24.9118  24.4218
0202-11-01_14:46:20.105000      3052.64        4.69037800e-01       -3.04746795e-08  24.9118  24.4218
0202-11-01_14:46:20.297000      3052.83        4.78600100e-01       -3.73542895e-08  24.9118  24.4218
0202-11-01_14:46:20.504000      3053.03        4.89002300e-01       -2.92351095e-08  24.9118  24.4218
0202-11-01_14:46:20.700000      3053.23        4.98969700e-01       -3.12803995e-08  24.9118  24.4218
0202-11-01_14:46:20.930000      3053.46        5.08978700e-01       -3.19001895e-08  24.9261  24.3835
0202-11-01_14:46:21.120000      3053.65        5.18877200e-01       -3.48751495e-08  24.9261  24.3835
0202-11-01_14:46:21.324000      3053.85        5.28841600e-01       -3.58673795e-08  24.9261  24.3835
0202-11-01_14:46:21.527000      3054.06        5.38148600e-01       -3.22733895e-08  24.9261  24.3835
0202-11-01_14:46:21.730000      3054.26        5.49187500e-01       -2.96708695e-08  24.9261  24.3835
0202-11-01_14:46:21.926000      3054.46        5.58666700e-01       -2.63240295e-08  24.9553  24.3938
0202-11-01_14:46:22.120000      3054.65        5.67659000e-01       -2.41547895e-08  24.9553  24.3938
0202-11-01_14:46:22.312000      3054.84        5.78767700e-01       -2.70057895e-08  24.9553  24.3938
0202-11-01_14:46:22.520000      3055.05        5.88844900e-01       -2.97328495e-08  24.9553  24.3938
0202-11-01_14:46:22.715000      3055.24        5.98029700e-01       -3.15302195e-08  24.9553  24.3938
0202-11-01_14:46:22.906000      3055.44        6.08101000e-01       -2.71297495e-08  24.9351  24.4411
0202-11-01_14:46:23.110000      3055.64        6.18403800e-01       -2.53323795e-08  24.9351  24.4411
0202-11-01_14:46:23.305000      3055.83        6.28344500e-01       -2.65099695e-08  24.9351  24.4411
0202-11-01_14:46:23.496000      3056.03        6.37458600e-01       -2.75016195e-08  24.9351  24.4411
0202-11-01_14:46:23.730000      3056.26        6.47794000e-01       -2.53943495e-08  24.9351  24.4411
0202-11-01_14:46:23.940000      3056.47        6.57975100e-01       -2.47125895e-08  24.8968  24.3437
0202-11-01_14:46:24.133000      3056.66        6.67345200e-01       -2.41547895e-08  24.8968  24.3437
0202-11-01_14:46:24.340000      3056.87        6.77949300e-01       -2.56422695e-08  24.8968  24.3437
0202-11-01_14:46:24.530000      3057.06        6.87458100e-01       -2.29771995e-08  24.8968  24.3437
0202-11-01_14:46:24.730000      3057.26        6.96693900e-01       -1.38043795e-08  24.8968  24.3437
0202-11-01_14:46:24.926000      3057.46        7.07526500e-01       -1.23168995e-08  24.9176  24.4724
0202-11-01_14:46:25.117000      3057.65        7.17259400e-01       -1.00236995e-08  24.9176  24.4724
0202-11-01_14:46:25.310000      3057.84        7.26615400e-01       -1.84527695e-08  24.9176  24.4724
0202-11-01_14:46:25.516000      3058.05        7.37304100e-01       -1.39283395e-08  24.9176  24.4724
0202-11-01_14:46:25.742000      3058.27        7.47216400e-01       -1.18210695e-08  24.9176  24.4724
0202-11-01_14:46:25.945000      3058.47        7.57212000e-01       -9.89973950e-09  24.9337  24.3503
0202-11-01_14:46:26.150000      3058.68        7.66814300e-01       -1.49819795e-08  24.9337  24.3503
0202-11-01_14:46:26.348000      3058.88        7.76394400e-01       -6.11905950e-09  24.9337  24.3503
0202-11-01_14:46:26.543000      3059.07        7.86709100e-01       -1.33705395e-08  24.9337  24.3503
0202-11-01_14:46:26.754000      3059.29        7.97270200e-01       -9.96171950e-09  24.9337  24.3503
0202-11-01_14:46:26.957000      3059.49        8.06407900e-01       -1.44861495e-08  24.8677  24.4388
0202-11-01_14:46:27.150000      3059.68        8.16602400e-01       -4.32183950e-09  24.8677  24.4388
0202-11-01_14:46:27.355000      3059.89        8.22901600e-01       -4.26047950e-09  24.8677  24.4388
0202-11-01_14:46:27.547000      3060.08        8.36172600e-01       -4.13698950e-09  24.8677  24.4388
0202-11-01_14:46:27.750000      3060.28        8.46549700e-01       -9.21952950e-09  24.8677  24.4388
0202-11-01_14:46:27.940000      3060.47        8.56201000e-01       -1.39298895e-08  24.8776  24.4048
0202-11-01_14:46:28.137000      3060.67        8.66036300e-01       -1.36199995e-08  24.8776  24.4048
0202-11-01_14:46:28.332000      3060.86        8.76305000e-01       -1.47975895e-08  24.8776  24.4048
0202-11-01_14:46:28.535000      3061.07        8.86472700e-01       -6.43049950e-09  24.8776  24.4048
0202-11-01_14:46:28.760000      3061.29        8.96269500e-01       -3.82740950e-09  24.8776  24.4048
0202-11-01_14:46:28.965000      3061.49        9.06218700e-01       -2.32659500e-10  24.8916  24.3867
0202-11-01_14:46:29.156000      3061.69        9.15837400e-01       -3.56619500e-10  24.8916  24.3867
0202-11-01_14:46:29.363000      3061.89        9.25840400e-01        2.49439050e-09  24.8916  24.3867
0202-11-01_14:46:29.555000      3062.09        9.35904300e-01        4.91155050e-09  24.8916  24.3867
0202-11-01_14:46:29.773000      3062.30        9.46480200e-01        6.64695050e-09  24.8916  24.3867
0202-11-01_14:46:29.965000      3062.50        9.55241000e-01        6.08914050e-09  24.9402  24.4263
0202-11-01_14:46:30.168000      3062.70        9.65526000e-01        3.42407050e-09  24.9402  24.4263
0202-11-01_14:46:30.363000      3062.89        9.75526100e-01        4.66364050e-09  24.9402  24.4263
0202-11-01_14:46:30.555000      3063.08        9.85092500e-01        1.01177405e-08  24.9402  24.4263
0202-11-01_14:46:30.750000      3063.28        9.95598700e-01        1.14192805e-08  24.9402  24.4263
0202-11-01_14:46:30.945000      3063.48        1.00557900e+00        1.54478805e-08  24.9289  24.3780
0202-11-01_14:46:31.137000      3063.67        1.01466800e+00        1.20390705e-08  24.9289  24.3780
0202-11-01_14:46:31.332000      3063.86        1.02544300e+00        1.07375205e-08  24.9289  24.3780
0202-11-01_14:46:31.535000      3064.07        1.03552600e+00        7.45267050e-09  24.9289  24.3780
0202-11-01_14:46:31.740000      3064.27        1.04537000e+00        7.70058050e-09  24.9289  24.3780
0202-11-01_14:46:31.934000      3064.46        1.05490500e+00        7.82454050e-09  24.8893  24.3884
0202-11-01_14:46:32.125000      3064.66        1.06520600e+00        1.16672005e-08  24.8893  24.3884
0202-11-01_14:46:32.320000      3064.85        1.07522700e+00        1.25968705e-08  24.8893  24.3884
0202-11-01_14:46:32.510000      3065.04        1.08466600e+00        1.32786405e-08  24.8893  24.3884
0202-11-01_14:46:32.730000      3065.26        1.09455900e+00        1.54478805e-08  24.8893  24.3884
0202-11-01_14:46:32.926000      3065.46        1.10494700e+00        1.19770905e-08  24.9198  24.4340
0202-11-01_14:46:33.130000      3065.66        1.11492300e+00        1.40842105e-08  24.9198  24.4340
0202-11-01_14:46:33.324000      3065.85        1.12423800e+00        9.99305050e-09  24.9198  24.4340
0202-11-01_14:46:33.516000      3066.05        1.13450300e+00        1.11702105e-08  24.9198  24.4340
0202-11-01_14:46:33.734000      3066.27        1.14490100e+00        1.48886205e-08  24.9198  24.4340
0202-11-01_14:46:33.930000      3066.46        1.15459700e+00        1.47646605e-08  24.9164  24.3321
0202-11-01_14:46:34.133000      3066.66        1.16450900e+00        1.35870705e-08  24.9164  24.3321
0202-11-01_14:46:34.336000      3066.87        1.17387400e+00        9.31057050e-09  24.9164  24.3321
0202-11-01_14:46:34.527000      3067.06        1.18388200e+00        9.80639050e-09  24.9164  24.3321
0202-11-01_14:46:34.740000      3067.27        1.19449600e+00        1.72438005e-08  24.9164  24.3321
0202-11-01_14:46:34.934000      3067.46        1.20395900e+00        1.48886205e-08  24.9283  24.4627
0202-11-01_14:46:35.125000      3067.66        1.21386700e+00        1.61901705e-08  24.9283  24.4627
0202-11-01_14:46:35.336000      3067.86        1.22393800e+00        1.09839805e-08  24.9283  24.4627
0202-11-01_14:46:35.530000      3068.06        1.23420800e+00        1.14178305e-08  24.9283  24.4627
0202-11-01_14:46:35.740000      3068.27        1.24360400e+00        5.46790050e-09  24.9283  24.4627
0202-11-01_14:46:35.940000      3068.47        1.25391600e+00        5.15801050e-09  24.9234  24.3468
0202-11-01_14:46:36.145000      3068.67        1.26400500e+00        4.60021050e-09  24.9234  24.3468
0202-11-01_14:46:36.336000      3068.87        1.27307000e+00        6.76945050e-09  24.9234  24.3468
0202-11-01_14:46:36.530000      3069.06        1.28335400e+00        6.14967050e-09  24.9234  24.3468
0202-11-01_14:46:36.766000      3069.29        1.29392200e+00        1.52604905e-08  24.9234  24.3468
0202-11-01_14:46:36.957000      3069.49        1.30365100e+00        1.40209205e-08  24.8958  24.4329
0202-11-01_14:46:37.164000      3069.69        1.31358400e+00        1.72438005e-08  24.8958  24.4329
0202-11-01_14:46:37.355000      3069.89        1.32324300e+00        1.61281905e-08  24.8958  24.4329
0202-11-01_14:46:37.547000      3070.08        1.33253800e+00        1.76156705e-08  24.8958  24.4329
0202-11-01_14:46:37.773000      3070.31        1.34389000e+00        1.71198405e-08  24.8958  24.4329
0202-11-01_14:46:37.965000      3070.50        1.35270400e+00        1.68719305e-08  24.9070  24.4046
0202-11-01_14:46:38.170000      3070.70        1.36288200e+00        1.72438005e-08  24.9070  24.4046
0202-11-01_14:46:38.363000      3070.89        1.37335100e+00        1.70578605e-08  24.9070  24.4046
0202-11-01_14:46:38.555000      3071.09        1.38286900e+00        1.65620405e-08  24.9070  24.4046
0202-11-01_14:46:38.770000      3071.30        1.39262600e+00        2.00328305e-08  24.8833  24.3845
0202-11-01_14:46:38.965000      3071.49        1.40311300e+00        2.53009905e-08  24.8833  24.3845
0202-11-01_14:46:39.156000      3071.69        1.41305700e+00        2.53008605e-08  24.8833  24.3845
0202-11-01_14:46:39.348000      3071.88        1.42194300e+00        2.48668005e-08  24.8833  24.3845
0202-11-01_14:46:39.547000      3072.08        1.43256100e+00        2.03421105e-08  24.8833  24.3845
0202-11-01_14:46:39.750000      3072.28        1.44272600e+00        1.99701705e-08  24.8455  24.4276
0202-11-01_14:46:39.953000      3072.49        1.45230400e+00        2.13956705e-08  24.8455  24.4276
0202-11-01_14:46:40.150000      3072.68        1.46270300e+00        2.25112805e-08  24.8455  24.4276
0202-11-01_14:46:40.340000      3072.87        1.47226800e+00        2.20774305e-08  24.8455  24.4276
0202-11-01_14:46:40.530000      3073.06        1.48123400e+00        2.41227205e-08  24.8455  24.4276
0202-11-01_14:46:40.742000      3073.27        1.49240100e+00        2.70357105e-08  24.9038  24.3866
0202-11-01_14:46:40.934000      3073.46        1.50228200e+00        3.34194805e-08  24.9038  24.3866
0202-11-01_14:46:41.125000      3073.66        1.51129500e+00        3.42871805e-08  24.9038  24.3866
0202-11-01_14:46:41.336000      3073.87        1.52231500e+00        3.81298405e-08  24.9038  24.3866
0202-11-01_14:46:41.530000      3074.06        1.53211200e+00        3.00726505e-08  24.9038  24.3866
0202-11-01_14:46:41.734000      3074.27        1.54144900e+00        2.37508505e-08  24.9038  24.3866
0202-11-01_14:46:41.930000      3074.46        1.55171900e+00        2.07758905e-08  24.9235  24.3854
0202-11-01_14:46:42.120000      3074.65        1.56195800e+00        2.38748105e-08  24.9235  24.3854
0202-11-01_14:46:42.324000      3074.86        1.57124800e+00        3.08783705e-08  24.9235  24.3854
0202-11-01_14:46:42.527000      3075.06        1.58069000e+00        3.46590505e-08  24.9235  24.3854
0202-11-01_14:46:42.746000      3075.28        1.59145600e+00        2.91429705e-08  24.9235  24.3854
0202-11-01_14:46:42.938000      3075.47        1.60094800e+00        2.71596605e-08  24.8827  24.4343
0202-11-01_14:46:43.133000      3075.66        1.61162900e+00        2.31930505e-08  24.8827  24.4343
0202-11-01_14:46:43.324000      3075.85        1.62150700e+00        2.23253505e-08  24.8827  24.4343
0202-11-01_14:46:43.523000      3076.05        1.63116600e+00        2.18295205e-08  24.8827  24.4343
0202-11-01_14:46:43.750000      3076.28        1.64157800e+00        1.81728005e-08  24.8827  24.4343
0202-11-01_14:46:43.953000      3076.48        1.65133200e+00        1.34004605e-08  24.9059  24.3401
0202-11-01_14:46:44.145000      3076.68        1.66086500e+00        1.74290605e-08  24.9059  24.3401
0202-11-01_14:46:44.350000      3076.88        1.67051000e+00        1.64374005e-08  24.9059  24.3401
0202-11-01_14:46:44.550000      3077.08        1.68125500e+00        2.36268905e-08  24.9059  24.3401
0202-11-01_14:46:44.758000      3077.29        1.69111600e+00        1.94743405e-08  24.9321  24.4569
0202-11-01_14:46:44.953000      3077.48        1.70013500e+00        1.61275105e-08  24.9321  24.4569
0202-11-01_14:46:45.145000      3077.67        1.71055700e+00        1.51982705e-08  24.9321  24.4569
0202-11-01_14:46:45.336000      3077.87        1.72035500e+00        9.12505050e-09  24.9321  24.4569
0202-11-01_14:46:45.543000      3078.07        1.72969500e+00        1.11090105e-08  24.9321  24.4569
0202-11-01_14:46:45.742000      3078.27        1.74105000e+00        9.00219050e-09  24.9321  24.4569
0202-11-01_14:46:45.934000      3078.47        1.75075900e+00        1.82989505e-08  24.9426  24.3447
0202-11-01_14:46:46.137000      3078.67        1.75946400e+00        2.11499605e-08  24.9426  24.3447
0202-11-01_14:46:46.340000      3078.87        1.77016400e+00        2.25134805e-08  24.9426  24.3447
0202-11-01_14:46:46.530000      3079.06        1.77993200e+00        1.77411405e-08  24.9426  24.3447
0202-11-01_14:46:46.740000      3079.27        1.78979000e+00        1.09854905e-08  24.9426  24.3447
0202-11-01_14:46:46.934000      3079.46        1.79981400e+00        8.81625050e-09  24.9152  24.4322
0202-11-01_14:46:47.125000      3079.66        1.81022800e+00        9.80790050e-09  24.9152  24.4322
0202-11-01_14:46:47.332000      3079.86        1.81966400e+00        1.71213605e-08  24.9152  24.4322
0202-11-01_14:46:47.523000      3080.05        1.82954200e+00        1.97244505e-08  24.9152  24.4322
0202-11-01_14:46:47.727000      3080.26        1.83981600e+00        2.29473305e-08  24.9152  24.4322
0202-11-01_14:46:47.920000      3080.45        1.84928600e+00        2.17077605e-08  24.9066  24.4028
0202-11-01_14:46:48.117000      3080.65        1.85888200e+00        2.09640205e-08  24.9066  24.4028
0202-11-01_14:46:48.316000      3080.85        1.86940600e+00        2.07161105e-08  24.9066  24.4028
0202-11-01_14:46:48.510000      3081.04        1.87953100e+00        2.07780905e-08  24.9066  24.4028
0202-11-01_14:46:48.740000      3081.27        1.88842800e+00        1.39604605e-08  24.9066  24.4028
0202-11-01_14:46:48.930000      3081.46        1.89886200e+00        1.96005005e-08  24.9013  24.3844
0202-11-01_14:46:49.137000      3081.67        1.90947500e+00        1.93525805e-08  24.9013  24.3844
0202-11-01_14:46:49.332000      3081.86        1.91868700e+00        2.02202805e-08  24.9013  24.3844
0202-11-01_14:46:49.523000      3082.06        1.92929400e+00        1.43323305e-08  24.9013  24.3844
0202-11-01_14:46:49.746000      3082.27        1.93955400e+00        2.13358905e-08  24.9013  24.3844
0202-11-01_14:46:49.938000      3082.47        1.94882100e+00        2.19556805e-08  24.8962  24.4264
0202-11-01_14:46:50.130000      3082.66        1.95891800e+00        2.47447005e-08  24.8962  24.4264
0202-11-01_14:46:50.336000      3082.87        1.96833700e+00        1.70593805e-08  24.8962  24.4264
0202-11-01_14:46:50.527000      3083.06        1.97834900e+00        1.92286305e-08  24.8962  24.4264
0202-11-01_14:46:50.730000      3083.26        1.98841000e+00        1.66875105e-08  24.8962  24.4264
0202-11-01_14:46:50.934000      3083.46        1.99795200e+00        2.77196705e-08  24.8610  24.3886
0202-11-01_14:46:51.125000      3083.66        2.00782000e+00        2.84639005e-08  24.8610  24.3886
0202-11-01_14:46:51.316000      3083.85        2.01812600e+00        2.78448405e-08  24.8610  24.3886
0202-11-01_14:46:51.523000      3084.05        2.02838000e+00        1.69376105e-08  24.8610  24.3886
0202-11-01_14:46:51.754000      3084.28        2.03796900e+00        1.53264205e-08  24.8610  24.3886
0202-11-01_14:46:51.953000      3084.48        2.04840400e+00        2.44992305e-08  24.8365  24.3928
0202-11-01_14:46:52.156000      3084.69        2.05787600e+00        3.18746705e-08  24.8365  24.3928
0202-11-01_14:46:52.360000      3084.89        2.06754900e+00        2.52429705e-08  24.8365  24.3928
0202-11-01_14:46:52.550000      3085.08        2.07799900e+00        2.48711005e-08  24.8365  24.3928
0202-11-01_14:46:52.758000      3085.29        2.08764600e+00        2.02846905e-08  24.8365  24.3928
0202-11-01_14:46:52.950000      3085.48        2.09756300e+00        2.57388005e-08  24.8878  24.4416
0202-11-01_14:46:53.145000      3085.67        2.10773800e+00        2.64205605e-08  24.8878  24.4416
0202-11-01_14:46:53.348000      3085.88        2.11711500e+00        2.20820705e-08  24.8878  24.4416
0202-11-01_14:46:53.540000      3086.07        2.12734600e+00        2.41893405e-08  24.8878  24.4416
0202-11-01_14:46:53.746000      3086.28        2.13759100e+00        2.50570405e-08  24.9168  24.3420
0202-11-01_14:46:53.940000      3086.47        2.14722200e+00        2.82799205e-08  24.9168  24.3420
0202-11-01_14:46:54.133000      3086.66        2.15718000e+00        3.08210305e-08  24.9168  24.3420
0202-11-01_14:46:54.324000      3086.85        2.16730400e+00        3.44777605e-08  24.9168  24.3420
0202-11-01_14:46:54.520000      3087.05        2.17741800e+00        3.24944505e-08  24.9168  24.3420
0202-11-01_14:46:54.715000      3087.25        2.18660600e+00        3.18126905e-08  24.9168  24.3420
0202-11-01_14:46:54.906000      3087.44        2.19697900e+00        3.01392705e-08  24.9362  24.4623
0202-11-01_14:46:55.110000      3087.64        2.20727800e+00        3.53454605e-08  24.9362  24.4623
0202-11-01_14:46:55.312000      3087.84        2.21656300e+00        3.67709705e-08  24.9362  24.4623
0202-11-01_14:46:55.504000      3088.04        2.22695400e+00        3.82584505e-08  24.9362  24.4623
0202-11-01_14:46:55.740000      3088.27        2.23755000e+00        3.74527305e-08  24.9362  24.4623
0202-11-01_14:46:55.940000      3088.47        2.24700000e+00        4.27828805e-08  24.9035  24.3384
0202-11-01_14:46:56.145000      3088.67        2.25685900e+00        4.09235205e-08  24.9035  24.3384
0202-11-01_14:46:56.348000      3088.88        2.26626900e+00        4.19151805e-08  24.9035  24.3384
0202-11-01_14:46:56.547000      3089.08        2.27677300e+00        4.09235205e-08  24.9035  24.3384
0202-11-01_14:46:56.754000      3089.28        2.28656300e+00        4.19151805e-08  24.9035  24.3384
0202-11-01_14:46:56.957000      3089.49        2.29595700e+00        4.10474805e-08  24.9087  24.4265
0202-11-01_14:46:57.150000      3089.68        2.30652000e+00        3.88163105e-08  24.9087  24.4265
0202-11-01_14:46:57.340000      3089.87        2.31617100e+00        3.94361405e-08  24.9087  24.4265
0202-11-01_14:46:57.547000      3090.08        2.32600200e+00        4.40226105e-08  24.9087  24.4265
0202-11-01_14:46:57.758000      3090.29        2.33597600e+00        4.88569405e-08  24.9087  24.4265
0202-11-01_14:46:57.965000      3090.50        2.34595400e+00        5.33193805e-08  24.9033  24.3951
0202-11-01_14:46:58.156000      3090.69        2.35561500e+00        5.09022205e-08  24.9033  24.3951
0202-11-01_14:46:58.350000      3090.88        2.36602100e+00        4.66257105e-08  24.9033  24.3951
0202-11-01_14:46:58.543000      3091.07        2.37610700e+00        4.09236905e-08  24.9033  24.3951
0202-11-01_14:46:58.758000      3091.29        2.38586800e+00        3.86304905e-08  24.9033  24.3951
0202-11-01_14:46:58.953000      3091.48        2.39585800e+00        4.04278605e-08  24.9563  24.3785
0202-11-01_14:46:59.156000      3091.69        2.40573600e+00        4.50142705e-08  24.9563  24.3785
0202-11-01_14:46:59.348000      3091.88        2.41551400e+00        5.00965005e-08  24.9563  24.3785
0202-11-01_14:46:59.540000      3092.07        2.42516900e+00        4.58819705e-08  24.9563  24.3785
0202-11-01_14:46:59.754000      3092.28        2.43547200e+00        4.62538405e-08  24.9563  24.3785
0202-11-01_14:46:59.950000      3092.48        2.44524700e+00        4.18533705e-08  24.9648  24.4282
0202-11-01_14:47:00.150000      3092.68        2.45483900e+00        4.09856705e-08  24.9648  24.4282
0202-11-01_14:47:00.350000      3092.88        2.46534200e+00        4.37747005e-08  24.9648  24.4282
0202-11-01_14:47:00.555000      3093.08        2.47530800e+00        4.79272605e-08  24.9648  24.4282
0202-11-01_14:47:00.760000      3093.29        2.48445300e+00        4.68736205e-08  24.9648  24.4282
0202-11-01_14:47:00.957000      3093.49        2.49524100e+00        4.40845905e-08  24.9167  24.3847
0202-11-01_14:47:01.160000      3093.69        2.50521900e+00        4.07377605e-08  24.9167  24.3847
0202-11-01_14:47:01.355000      3093.89        2.51469500e+00        4.54481205e-08  24.9167  24.3847
0202-11-01_14:47:01.547000      3094.08        2.52501100e+00        4.82371505e-08  24.9167  24.3847
0202-11-01_14:47:01.758000      3094.29        2.53502700e+00        4.94767205e-08  24.9167  24.3847
0202-11-01_14:47:01.953000      3094.48        2.54441800e+00        4.99105705e-08  24.8805  24.3918
0202-11-01_14:47:02.145000      3094.68        2.55470800e+00        5.21417905e-08  24.8805  24.3918
0202-11-01_14:47:02.348000      3094.88        2.56456200e+00        4.85470405e-08  24.8805  24.3918
0202-11-01_14:47:02.543000      3095.07        2.57421700e+00        4.61918605e-08  24.8805  24.3918
0202-11-01_14:47:02.746000      3095.28        2.58462800e+00        4.19153505e-08  24.8805  24.3918
0202-11-01_14:47:02.945000      3095.48        2.59424600e+00        4.04278605e-08  24.8809  24.4413
0202-11-01_14:47:03.140000      3095.67        2.60386000e+00        3.93744205e-08  24.8809  24.4413
0202-11-01_14:47:03.332000      3095.86        2.61436700e+00        4.16058405e-08  24.8809  24.4413
0202-11-01_14:47:03.535000      3096.07        2.62415100e+00        4.66263605e-08  24.8809  24.4413
0202-11-01_14:47:03.740000      3096.27        2.63410500e+00        4.99112205e-08  24.8809  24.4413
0202-11-01_14:47:03.930000      3096.46        2.64373800e+00        4.84237305e-08  24.8730  24.3454
0202-11-01_14:47:04.125000      3096.66        2.65377900e+00        4.75560405e-08  24.8730  24.3454
0202-11-01_14:47:04.320000      3096.85        2.66383700e+00        4.53867905e-08  24.8730  24.3454
0202-11-01_14:47:04.510000      3097.04        2.67364300e+00        4.23498405e-08  24.8730  24.3454
0202-11-01_14:47:04.730000      3097.26        2.68431100e+00        4.05524705e-08  24.8730  24.3454
0202-11-01_14:47:04.945000      3097.48        2.69364400e+00        3.47884705e-08  24.8520  24.4690
0202-11-01_14:47:05.150000      3097.68        2.70384500e+00        2.92723805e-08  24.8520  24.4690
0202-11-01_14:47:05.340000      3097.87        2.71382200e+00        3.37968105e-08  24.8520  24.4690
0202-11-01_14:47:05.543000      3098.07        2.72292900e+00        3.23713105e-08  24.8520  24.4690
0202-11-01_14:47:05.760000      3098.29        2.73390300e+00        3.35489005e-08  24.8520  24.4690
0202-11-01_14:47:05.953000      3098.49        2.74331800e+00        2.89005105e-08  24.8500  24.3537
0202-11-01_14:47:06.150000      3098.68        2.75325400e+00        2.73510505e-08  24.8500  24.3537
0202-11-01_14:47:06.340000      3098.87        2.76337600e+00        2.32604705e-08  24.8500  24.3537
0202-11-01_14:47:06.535000      3099.07        2.77349400e+00        1.84881305e-08  24.8500  24.3537
0202-11-01_14:47:06.740000      3099.27        2.78274100e+00        1.97896805e-08  24.8500  24.3537
0202-11-01_14:47:06.930000      3099.46        2.79333000e+00        2.08433105e-08  24.9172  24.4274
0202-11-01_14:47:07.133000      3099.66        2.80316800e+00        2.17110105e-08  24.9172  24.4274
0202-11-01_14:47:07.330000      3099.86        2.81251600e+00        1.89219805e-08  24.9172  24.4274
0202-11-01_14:47:07.520000      3100.05        2.82333300e+00        2.15870505e-08  24.9172  24.4274
0202-11-01_14:47:07.746000      3100.28        2.83361600e+00        1.71865805e-08  24.9172  24.4274
0202-11-01_14:47:07.950000      3100.48        2.84284600e+00        2.27026705e-08  24.9044  24.3963
0202-11-01_14:47:08.152000      3100.68        2.85284000e+00        1.43355705e-08  24.9044  24.3963
0202-11-01_14:47:08.344000      3100.88        2.86199000e+00        8.01377050e-09  24.9044  24.3963
0202-11-01_14:47:08.555000      3101.08        2.87260300e+00        4.10912050e-09  24.9044  24.3963
0202-11-01_14:47:08.750000      3101.28        2.88257400e+00        7.70387050e-09  24.9044  24.3963
0202-11-01_14:47:08.940000      3101.47        2.89185300e+00        1.96657205e-08  24.8681  24.3750
0202-11-01_14:47:09.145000      3101.68        2.90252700e+00        1.48928705e-08  24.8681  24.3750
0202-11-01_14:47:09.348000      3101.88        2.91223300e+00        1.30328405e-08  24.8681  24.3750
0202-11-01_14:47:09.540000      3102.07        2.92190500e+00        1.14209005e-08  24.8681  24.3750
0202-11-01_14:47:09.754000      3102.28        2.93230000e+00        1.05532005e-08  24.8681  24.3750
0202-11-01_14:47:09.945000      3102.48        2.94197400e+00        1.16688105e-08  24.9301  24.4195
0202-11-01_14:47:10.137000      3102.67        2.95162900e+00        8.26000050e-09  24.9301  24.4195
0202-11-01_14:47:10.344000      3102.87        2.96187600e+00        9.00374050e-09  24.9301  24.4195
0202-11-01_14:47:10.535000      3103.07        2.97195800e+00        9.74748050e-09  24.9301  24.4195
0202-11-01_14:47:10.760000      3103.29        2.98149100e+00        1.08630905e-08  24.9301  24.4195
0202-11-01_14:47:10.957000      3103.49        2.99165800e+00        9.87144050e-09  24.9426  24.3858
0202-11-01_14:47:11.160000      3103.69        3.00180100e+00        1.13589205e-08  24.9426  24.3858
0202-11-01_14:47:11.363000      3103.89        3.01087300e+00        7.39230050e-09  24.9426  24.3858
0202-11-01_14:47:11.566000      3104.10        3.02126400e+00        1.09250705e-08  24.9426  24.3858
0202-11-01_14:47:11.760000      3104.29        3.03143000e+00        8.32198050e-09  24.9426  24.3858
0202-11-01_14:47:11.957000      3104.49        3.04108400e+00        1.52015805e-08  24.9348  24.3909
0202-11-01_14:47:12.152000      3104.68        3.05116100e+00        1.92301805e-08  24.9348  24.3909
0202-11-01_14:47:12.344000      3104.88        3.06129400e+00        1.94781005e-08  24.9348  24.3909
0202-11-01_14:47:12.540000      3105.07        3.07007900e+00        2.20192105e-08  24.9348  24.3909
0202-11-01_14:47:12.750000      3105.28        3.08134700e+00        2.41264805e-08  24.9348  24.3909
0202-11-01_14:47:12.953000      3105.48        3.09060000e+00        3.28034605e-08  24.9199  24.4410
0202-11-01_14:47:13.145000      3105.68        3.10054100e+00        2.95186005e-08  24.9199  24.4410
0202-11-01_14:47:13.344000      3105.87        3.11085000e+00        3.54685405e-08  24.9199  24.4410
0202-11-01_14:47:13.535000      3106.07        3.12038600e+00        3.14399405e-08  24.9199  24.4410
0202-11-01_14:47:13.754000      3106.29        3.13047500e+00        3.53445805e-08  24.9199  24.4410
0202-11-01_14:47:13.965000      3106.50        3.14076600e+00        3.28654405e-08  24.9102  24.3479
0202-11-01_14:47:14.168000      3106.70        3.15025700e+00        2.74113405e-08  24.9102  24.3479
0202-11-01_14:47:14.360000      3106.89        3.16017900e+00        2.92706905e-08  24.9102  24.3479
0202-11-01_14:47:14.570000      3107.10        3.17026200e+00        2.91467305e-08  24.9102  24.3479
0202-11-01_14:47:14.773000      3107.30        3.17995200e+00        2.99524505e-08  24.9091  24.4692
0202-11-01_14:47:14.965000      3107.50        3.19033000e+00        2.77211605e-08  24.9091  24.4692
0202-11-01_14:47:15.168000      3107.70        3.20014800e+00        2.89605405e-08  24.9091  24.4692
0202-11-01_14:47:15.370000      3107.90        3.21001900e+00        3.26170105e-08  24.9091  24.4692
0202-11-01_14:47:15.562000      3108.09        3.22005800e+00        3.93725205e-08  24.9091  24.4692
0202-11-01_14:47:15.770000      3108.30        3.23018200e+00        3.42283105e-08  24.9091  24.4692
0202-11-01_14:47:15.973000      3108.50        3.23968200e+00        3.77610905e-08  24.8455  24.3481
0202-11-01_14:47:16.164000      3108.69        3.24969300e+00        3.35465505e-08  24.8455  24.3481
0202-11-01_14:47:16.370000      3108.90        3.25997800e+00        3.25549005e-08  24.8455  24.3481
0202-11-01_14:47:16.566000      3109.10        3.26970500e+00        3.16872005e-08  24.8455  24.3481
0202-11-01_14:47:16.773000      3109.30        3.27910300e+00        3.36085305e-08  24.8455  24.3481
0202-11-01_14:47:16.977000      3109.51        3.28991000e+00        3.49100805e-08  24.8646  24.4357
0202-11-01_14:47:17.168000      3109.70        3.29961200e+00        3.40423805e-08  24.8646  24.4357
0202-11-01_14:47:17.360000      3109.89        3.30835300e+00        3.32366605e-08  24.8646  24.4357
0202-11-01_14:47:17.566000      3110.10        3.31952400e+00        3.86907605e-08  24.8646  24.4357
0202-11-01_14:47:17.773000      3110.31        3.32952000e+00        3.76991105e-08  24.8646  24.4357
0202-11-01_14:47:17.977000      3110.51        3.33922600e+00        3.73892105e-08  24.8895  24.3980
0202-11-01_14:47:18.180000      3110.71        3.34951100e+00        3.50340305e-08  24.8895  24.3980
0202-11-01_14:47:18.383000      3110.91        3.35909700e+00        3.06335605e-08  24.8895  24.3980
0202-11-01_14:47:18.574000      3111.11        3.36870500e+00        3.05715905e-08  24.8895  24.3980
0202-11-01_14:47:18.785000      3111.31        3.37903300e+00        2.64810105e-08  24.9469  24.3810
0202-11-01_14:47:18.977000      3111.51        3.38902100e+00        3.27408305e-08  24.9469  24.3810
0202-11-01_14:47:19.170000      3111.70        3.39812100e+00        3.50960105e-08  24.9469  24.3810
0202-11-01_14:47:19.375000      3111.91        3.40870500e+00        4.14797905e-08  24.9469  24.3810
0202-11-01_14:47:19.580000      3112.11        3.41891200e+00        4.55703705e-08  24.9469  24.3810
0202-11-01_14:47:19.773000      3112.30        3.42833600e+00        4.29672705e-08  24.9469  24.3810
0202-11-01_14:47:19.977000      3112.51        3.43830400e+00        4.50125605e-08  24.9073  24.4263
0202-11-01_14:47:20.180000      3112.71        3.44839100e+00        4.35870605e-08  24.9073  24.4263
0202-11-01_14:47:20.370000      3112.90        3.45827200e+00        4.04881405e-08  24.9073  24.4263
0202-11-01_14:47:20.574000      3113.10        3.46865100e+00        4.45167305e-08  24.9073  24.4263
0202-11-01_14:47:20.773000      3113.31        3.47868500e+00        4.07360505e-08  24.8792  24.3773
0202-11-01_14:47:20.970000      3113.50        3.48745500e+00        4.26573305e-08  24.8792  24.3773
0202-11-01_14:47:21.168000      3113.70        3.49836000e+00        4.08598105e-08  24.8792  24.3773
0202-11-01_14:47:21.370000      3113.90        3.50843700e+00        3.98059705e-08  24.8792  24.3773
0202-11-01_14:47:21.566000      3114.10        3.51787200e+00        4.32146905e-08  24.8792  24.3773
0202-11-01_14:47:21.773000      3114.30        3.52807600e+00        4.52599805e-08  24.9360  24.3872
0202-11-01_14:47:21.965000      3114.50        3.53786100e+00        4.72432805e-08  24.9360  24.3872
0202-11-01_14:47:22.160000      3114.69        3.54706400e+00        5.06521005e-08  24.9360  24.3872
0202-11-01_14:47:22.363000      3114.90        3.55792900e+00        4.91026405e-08  24.9360  24.3872
0202-11-01_14:47:22.560000      3115.09        3.56730100e+00        4.73052605e-08  24.9360  24.3872
0202-11-01_14:47:22.780000      3115.31        3.57708200e+00        4.71193305e-08  24.9360  24.3872
0202-11-01_14:47:22.973000      3115.50        3.58782100e+00        5.56723505e-08  24.9399  24.4402
0202-11-01_14:47:23.164000      3115.70        3.59746900e+00        6.33576805e-08  24.9399  24.4402
0202-11-01_14:47:23.360000      3115.89        3.60709500e+00        7.27784005e-08  24.9399  24.4402
0202-11-01_14:47:23.562000      3116.09        3.61680700e+00        8.09595505e-08  24.9399  24.4402
0202-11-01_14:47:23.758000      3116.29        3.62709200e+00        8.35006705e-08  24.9260  24.3438
0202-11-01_14:47:23.960000      3116.49        3.63738600e+00        9.10620405e-08  24.9260  24.3438
0202-11-01_14:47:24.152000      3116.68        3.64685200e+00        9.73218605e-08  24.9260  24.3438
0202-11-01_14:47:24.348000      3116.88        3.65719600e+00        1.01474411e-07  24.9260  24.3438
0202-11-01_14:47:24.540000      3117.07        3.66695400e+00        1.03085851e-07  24.9260  24.3438
0202-11-01_14:47:24.734000      3117.27        3.67605400e+00        1.16225281e-07  24.9260  24.3438
0202-11-01_14:47:24.930000      3117.46        3.68673500e+00        1.19448161e-07  24.9006  24.4700
0202-11-01_14:47:25.120000      3117.65        3.69711200e+00        1.34013091e-07  24.9006  24.4700
0202-11-01_14:47:25.332000      3117.86        3.70575000e+00        1.39095321e-07  24.9006  24.4700
0202-11-01_14:47:25.527000      3118.06        3.71670800e+00        1.43185891e-07  24.9006  24.4700
0202-11-01_14:47:25.723000      3118.25        3.72664600e+00        1.41450501e-07  24.9006  24.4700
0202-11-01_14:47:25.930000      3118.46        3.73565800e+00        1.55395651e-07  24.9158  24.3465
0202-11-01_14:47:26.140000      3118.67        3.74635400e+00        1.67667371e-07  24.9158  24.3465
0202-11-01_14:47:26.340000      3118.87        3.75688400e+00        1.81488561e-07  24.9158  24.3465
0202-11-01_14:47:26.562000      3119.09        3.76665700e+00        1.84773421e-07  24.9158  24.3465
0202-11-01_14:47:26.760000      3119.29        3.77663800e+00        1.98656591e-07  24.8527  24.4303
0202-11-01_14:47:26.957000      3119.49        3.78581400e+00        2.08015441e-07  24.8527  24.4303
0202-11-01_14:47:27.164000      3119.70        3.79615700e+00        2.18614091e-07  24.8527  24.4303
0202-11-01_14:47:27.363000      3119.89        3.80619600e+00        2.35410691e-07  24.8527  24.4303
0202-11-01_14:47:27.566000      3120.10        3.81608300e+00        2.48798261e-07  24.8527  24.4303
0202-11-01_14:47:27.770000      3120.30        3.82597500e+00        2.71172481e-07  24.8641  24.4085
0202-11-01_14:47:27.965000      3120.50        3.83616100e+00        2.87348851e-07  24.8641  24.4085
0202-11-01_14:47:28.164000      3120.70        3.84525900e+00        3.09537141e-07  24.8641  24.4085
0202-11-01_14:47:28.363000      3120.89        3.85548000e+00        3.32841031e-07  24.8641  24.4085
0202-11-01_14:47:28.560000      3121.09        3.86580200e+00        3.51186651e-07  24.8641  24.4085
0202-11-01_14:47:28.754000      3121.28        3.87598800e+00        3.65317741e-07  24.8641  24.4085
0202-11-01_14:47:28.950000      3121.48        3.88512600e+00        3.93022111e-07  24.8813  24.3782
0202-11-01_14:47:29.152000      3121.68        3.89573600e+00        4.13970821e-07  24.8813  24.3782
0202-11-01_14:47:29.363000      3121.89        3.90574000e+00        4.38390331e-07  24.8813  24.3782
0202-11-01_14:47:29.560000      3122.09        3.91538800e+00        4.69441530e-07  24.8813  24.3782
0202-11-01_14:47:29.758000      3122.29        3.92569200e+00        4.97765680e-07  24.9190  24.4244
0202-11-01_14:47:29.953000      3122.48        3.93535100e+00        5.23858610e-07  24.9190  24.4244
0202-11-01_14:47:30.156000      3122.68        3.94480400e+00        5.55219701e-07  24.9190  24.4244
0202-11-01_14:47:30.360000      3122.89        3.95522200e+00        5.93584360e-07  24.9190  24.4244
0202-11-01_14:47:30.560000      3123.09        3.96557800e+00        6.30399561e-07  24.9190  24.4244
0202-11-01_14:47:30.766000      3123.30        3.97471400e+00        6.71367321e-07  24.9174  24.3831
0202-11-01_14:47:30.960000      3123.49        3.98535800e+00        7.11591330e-07  24.9174  24.3831
0202-11-01_14:47:31.152000      3123.68        3.99470300e+00        7.45555520e-07  24.9174  24.3831
0202-11-01_14:47:31.355000      3123.89        4.00449700e+00        8.00778311e-07  24.9174  24.3831
0202-11-01_14:47:31.550000      3124.08        4.01462300e+00        8.38027361e-07  24.9174  24.3831
0202-11-01_14:47:31.785000      3124.31        4.02507500e+00        8.92568401e-07  24.9174  24.3831
0202-11-01_14:47:31.977000      3124.51        4.03449000e+00        9.29135681e-07  24.8856  24.3813
0202-11-01_14:47:32.188000      3124.72        4.04495300e+00        9.92477651e-07  24.8856  24.3813
0202-11-01_14:47:32.387000      3124.92        4.05451800e+00        1.03747401e-06  24.8856  24.3813
0202-11-01_14:47:32.580000      3125.11        4.06447400e+00        1.09238691e-06  24.8856  24.3813
0202-11-01_14:47:32.777000      3125.31        4.07461600e+00        1.15845594e-06  24.8856  24.3813
0202-11-01_14:47:32.970000      3125.50        4.08407100e+00        1.21659193e-06  24.9346  24.4398
0202-11-01_14:47:33.164000      3125.69        4.09398500e+00        1.27336450e-06  24.9346  24.4398
0202-11-01_14:47:33.370000      3125.90        4.10428300e+00        1.35715979e-06  24.9346  24.4398
0202-11-01_14:47:33.562000      3126.09        4.11438900e+00        1.42143156e-06  24.9346  24.4398
0202-11-01_14:47:33.758000      3126.29        4.12331400e+00        1.48595114e-06  24.9465  24.3352
0202-11-01_14:47:33.960000      3126.49        4.13384900e+00        1.58288545e-06  24.9465  24.3352
0202-11-01_14:47:34.156000      3126.68        4.14411000e+00        1.65540025e-06  24.9465  24.3352
0202-11-01_14:47:34.360000      3126.89        4.15361300e+00        1.73919513e-06  24.9465  24.3352
0202-11-01_14:47:34.560000      3127.09        4.16373300e+00        1.84784337e-06  24.9465  24.3352
0202-11-01_14:47:34.758000      3127.29        4.17390600e+00        1.93988138e-06  24.9465  24.3352
0202-11-01_14:47:34.950000      3127.48        4.18331300e+00        2.03179544e-06  24.9276  24.4661
0202-11-01_14:47:35.150000      3127.68        4.19327500e+00        2.15110398e-06  24.9276  24.4661
0202-11-01_14:47:35.360000      3127.89        4.20384500e+00        2.24655081e-06  24.9276  24.4661
0202-11-01_14:47:35.560000      3128.09        4.21348600e+00        2.34422886e-06  24.9276  24.4661
0202-11-01_14:47:35.750000      3128.28        4.22359000e+00        2.46471499e-06  24.9276  24.4661
0202-11-01_14:47:35.960000      3128.49        4.23365100e+00        2.58569694e-06  24.9007  24.3496
0202-11-01_14:47:36.152000      3128.68        4.24370700e+00        2.74894820e-06  24.9007  24.3496
0202-11-01_14:47:36.360000      3128.89        4.25247100e+00        2.86738904e-06  24.9007  24.3496
0202-11-01_14:47:36.562000      3129.09        4.26339900e+00        2.99246157e-06  24.9007  24.3496
0202-11-01_14:47:36.758000      3129.29        4.27310200e+00        3.16984393e-06  24.9007  24.3496
0202-11-01_14:47:36.950000      3129.48        4.28253300e+00        3.30712621e-06  24.9009  24.4296
0202-11-01_14:47:37.160000      3129.69        4.29321300e+00        3.44447048e-06  24.9009  24.4296
0202-11-01_14:47:37.355000      3129.89        4.30242500e+00        3.63214126e-06  24.9009  24.4296
0202-11-01_14:47:37.560000      3130.09        4.31270100e+00        3.78584784e-06  24.9009  24.4296
0202-11-01_14:47:37.766000      3130.29        4.32295200e+00        4.00642918e-06  24.9009  24.4296
0202-11-01_14:47:37.960000      3130.49        4.33298900e+00        4.17829545e-06  24.9303  24.4072
0202-11-01_14:47:38.168000      3130.70        4.34192500e+00        4.41387557e-06  24.9303  24.4072
0202-11-01_14:47:38.363000      3130.90        4.35305000e+00        4.58927461e-06  24.9303  24.4072
0202-11-01_14:47:38.574000      3131.11        4.36302400e+00        4.78580831e-06  24.9303  24.4072
0202-11-01_14:47:38.773000      3131.30        4.37249800e+00        5.04500222e-06  24.9303  24.4072
0202-11-01_14:47:38.973000      3131.50        4.38284600e+00        5.25808389e-06  24.8752  24.3870
0202-11-01_14:47:39.176000      3131.71        4.39233900e+00        5.46812845e-06  24.8752  24.3870
0202-11-01_14:47:39.370000      3131.90        4.40152800e+00        5.76940515e-06  24.8752  24.3870
0202-11-01_14:47:39.566000      3132.10        4.41235600e+00        6.00938557e-06  24.8752  24.3870
0202-11-01_14:47:39.785000      3132.31        4.42216100e+00        6.25506814e-06  24.8752  24.3870
0202-11-01_14:47:39.992000      3132.52        4.43162900e+00        6.58999971e-06  24.8593  24.4288
0202-11-01_14:47:40.195000      3132.72        4.44243200e+00        6.93422801e-06  24.8593  24.4288
0202-11-01_14:47:40.390000      3132.92        4.45272000e+00        7.19930981e-06  24.8593  24.4288
0202-11-01_14:47:40.600000      3133.13        4.46114900e+00        7.57682051e-06  24.8593  24.4288
0202-11-01_14:47:40.800000      3133.33        4.47223100e+00        7.87010261e-06  24.8593  24.4288
0202-11-01_14:47:40.992000      3133.52        4.48181200e+00        8.17144181e-06  24.8964  24.3919
0202-11-01_14:47:41.188000      3133.72        4.49108200e+00        8.58173911e-06  24.8964  24.3919
0202-11-01_14:47:41.383000      3133.91        4.50196200e+00        8.91815811e-06  24.8964  24.3919
0202-11-01_14:47:41.598000      3134.13        4.51209000e+00        9.26077501e-06  24.8964  24.3919
0202-11-01_14:47:41.805000      3134.33        4.52092800e+00        9.63803781e-06  24.8964  24.3919
0202-11-01_14:47:42.004000      3134.54        4.53155400e+00        1.01571693e-05  24.9540  24.3898
0202-11-01_14:47:42.200000      3134.73        4.54122200e+00        1.05490590e-05  24.9540  24.3898
0202-11-01_14:47:42.410000      3134.94        4.55112800e+00        1.10838711e-05  24.9540  24.3898
0202-11-01_14:47:42.600000      3135.13        4.56146200e+00        1.14923710e-05  24.9540  24.3898
0202-11-01_14:47:42.797000      3135.33        4.57146400e+00        1.19256623e-05  24.9205  24.4384
0202-11-01_14:47:43             3135.53        4.58050300e+00        1.25103050e-05  24.9205  24.4384
0202-11-01_14:47:43.195000      3135.73        4.59120500e+00        1.29828907e-05  24.9205  24.4384
0202-11-01_14:47:43.390000      3135.92        4.60079300e+00        1.34622320e-05  24.9205  24.4384
0202-11-01_14:47:43.598000      3136.13        4.61006300e+00        1.41317852e-05  24.9205  24.4384
0202-11-01_14:47:43.793000      3136.32        4.62108500e+00        1.55375184e-05  24.8917  24.3348
0202-11-01_14:47:43.990000      3136.52        4.63099700e+00        1.56177185e-05  24.8917  24.3348
0202-11-01_14:47:44.184000      3136.71        4.63995200e+00        1.59797966e-05  24.8917  24.3348
0202-11-01_14:47:44.383000      3136.91        4.65070300e+00        1.72522141e-05  24.8917  24.3348
0202-11-01_14:47:44.598000      3137.13        4.66090800e+00        1.75161803e-05  24.8917  24.3348
0202-11-01_14:47:44.800000      3137.33        4.67027000e+00        1.87566789e-05  24.9494  24.4595
0202-11-01_14:47:45.004000      3137.54        4.68028900e+00        1.89836415e-05  24.9494  24.4595
0202-11-01_14:47:45.200000      3137.73        4.68956800e+00        2.03668725e-05  24.9494  24.4595