# Ic = 3.77 A, n = 21.63 , Tavg = 24.89 K, f23-pulse-5p5ms-4
#datetime                        t_s     iHTS_A                vHTS_V                tHTS_K  tTAR_K
0202-11-01_19:26:23.684000      2553.08        5.03452100e-02        6.56662200e-09  24.9176  24.4033
0202-11-01_19:26:23.887000      2553.28        1.33384300e-02        9.60356200e-09  24.9176  24.4033
0202-11-01_19:26:24.082000      2553.48        2.33206900e-02        9.78950200e-09  24.9176  24.4033
0202-11-01_19:26:24.285000      2553.68        3.30730500e-02        2.47604200e-09  24.9514  24.4567
0202-11-01_19:26:24.484000      2553.88        4.21945100e-02        2.16615200e-09  24.9514  24.4567
0202-11-01_19:26:24.680000      2554.07        5.28149400e-02        1.05053200e-09  24.9514  24.4567
0202-11-01_19:26:24.887000      2554.28        6.27155700e-02        8.61191200e-09  24.9514  24.4567
0202-11-01_19:26:25.082000      2554.48        7.25063700e-02        8.48795200e-09  24.9514  24.4567
0202-11-01_19:26:25.277000      2554.67        8.25658000e-02        7.12442200e-09  24.9514  24.4567
0202-11-01_19:26:25.484000      2554.88        9.25554800e-02        8.61191200e-09  24.9948  24.3751
0202-11-01_19:26:25.680000      2555.08        1.02113300e-01        1.16488520e-08  24.9948  24.3751
0202-11-01_19:26:25.875000      2555.27        1.12589600e-01        1.22063920e-08  24.9948  24.3751
0202-11-01_19:26:26.074000      2555.47        1.22414500e-01        1.28873520e-08  24.9948  24.3751
0202-11-01_19:26:26.277000      2555.67        1.31809100e-01        1.63570820e-08  24.9338  24.4563
0202-11-01_19:26:26.470000      2555.87        1.42058500e-01        1.75961120e-08  24.9338  24.4563
0202-11-01_19:26:26.670000      2556.07        1.52034800e-01        1.76580920e-08  24.9338  24.4563
0202-11-01_19:26:26.875000      2556.27        1.61076100e-01        1.58607220e-08  24.9338  24.4563
0202-11-01_19:26:27.066000      2556.46        1.71711400e-01        1.86497520e-08  24.9338  24.4563
0202-11-01_19:26:27.273000      2556.67        1.82092900e-01        1.31956420e-08  24.9189  24.3999
0202-11-01_19:26:27.470000      2556.86        1.91034600e-01        1.67284220e-08  24.9189  24.3999
0202-11-01_19:26:27.660000      2557.06        2.01865800e-01        1.23899320e-08  24.9189  24.3999
0202-11-01_19:26:27.863000      2557.26        2.11681800e-01        1.56128020e-08  24.9189  24.3999
0202-11-01_19:26:28.060000      2557.45        2.20745400e-01        8.73320200e-09  24.9189  24.3999
0202-11-01_19:26:28.258000      2557.66        2.31561700e-01        1.10883820e-08  24.9189  24.3999
0202-11-01_19:26:28.453000      2557.85        2.41609300e-01        5.75823200e-09  24.9141  24.4045
0202-11-01_19:26:28.645000      2558.04        2.50856900e-01        1.00967220e-08  24.9141  24.4045
0202-11-01_19:26:28.848000      2558.25        2.61615400e-01        1.43112620e-08  24.9141  24.4045
0202-11-01_19:26:29.043000      2558.44        2.71906800e-01        1.56747820e-08  24.9141  24.4045
0202-11-01_19:26:29.240000      2558.64        2.80400400e-01        1.18941020e-08  24.9141  24.4045
0202-11-01_19:26:29.445000      2558.84        2.91442400e-01        9.29100200e-09  24.9583  24.4463
0202-11-01_19:26:29.637000      2559.03        3.01473600e-01        7.61759200e-09  24.9583  24.4463
0202-11-01_19:26:29.830000      2559.23        3.10326400e-01        1.57367620e-08  24.9583  24.4463
0202-11-01_19:26:30.030000      2559.43        3.20973600e-01        1.20800320e-08  24.9583  24.4463
0202-11-01_19:26:30.230000      2559.63        3.31295700e-01        1.60466520e-08  24.9814  24.3691
0202-11-01_19:26:30.420000      2559.82        3.40234600e-01        1.78440320e-08  24.9814  24.3691
0202-11-01_19:26:30.625000      2560.02        3.50973100e-01        2.10669020e-08  24.9814  24.3691
0202-11-01_19:26:30.820000      2560.22        3.60569500e-01        1.82159020e-08  24.9814  24.3691
0202-11-01_19:26:31.010000      2560.41        3.69426800e-01        1.43112620e-08  24.9814  24.3691
0202-11-01_19:26:31.240000      2560.64        3.80844200e-01        2.23064720e-08  24.9814  24.3691
0202-11-01_19:26:31.445000      2560.84        3.89999800e-01        1.85257920e-08  24.9830  24.4504
0202-11-01_19:26:31.637000      2561.03        3.99559100e-01        1.63565420e-08  24.9830  24.4504
0202-11-01_19:26:31.830000      2561.23        4.10068200e-01        1.51790020e-08  24.9830  24.4504
0202-11-01_19:26:32.030000      2561.43        4.19885700e-01        1.85259620e-08  24.9830  24.4504
0202-11-01_19:26:32.234000      2561.63        4.29164000e-01        1.72245820e-08  24.9830  24.4504
0202-11-01_19:26:32.430000      2561.83        4.40036800e-01        1.57991620e-08  24.9509  24.3895
0202-11-01_19:26:32.633000      2562.03        4.49395700e-01        1.43736520e-08  24.9509  24.3895
0202-11-01_19:26:32.836000      2562.23        4.59109300e-01        1.88980820e-08  24.9509  24.3895
0202-11-01_19:26:33.027000      2562.42        4.69677800e-01        1.46835520e-08  24.9509  24.3895
0202-11-01_19:26:33.250000      2562.65        4.79772900e-01        1.69147720e-08  24.9509  24.3895
0202-11-01_19:26:33.445000      2562.84        4.89240100e-01        1.45595920e-08  24.9035  24.3992
0202-11-01_19:26:33.637000      2563.03        4.99160100e-01        2.12532620e-08  24.9035  24.3992
0202-11-01_19:26:33.832000      2563.23        5.08284200e-01        2.07574320e-08  24.9035  24.3992
0202-11-01_19:26:34.027000      2563.42        5.19455200e-01        2.09433720e-08  24.9035  24.3992
0202-11-01_19:26:34.258000      2563.65        5.29308400e-01        2.13152420e-08  24.9035  24.3992
0202-11-01_19:26:34.453000      2563.85        5.39299500e-01        2.16251320e-08  24.8761  24.4405
0202-11-01_19:26:34.652000      2564.05        5.49321900e-01        2.62735120e-08  24.8761  24.4405
0202-11-01_19:26:34.844000      2564.24        5.58952400e-01        2.87526520e-08  24.8761  24.4405
0202-11-01_19:26:35.047000      2564.44        5.68526500e-01        3.11078320e-08  24.8761  24.4405
0202-11-01_19:26:35.250000      2564.65        5.78732900e-01        2.70792320e-08  24.8761  24.4405
0202-11-01_19:26:35.440000      2564.84        5.88737100e-01        2.84427620e-08  24.9042  24.3557
0202-11-01_19:26:35.645000      2565.04        5.97682000e-01        2.93104620e-08  24.9042  24.3557
0202-11-01_19:26:35.848000      2565.24        6.08418200e-01        3.11078320e-08  24.9042  24.3557
0202-11-01_19:26:36.040000      2565.44        6.18593400e-01        2.74511020e-08  24.9042  24.3557
0202-11-01_19:26:36.254000      2565.65        6.28287700e-01        2.43521820e-08  24.9042  24.3557
0202-11-01_19:26:36.445000      2565.84        6.38364900e-01        1.70387320e-08  24.9026  24.4428
0202-11-01_19:26:36.637000      2566.04        6.48183900e-01        1.93319320e-08  24.9026  24.4428
0202-11-01_19:26:36.844000      2566.24        6.57765500e-01        2.26167920e-08  24.9026  24.4428
0202-11-01_19:26:37.035000      2566.43        6.67376700e-01        2.26167920e-08  24.9026  24.4428
0202-11-01_19:26:37.230000      2566.63        6.77783400e-01        2.43521820e-08  24.9026  24.4428
0202-11-01_19:26:37.434000      2566.83        6.87670700e-01        2.39803120e-08  24.9285  24.3836
0202-11-01_19:26:37.630000      2567.02        6.97212200e-01        2.98682620e-08  24.9285  24.3836
0202-11-01_19:26:37.820000      2567.22        7.07574400e-01        3.07977920e-08  24.9285  24.3836
0202-11-01_19:26:38.027000      2567.42        7.17846000e-01        3.76148420e-08  24.9285  24.3836
0202-11-01_19:26:38.234000      2567.63        7.27405300e-01        3.76144020e-08  24.9285  24.3836
0202-11-01_19:26:38.438000      2567.83        7.37387500e-01        3.66844420e-08  24.9307  24.3889
0202-11-01_19:26:38.630000      2568.03        7.47380800e-01        2.87512020e-08  24.9307  24.3889
0202-11-01_19:26:38.824000      2568.22        7.56428000e-01        2.86892220e-08  24.9307  24.3889
0202-11-01_19:26:39.016000      2568.41        7.67265200e-01        3.03626420e-08  24.9307  24.3889
0202-11-01_19:26:39.230000      2568.63        7.77271200e-01        3.91635720e-08  24.9307  24.3889
0202-11-01_19:26:39.426000      2568.82        7.86112100e-01        3.88536820e-08  24.9343  24.4413
0202-11-01_19:26:39.617000      2569.01        7.96965600e-01        3.74281820e-08  24.9343  24.4413
0202-11-01_19:26:39.820000      2569.22        8.06812800e-01        3.50110220e-08  24.9343  24.4413
0202-11-01_19:26:40.016000      2569.41        8.16275600e-01        3.79859820e-08  24.9343  24.4413
0202-11-01_19:26:40.234000      2569.63        8.26933000e-01        3.81099420e-08  24.9343  24.4413
0202-11-01_19:26:40.430000      2569.83        8.36364600e-01        4.07750120e-08  24.8957  24.3592
0202-11-01_19:26:40.633000      2570.03        8.46058900e-01        3.53209120e-08  24.8957  24.3592
0202-11-01_19:26:40.836000      2570.23        8.56599200e-01        4.18906220e-08  24.8957  24.3592
0202-11-01_19:26:41.035000      2570.43        8.66440500e-01        4.14567720e-08  24.8957  24.3592
0202-11-01_19:26:41.246000      2570.64        8.76442000e-01        4.30062320e-08  24.8957  24.3592
0202-11-01_19:26:41.438000      2570.84        8.86339700e-01        4.68488920e-08  24.9001  24.4419
0202-11-01_19:26:41.645000      2571.04        8.96028100e-01        4.85223120e-08  24.9001  24.4419
0202-11-01_19:26:41.836000      2571.23        9.05667000e-01        4.75306620e-08  24.9001  24.4419
0202-11-01_19:26:42.027000      2571.43        9.15975700e-01        4.70348320e-08  24.9001  24.4419
0202-11-01_19:26:42.240000      2571.64        9.26057400e-01        4.98238620e-08  24.9001  24.4419
0202-11-01_19:26:42.430000      2571.83        9.35705800e-01        4.90801220e-08  24.8749  24.3822
0202-11-01_19:26:42.625000      2572.02        9.45806700e-01        4.07130320e-08  24.8749  24.3822
0202-11-01_19:26:42.830000      2572.23        9.55900300e-01        3.57547620e-08  24.8749  24.3822
0202-11-01_19:26:43.023000      2572.42        9.65432900e-01        3.80479620e-08  24.8749  24.3822
0202-11-01_19:26:43.227000      2572.62        9.76053300e-01        4.52994320e-08  24.8749  24.3822
0202-11-01_19:26:43.418000      2572.81        9.85644900e-01        4.52994320e-08  24.8734  24.3972
0202-11-01_19:26:43.610000      2573.01        9.95477300e-01        4.13947920e-08  24.8734  24.3972
0202-11-01_19:26:43.800000      2573.20        1.00522800e+00        3.70563320e-08  24.8734  24.3972
0202-11-01_19:26:44.010000      2573.41        1.01540300e+00        3.87918020e-08  24.8734  24.3972
0202-11-01_19:26:44.210000      2573.61        1.02515100e+00        3.60648520e-08  24.8734  24.3972
0202-11-01_19:26:44.406000      2573.80        1.03488800e+00        3.78002920e-08  24.8994  24.4366
0202-11-01_19:26:44.610000      2574.01        1.04525700e+00        3.74904020e-08  24.8994  24.4366
0202-11-01_19:26:44.800000      2574.20        1.05505900e+00        3.79862320e-08  24.8994  24.4366
0202-11-01_19:26:44.996000      2574.39        1.06454900e+00        3.66846820e-08  24.8994  24.4366
0202-11-01_19:26:45.223000      2574.62        1.07496400e+00        3.50112620e-08  24.8994  24.4366
0202-11-01_19:26:45.426000      2574.82        1.08474200e+00        3.60649020e-08  24.9390  24.3568
0202-11-01_19:26:45.630000      2575.03        1.09433500e+00        3.42675220e-08  24.9390  24.3568
0202-11-01_19:26:45.820000      2575.22        1.10435000e+00        3.69945720e-08  24.9390  24.3568
0202-11-01_19:26:46.030000      2575.43        1.11447600e+00        3.51352220e-08  24.9390  24.3568
0202-11-01_19:26:46.242000      2575.64        1.12459800e+00        3.65607220e-08  24.9390  24.3568
0202-11-01_19:26:46.434000      2575.83        1.13438900e+00        3.68706220e-08  24.9463  24.4467
0202-11-01_19:26:46.630000      2576.02        1.14370600e+00        3.71185320e-08  24.9463  24.4467
0202-11-01_19:26:46.820000      2576.22        1.15439300e+00        3.87299720e-08  24.9463  24.4467
0202-11-01_19:26:47.023000      2576.42        1.16423800e+00        4.41840720e-08  24.9463  24.4467
0202-11-01_19:26:47.230000      2576.63        1.17423800e+00        4.26965920e-08  24.9463  24.4467
0202-11-01_19:26:47.420000      2576.82        1.18391400e+00        4.48658320e-08  24.9081  24.3813
0202-11-01_19:26:47.617000      2577.01        1.19426000e+00        4.01554720e-08  24.9081  24.3813
0202-11-01_19:26:47.810000      2577.21        1.20391600e+00        4.31304420e-08  24.9081  24.3813
0202-11-01_19:26:48             2577.40        1.21369500e+00        3.99075620e-08  24.9081  24.3813
0202-11-01_19:26:48.220000      2577.62        1.22425400e+00        4.07132820e-08  24.9081  24.3813
0202-11-01_19:26:48.414000      2577.81        1.23356200e+00        4.01554720e-08  24.9247  24.3946
0202-11-01_19:26:48.605000      2578.00        1.24347500e+00        4.37502220e-08  24.9247  24.3946
0202-11-01_19:26:48.810000      2578.21        1.25394100e+00        4.38741820e-08  24.9247  24.3946
0202-11-01_19:26:49.004000      2578.40        1.26380900e+00        4.58574920e-08  24.9247  24.3946
0202-11-01_19:26:49.223000      2578.62        1.27274300e+00        4.43700020e-08  24.9247  24.3946
0202-11-01_19:26:49.418000      2578.82        1.28381500e+00        4.26346120e-08  24.8888  24.4343
0202-11-01_19:26:49.620000      2579.02        1.29379900e+00        4.57955120e-08  24.8888  24.4343
0202-11-01_19:26:49.824000      2579.22        1.30324800e+00        5.22420720e-08  24.8888  24.4343
0202-11-01_19:26:50.016000      2579.41        1.31338600e+00        4.74709220e-08  24.8888  24.4343
0202-11-01_19:26:50.230000      2579.63        1.32384600e+00        4.53652520e-08  24.8888  24.4343
0202-11-01_19:26:50.426000      2579.82        1.33316200e+00        3.86719820e-08  24.9070  24.3588
0202-11-01_19:26:50.617000      2580.01        1.34317000e+00        4.46838920e-08  24.9070  24.3588
0202-11-01_19:26:50.820000      2580.22        1.35306300e+00        4.37542120e-08  24.9070  24.3588
0202-11-01_19:26:51.016000      2580.41        1.36295200e+00        4.38781720e-08  24.9070  24.3588
0202-11-01_19:26:51.254000      2580.65        1.37334100e+00        4.36302520e-08  24.9070  24.3588
0202-11-01_19:26:51.460000      2580.86        1.38286600e+00        3.97875920e-08  24.9035  24.4446
0202-11-01_19:26:51.656000      2581.05        1.39196000e+00        4.27005820e-08  24.9035  24.4446
0202-11-01_19:26:51.848000      2581.24        1.40253000e+00        4.00355020e-08  24.9035  24.4446
0202-11-01_19:26:52.050000      2581.45        1.41262500e+00        3.78042820e-08  24.9035  24.4446
0202-11-01_19:26:52.254000      2581.65        1.42182800e+00        3.92297820e-08  24.9035  24.4446
0202-11-01_19:26:52.450000      2581.84        1.43217800e+00        3.66266920e-08  24.9136  24.3838
0202-11-01_19:26:52.640000      2582.04        1.44210300e+00        3.42095320e-08  24.9136  24.3838
0202-11-01_19:26:52.832000      2582.23        1.45150400e+00        2.64622220e-08  24.9136  24.3838
0202-11-01_19:26:53.027000      2582.42        1.46210300e+00        2.72679420e-08  24.9136  24.3838
0202-11-01_19:26:53.242000      2582.64        1.47230200e+00        3.17303920e-08  24.9136  24.3838
0202-11-01_19:26:53.438000      2582.83        1.48140700e+00        3.38996320e-08  24.9368  24.3968
0202-11-01_19:26:53.630000      2583.03        1.49159900e+00        3.27840220e-08  24.9368  24.3968
0202-11-01_19:26:53.836000      2583.23        1.50191800e+00        3.50152520e-08  24.9368  24.3968
0202-11-01_19:26:54.027000      2583.42        1.51126100e+00        3.86719820e-08  24.9368  24.3968
0202-11-01_19:26:54.227000      2583.62        1.52187200e+00        3.86100020e-08  24.9368  24.3968
0202-11-01_19:26:54.430000      2583.83        1.53160100e+00        3.72464720e-08  24.9854  24.4418
0202-11-01_19:26:54.620000      2584.02        1.54061500e+00        3.61928420e-08  24.9854  24.4418
0202-11-01_19:26:54.812000      2584.21        1.54894900e+00        3.86100020e-08  24.9854  24.4418
0202-11-01_19:26:55.020000      2584.42        1.56142900e+00        4.30724520e-08  24.9854  24.4418
0202-11-01_19:26:55.223000      2584.62        1.57119400e+00        4.05313320e-08  24.9854  24.4418
0202-11-01_19:26:55.414000      2584.81        1.58123700e+00        4.16469420e-08  24.9729  24.3589
0202-11-01_19:26:55.610000      2585.01        1.59112900e+00        4.09651820e-08  24.9729  24.3589
0202-11-01_19:26:55.805000      2585.20        1.60048200e+00        4.10889520e-08  24.9729  24.3589
0202-11-01_19:26:55.996000      2585.39        1.61041000e+00        4.32579220e-08  24.9729  24.3589
0202-11-01_19:26:56.207000      2585.60        1.62102600e+00        3.99107220e-08  24.9729  24.3589
0202-11-01_19:26:56.400000      2585.80        1.63057800e+00        4.12741520e-08  24.8929  24.3666
0202-11-01_19:26:56.590000      2585.99        1.64039100e+00        3.87330420e-08  24.8929  24.3666
0202-11-01_19:26:56.797000      2586.19        1.65091000e+00        4.02205220e-08  24.8929  24.3666
0202-11-01_19:26:56.990000      2586.39        1.66041800e+00        3.99106320e-08  24.8929  24.3666
0202-11-01_19:26:57.195000      2586.59        1.67041000e+00        3.87330420e-08  24.8929  24.3666
0202-11-01_19:26:57.387000      2586.78        1.68049600e+00        3.89189720e-08  24.9596  24.3846
0202-11-01_19:26:57.580000      2586.98        1.69080300e+00        3.89809520e-08  24.9596  24.3846
0202-11-01_19:26:57.773000      2587.17        1.69960100e+00        4.33194420e-08  24.9596  24.3846
0202-11-01_19:26:57.977000      2587.37        1.71012200e+00        4.35673620e-08  24.9596  24.3846
0202-11-01_19:26:58.180000      2587.58        1.72060600e+00        4.33814220e-08  24.9596  24.3846
0202-11-01_19:26:58.380000      2587.78        1.72964000e+00        4.21418520e-08  24.8874  24.3440
0202-11-01_19:26:58.574000      2587.97        1.74039400e+00        4.18319620e-08  24.8874  24.3440
0202-11-01_19:26:58.773000      2588.17        1.75041800e+00        4.08403020e-08  24.8874  24.3440
0202-11-01_19:26:58.970000      2588.36        1.75964300e+00        3.91049120e-08  24.8874  24.3440
0202-11-01_19:26:59.207000      2588.61        1.77025600e+00        3.17294720e-08  24.8874  24.3440
0202-11-01_19:26:59.438000      2588.83        1.78006200e+00        3.59440120e-08  24.9077  24.4329
0202-11-01_19:26:59.630000      2589.03        1.79003400e+00        3.96627120e-08  24.9077  24.4329
0202-11-01_19:26:59.832000      2589.23        1.79973900e+00        3.99726120e-08  24.9077  24.4329
0202-11-01_19:27:00.035000      2589.43        1.80931400e+00        3.88569920e-08  24.9077  24.4329
0202-11-01_19:27:00.234000      2589.63        1.81994600e+00        3.46424620e-08  24.9077  24.4329
0202-11-01_19:27:00.440000      2589.84        1.83021200e+00        3.61299420e-08  24.8897  24.3549
0202-11-01_19:27:00.633000      2590.03        1.83928200e+00        3.45185020e-08  24.8897  24.3549
0202-11-01_19:27:00.824000      2590.22        1.84945900e+00        3.52002620e-08  24.8897  24.3549
0202-11-01_19:27:01.030000      2590.43        1.85974400e+00        3.49523520e-08  24.8897  24.3549
0202-11-01_19:27:01.242000      2590.64        1.86903800e+00        3.69356620e-08  24.8897  24.3549
0202-11-01_19:27:01.434000      2590.83        1.87937600e+00        3.75554520e-08  24.8569  24.4058
0202-11-01_19:27:01.625000      2591.02        1.88926500e+00        3.90429320e-08  24.8569  24.4058
0202-11-01_19:27:01.816000      2591.21        1.89849600e+00        3.70597220e-08  24.8569  24.4058
0202-11-01_19:27:02.010000      2591.41        1.90874100e+00        4.12743520e-08  24.8569  24.4058
0202-11-01_19:27:02.220000      2591.61        1.91858800e+00        3.86094020e-08  24.8569  24.4058
0202-11-01_19:27:02.410000      2591.81        1.92821300e+00        3.94771020e-08  24.8917  24.3713
0202-11-01_19:27:02.600000      2592.00        1.93843500e+00        4.00968920e-08  24.8917  24.3713
0202-11-01_19:27:02.812000      2592.21        1.94889900e+00        4.51791220e-08  24.8917  24.3713
0202-11-01_19:27:03.004000      2592.40        1.95843400e+00        3.84234720e-08  24.8917  24.3713
0202-11-01_19:27:03.215000      2592.61        1.96849200e+00        3.74937920e-08  24.8917  24.3713
0202-11-01_19:27:03.406000      2592.80        1.97848000e+00        3.80516020e-08  24.9297  24.3776
0202-11-01_19:27:03.598000      2593.00        1.98873500e+00        3.97250220e-08  24.9297  24.3776
0202-11-01_19:27:03.793000      2593.19        1.99776500e+00        3.70599420e-08  24.9297  24.3776
0202-11-01_19:27:03.992000      2593.39        2.00844300e+00        3.47047620e-08  24.9297  24.3776
0202-11-01_19:27:04.203000      2593.60        2.01846800e+00        3.75557720e-08  24.9297  24.3776
0202-11-01_19:27:04.406000      2593.80        2.02823200e+00        3.55104820e-08  24.9079  24.4256
0202-11-01_19:27:04.598000      2594.00        2.03835300e+00        3.74318120e-08  24.9079  24.4256
0202-11-01_19:27:04.793000      2594.19        2.04828300e+00        3.09860520e-08  24.9079  24.4256
0202-11-01_19:27:04.984000      2594.38        2.05727700e+00        3.29073920e-08  24.9079  24.4256
0202-11-01_19:27:05.200000      2594.59        2.06813300e+00        3.32172820e-08  24.9079  24.4256
0202-11-01_19:27:05.390000      2594.79        2.07770500e+00        3.67500520e-08  24.8962  24.3992
0202-11-01_19:27:05.582000      2594.98        2.08765900e+00        3.63162020e-08  24.8962  24.3992
0202-11-01_19:27:05.790000      2595.19        2.09760600e+00        3.52005920e-08  24.8962  24.3992
0202-11-01_19:27:05.980000      2595.38        2.10765300e+00        3.30313420e-08  24.8962  24.3992
0202-11-01_19:27:06.180000      2595.58        2.11721900e+00        3.63162020e-08  24.8962  24.3992
0202-11-01_19:27:06.383000      2595.78        2.12720100e+00        3.12339720e-08  24.8869  24.4436
0202-11-01_19:27:06.580000      2595.97        2.13747800e+00        3.38990420e-08  24.8869  24.4436
0202-11-01_19:27:06.770000      2596.17        2.14763900e+00        2.73293220e-08  24.8869  24.4436
0202-11-01_19:27:06.970000      2596.37        2.15668300e+00        3.19777120e-08  24.8869  24.4436
0202-11-01_19:27:07.176000      2596.57        2.16713900e+00        2.98084620e-08  24.8869  24.4436
0202-11-01_19:27:07.370000      2596.77        2.17726000e+00        3.04902320e-08  24.8832  24.3749
0202-11-01_19:27:07.580000      2596.98        2.18629000e+00        2.72053720e-08  24.8832  24.3749
0202-11-01_19:27:07.777000      2597.17        2.19708500e+00        2.05736020e-08  24.8832  24.3749
0202-11-01_19:27:07.970000      2597.37        2.20692400e+00        2.06974420e-08  24.8832  24.3749
0202-11-01_19:27:08.190000      2597.59        2.21618000e+00        2.58415020e-08  24.8832  24.3749
0202-11-01_19:27:08.400000      2597.80        2.22699900e+00        3.27210720e-08  24.9147  24.3323
0202-11-01_19:27:08.600000      2598.00        2.23668500e+00        3.38986620e-08  24.9147  24.3323
0202-11-01_19:27:08.805000      2598.20        2.24646700e+00        3.51382320e-08  24.9147  24.3323
0202-11-01_19:27:09.008000      2598.40        2.25697600e+00        3.24731620e-08  24.9147  24.3323
0202-11-01_19:27:09.207000      2598.60        2.26670300e+00        3.52002120e-08  24.9147  24.3323
0202-11-01_19:27:09.410000      2598.81        2.27660500e+00        3.56960420e-08  24.9575  24.4573
0202-11-01_19:27:09.600000      2599.00        2.28682800e+00        3.57580220e-08  24.9575  24.4573
0202-11-01_19:27:09.797000      2599.19        2.29657700e+00        3.23492020e-08  24.9575  24.4573
0202-11-01_19:27:10             2599.40        2.30641200e+00        3.19773320e-08  24.9575  24.4573
0202-11-01_19:27:10.200000      2599.60        2.31630300e+00        3.35267920e-08  24.9575  24.4573
0202-11-01_19:27:10.402000      2599.80        2.32653100e+00        3.38366820e-08  24.8795  24.3571
0202-11-01_19:27:10.598000      2599.99        2.33598100e+00        3.43325120e-08  24.8795  24.3571
0202-11-01_19:27:10.790000      2600.19        2.34595200e+00        3.14195220e-08  24.8795  24.3571
0202-11-01_19:27:10.980000      2600.38        2.35610500e+00        3.35267920e-08  24.8795  24.3571
0202-11-01_19:27:11.180000      2600.58        2.36639900e+00        3.63158220e-08  24.8795  24.3571
0202-11-01_19:27:11.370000      2600.77        2.37571300e+00        4.10881620e-08  24.9067  24.4418
0202-11-01_19:27:11.562000      2600.96        2.38630400e+00        4.21418020e-08  24.9067  24.4418
0202-11-01_19:27:11.773000      2601.17        2.39602800e+00        3.73694620e-08  24.9067  24.4418
0202-11-01_19:27:11.965000      2601.36        2.40536600e+00        3.06138020e-08  24.9067  24.4418
0202-11-01_19:27:12.168000      2601.57        2.41568100e+00        3.52002120e-08  24.9067  24.4418
0202-11-01_19:27:12.375000      2601.77        2.42586800e+00        3.06138020e-08  24.9309  24.3797
0202-11-01_19:27:12.566000      2601.96        2.43538800e+00        3.76173720e-08  24.9309  24.3797
0202-11-01_19:27:12.760000      2602.16        2.44575400e+00        2.84445620e-08  24.9309  24.3797
0202-11-01_19:27:12.965000      2602.36        2.45558900e+00        2.88164320e-08  24.9309  24.3797
0202-11-01_19:27:13.168000      2602.56        2.46459200e+00        2.52216820e-08  24.9309  24.3797
0202-11-01_19:27:13.380000      2602.77        2.47553800e+00        1.91477920e-08  24.9268  24.3797
0202-11-01_19:27:13.570000      2602.97        2.48555800e+00        1.56150220e-08  24.9268  24.3797
0202-11-01_19:27:13.766000      2603.16        2.49456500e+00        7.74359200e-09  24.9268  24.3797
0202-11-01_19:27:13.957000      2603.35        2.50530800e+00        9.41675200e-09  24.9268  24.3797
0202-11-01_19:27:14.188000      2603.58        2.51534000e+00        1.08420120e-08  24.9268  24.3797
0202-11-01_19:27:14.400000      2603.80        2.52539900e+00        1.69157320e-08  24.8824  24.4170
0202-11-01_19:27:14.600000      2604.00        2.53450700e+00        2.63984320e-08  24.8824  24.4170
0202-11-01_19:27:14.805000      2604.20        2.54473500e+00        2.10682820e-08  24.8824  24.4170
0202-11-01_19:27:15.008000      2604.40        2.55481800e+00        1.24532820e-08  24.8824  24.4170
0202-11-01_19:27:15.207000      2604.60        2.56440400e+00        4.33410200e-09  24.8824  24.4170
0202-11-01_19:27:15.410000      2604.81        2.57464100e+00        9.87272000e-10  24.8792  24.4052
0202-11-01_19:27:15.600000      2605.00        2.58430100e+00        5.32576200e-09  24.8792  24.4052
0202-11-01_19:27:15.797000      2605.19        2.59464600e+00        1.02840320e-08  24.8792  24.4052
0202-11-01_19:27:16             2605.40        2.60403600e+00        1.01600820e-08  24.8792  24.4052
0202-11-01_19:27:16.227000      2605.62        2.61464200e+00        1.03460120e-08  24.8792  24.4052
0202-11-01_19:27:16.420000      2605.82        2.62460800e+00        2.59871200e-09  24.9122  24.3680
0202-11-01_19:27:16.620000      2606.02        2.63416900e+00        5.82158200e-09  24.9122  24.3680
0202-11-01_19:27:16.824000      2606.22        2.64429800e+00        4.21014200e-09  24.9122  24.3680
0202-11-01_19:27:17.016000      2606.41        2.65399800e+00        6.68928200e-09  24.9122  24.3680
0202-11-01_19:27:17.230000      2606.63        2.66376700e+00        6.15392000e-10  24.9122  24.3680
0202-11-01_19:27:17.426000      2606.82        2.67413500e+00        4.76795200e-09  24.9216  24.4634
0202-11-01_19:27:17.617000      2607.01        2.68390900e+00        7.24709200e-09  24.9216  24.4634
0202-11-01_19:27:17.824000      2607.22        2.69345100e+00        1.12137120e-08  24.9216  24.4634
0202-11-01_19:27:18.016000      2607.41        2.70354600e+00        1.09658020e-08  24.9216  24.4634
0202-11-01_19:27:18.220000      2607.61        2.71377000e+00        8.54864200e-09  24.9216  24.4634
0202-11-01_19:27:18.410000      2607.81        2.72309500e+00        4.45806200e-09  24.9237  24.3991
0202-11-01_19:27:18.605000      2608.00        2.73312800e+00       -3.47517800e-09  24.9237  24.3991
0202-11-01_19:27:18.797000      2608.19        2.74348400e+00       -1.49186800e-09  24.9237  24.3991
0202-11-01_19:27:19             2608.40        2.75375000e+00       -9.34068000e-10  24.9237  24.3991
0202-11-01_19:27:19.220000      2608.61        2.76299000e+00        3.28047200e-09  24.9237  24.3991
0202-11-01_19:27:19.426000      2608.82        2.77343400e+00        1.19572000e-10  24.8456  24.4549
0202-11-01_19:27:19.617000      2609.01        2.78264700e+00       -2.79341800e-09  24.8456  24.4549
0202-11-01_19:27:19.820000      2609.22        2.79239500e+00       -5.64523800e-09  24.8456  24.4549
0202-11-01_19:27:20.023000      2609.42        2.80288600e+00       -1.80365800e-09  24.8456  24.4549
0202-11-01_19:27:20.234000      2609.63        2.81323100e+00       -1.80447800e-09  24.8456  24.4549
0202-11-01_19:27:20.430000      2609.83        2.82282100e+00        3.02984200e-09  24.8634  24.3675
0202-11-01_19:27:20.625000      2610.02        2.83278900e+00       -9.98758000e-10  24.8634  24.3675
0202-11-01_19:27:20.816000      2610.21        2.84271300e+00        4.26752000e-10  24.8634  24.3675
0202-11-01_19:27:21.020000      2610.41        2.85149600e+00       -5.15130800e-09  24.8634  24.3675
0202-11-01_19:27:21.230000      2610.63        2.86322600e+00       -3.78968000e-10  24.8634  24.3675
0202-11-01_19:27:21.420000      2610.82        2.87205000e+00       -5.02928000e-10  24.8291  24.4357
0202-11-01_19:27:21.630000      2611.03        2.88179700e+00       -4.65547800e-09  24.8291  24.4357
0202-11-01_19:27:21.824000      2611.22        2.89247300e+00       -5.15130800e-09  24.8291  24.4357
0202-11-01_19:27:22.016000      2611.41        2.90215600e+00       -8.18824800e-09  24.8291  24.4357
0202-11-01_19:27:22.227000      2611.62        2.91205400e+00       -7.50648800e-09  24.8291  24.4357
0202-11-01_19:27:22.430000      2611.83        2.92225000e+00       -8.56011800e-09  24.8745  24.3691
0202-11-01_19:27:22.625000      2612.02        2.93166600e+00       -4.03569800e-09  24.8745  24.3691
0202-11-01_19:27:22.816000      2612.21        2.94117800e+00       -7.56846800e-09  24.8745  24.3691
0202-11-01_19:27:23.008000      2612.40        2.95202700e+00       -6.88670800e-09  24.8745  24.3691
0202-11-01_19:27:23.230000      2612.63        2.96207000e+00       -6.14296800e-09  24.8745  24.3691
0202-11-01_19:27:23.420000      2612.82        2.97155100e+00        1.17049200e-09  24.9513  24.3743
0202-11-01_19:27:23.625000      2613.02        2.98172900e+00        7.36642000e-10  24.9513  24.3743
0202-11-01_19:27:23.820000      2613.22        2.99180500e+00       -2.48623800e-09  24.9513  24.3743
0202-11-01_19:27:24.010000      2613.41        3.00079400e+00       -5.58515800e-09  24.9513  24.3743
0202-11-01_19:27:24.215000      2613.61        3.01169500e+00       -7.32055800e-09  24.9513  24.3743
0202-11-01_19:27:24.406000      2613.80        3.02151500e+00       -4.65547800e-09  24.9280  24.4130
0202-11-01_19:27:24.600000      2614.00        3.03047300e+00       -9.98758000e-10  24.9280  24.4130
0202-11-01_19:27:24.793000      2614.19        3.04135200e+00       -5.15130800e-09  24.9280  24.4130
0202-11-01_19:27:24.990000      2614.39        3.05158900e+00       -5.21328800e-09  24.9280  24.4130
0202-11-01_19:27:25.240000      2614.64        3.06144500e+00       -2.30029800e-09  24.9280  24.4130
0202-11-01_19:27:25.434000      2614.83        3.07133300e+00        7.61624200e-09  24.8951  24.3949
0202-11-01_19:27:25.637000      2615.03        3.08138800e+00        9.90944200e-09  24.8951  24.3949
0202-11-01_19:27:25.832000      2615.23        3.09066600e+00        2.10012200e-09  24.8951  24.3949
0202-11-01_19:27:26.023000      2615.42        3.10125100e+00       -9.36590800e-09  24.8951  24.3949
0202-11-01_19:27:26.220000      2615.62        3.11102100e+00       -9.98572800e-09  24.8951  24.3949
0202-11-01_19:27:26.414000      2615.81        3.12068300e+00       -5.89514800e-09  24.9191  24.3632
0202-11-01_19:27:26.605000      2616.00        3.13022900e+00        4.14535200e-09  24.9191  24.3632
0202-11-01_19:27:26.800000      2616.20        3.14061000e+00        2.22402200e-09  24.9191  24.3632
0202-11-01_19:27:27.004000      2616.40        3.15069800e+00        6.00470200e-09  24.9191  24.3632
0202-11-01_19:27:27.210000      2616.61        3.15970100e+00        2.34797200e-09  24.9191  24.3632
0202-11-01_19:27:27.402000      2616.80        3.17072900e+00        3.64672000e-10  24.9441  24.4523
0202-11-01_19:27:27.598000      2616.99        3.18055700e+00       -2.61029800e-09  24.9441  24.4523
0202-11-01_19:27:27.790000      2617.19        3.18951700e+00       -3.84985800e-09  24.9441  24.4523
0202-11-01_19:27:27.984000      2617.38        3.20020700e+00       -6.26988000e-10  24.9441  24.4523
0202-11-01_19:27:28.227000      2617.62        3.21071400e+00       -6.76284800e-09  24.9441  24.4523
0202-11-01_19:27:28.418000      2617.81        3.21983100e+00       -1.20310080e-08  24.9465  24.3295
0202-11-01_19:27:28.610000      2618.01        3.23020900e+00       -7.56856800e-09  24.9465  24.3295
0202-11-01_19:27:28.816000      2618.21        3.23990300e+00       -3.29205800e-09  24.9465  24.3295
0202-11-01_19:27:29.008000      2618.40        3.24967600e+00        3.64952200e-09  24.9465  24.3295
0202-11-01_19:27:29.230000      2618.63        3.26003300e+00       -1.74259800e-09  24.9465  24.3295
0202-11-01_19:27:29.426000      2618.82        3.26930300e+00       -6.01910800e-09  24.9525  24.4320
0202-11-01_19:27:29.617000      2619.01        3.27991200e+00       -7.01075800e-09  24.9525  24.4320
0202-11-01_19:27:29.810000      2619.21        3.28984700e+00       -1.04815480e-08  24.9525  24.4320
0202-11-01_19:27:30.004000      2619.40        3.29873100e+00       -6.70086800e-09  24.9525  24.4320
0202-11-01_19:27:30.227000      2619.62        3.30975800e+00       -9.18000800e-09  24.9525  24.4320
0202-11-01_19:27:30.426000      2619.82        3.31927700e+00       -5.08942800e-09  24.9069  24.3627
0202-11-01_19:27:30.630000      2620.03        3.32862800e+00       -1.06083800e-09  24.9069  24.3627
0202-11-01_19:27:30.832000      2620.23        3.33920400e+00        6.43855200e-09  24.9069  24.3627
0202-11-01_19:27:31.027000      2620.42        3.34883600e+00        7.92603200e-09  24.9069  24.3627
0202-11-01_19:27:31.242000      2620.64        3.35868000e+00        3.52556200e-09  24.9069  24.3627
0202-11-01_19:27:31.434000      2620.83        3.36906700e+00       -4.41048000e-10  24.9188  24.4111
0202-11-01_19:27:31.625000      2621.02        3.37921100e+00       -9.36868000e-10  24.9188  24.4111
0202-11-01_19:27:31.830000      2621.23        3.38832400e+00        1.10844200e-09  24.9188  24.4111
0202-11-01_19:27:32.030000      2621.43        3.39901100e+00        1.23265720e-08  24.9188  24.4111
0202-11-01_19:27:32.227000      2621.62        3.40889800e+00        1.54255120e-08  24.9188  24.4111
0202-11-01_19:27:32.438000      2621.83        3.41827000e+00        1.42479220e-08  24.9280  24.4229
0202-11-01_19:27:32.633000      2622.03        3.42859200e+00        1.13969120e-08  24.9280  24.4229
0202-11-01_19:27:32.830000      2622.22        3.43890500e+00        1.21406520e-08  24.9280  24.4229
0202-11-01_19:27:33.030000      2622.43        3.44785100e+00        9.28964200e-09  24.9280  24.4229
0202-11-01_19:27:33.234000      2622.63        3.45844300e+00        1.63551820e-08  24.9280  24.4229
0202-11-01_19:27:33.426000      2622.82        3.46870000e+00        2.22431320e-08  24.8883  24.3750
0202-11-01_19:27:33.630000      2623.03        3.47752200e+00        3.19737420e-08  24.8883  24.3750
0202-11-01_19:27:33.824000      2623.22        3.48848800e+00        2.88128420e-08  24.8883  24.3750
0202-11-01_19:27:34.016000      2623.41        3.49849900e+00        2.55899620e-08  24.8883  24.3750
0202-11-01_19:27:34.230000      2623.63        3.50854300e+00        3.03623020e-08  24.8883  24.3750
0202-11-01_19:27:34.420000      2623.82        3.51804600e+00        2.94946020e-08  24.8525  24.4207
0202-11-01_19:27:34.625000      2624.02        3.52843900e+00        4.01548920e-08  24.8525  24.4207
0202-11-01_19:27:34.816000      2624.21        3.53772600e+00        4.36876620e-08  24.8525  24.4207
0202-11-01_19:27:35.008000      2624.41        3.54755400e+00        4.77162520e-08  24.8525  24.4207
0202-11-01_19:27:35.234000      2624.63        3.55807600e+00        4.38116120e-08  24.8525  24.4207
0202-11-01_19:27:35.440000      2624.84        3.56749600e+00        4.31298520e-08  24.8601  24.4046
0202-11-01_19:27:35.633000      2625.03        3.57768600e+00        4.98235220e-08  24.8601  24.4046
0202-11-01_19:27:35.824000      2625.22        3.58755900e+00        5.80046720e-08  24.8601  24.4046
0202-11-01_19:27:36.030000      2625.43        3.59764500e+00        6.25290920e-08  24.8601  24.4046
0202-11-01_19:27:36.234000      2625.63        3.60700700e+00        6.55660320e-08  24.8601  24.4046
0202-11-01_19:27:36.438000      2625.84        3.61764200e+00        7.19498120e-08  24.9349  24.3659
0202-11-01_19:27:36.633000      2626.03        3.62717800e+00        7.42430120e-08  24.9349  24.3659
0202-11-01_19:27:36.824000      2626.22        3.63665700e+00        8.19903120e-08  24.9349  24.3659
0202-11-01_19:27:37.016000      2626.41        3.64696700e+00        8.27960320e-08  24.9349  24.3659
0202-11-01_19:27:37.230000      2626.63        3.65716700e+00        9.62453420e-08  24.9349  24.3659
0202-11-01_19:27:37.426000      2626.82        3.66662500e+00        9.82286520e-08  24.9412  24.4558
0202-11-01_19:27:37.617000      2627.01        3.67677900e+00        1.03063062e-07  24.9412  24.4558
0202-11-01_19:27:37.820000      2627.22        3.68691200e+00        1.09261282e-07  24.9412  24.4558
0202-11-01_19:27:38.016000      2627.41        3.69621400e+00        1.20169772e-07  24.9412  24.4558
0202-11-01_19:27:38.250000      2627.65        3.70702300e+00        1.30520352e-07  24.9412  24.4558
0202-11-01_19:27:38.445000      2627.84        3.71567600e+00        1.33805212e-07  24.8884  24.3288
0202-11-01_19:27:38.652000      2628.05        3.72648100e+00        1.38887442e-07  24.8884  24.3288
0202-11-01_19:27:38.848000      2628.24        3.73651500e+00        1.50539382e-07  24.8884  24.3288
0202-11-01_19:27:39.040000      2628.44        3.74550000e+00        1.59960102e-07  24.8884  24.3288
0202-11-01_19:27:39.254000      2628.65        3.75673000e+00        1.73657332e-07  24.8884  24.3288
0202-11-01_19:27:39.445000      2628.84        3.76625800e+00        1.80351002e-07  24.9051  24.4460
0202-11-01_19:27:39.637000      2629.04        3.77523600e+00        1.93304492e-07  24.9051  24.4460
0202-11-01_19:27:39.848000      2629.24        3.78639000e+00        2.00865852e-07  24.9051  24.4460
0202-11-01_19:27:40.043000      2629.44        3.79615500e+00        2.18591682e-07  24.9051  24.4460
0202-11-01_19:27:40.246000      2629.64        3.80567500e+00        2.25161392e-07  24.9051  24.4460
0202-11-01_19:27:40.440000      2629.84        3.81606000e+00        2.39292472e-07  24.9277  24.3551
0202-11-01_19:27:40.633000      2630.03        3.82591300e+00        2.49332972e-07  24.9277  24.3551
0202-11-01_19:27:40.836000      2630.23        3.83544100e+00        2.66501002e-07  24.9277  24.3551
0202-11-01_19:27:41.040000      2630.44        3.84561200e+00        2.88193442e-07  24.9277  24.3551
0202-11-01_19:27:41.242000      2630.64        3.85576700e+00        3.00031322e-07  24.9277  24.3551
0202-11-01_19:27:41.450000      2630.84        3.86507400e+00        3.27673692e-07  24.9755  24.4052
0202-11-01_19:27:41.640000      2631.04        3.87562300e+00        3.47196892e-07  24.9755  24.4052
0202-11-01_19:27:41.832000      2631.23        3.88591800e+00        3.68207582e-07  24.9755  24.4052
0202-11-01_19:27:42.040000      2631.43        3.89466000e+00        3.93246862e-07  24.9755  24.4052
0202-11-01_19:27:42.242000      2631.64        3.90531600e+00        4.10662792e-07  24.9755  24.4052
0202-11-01_19:27:42.434000      2631.83        3.91563000e+00        4.36321862e-07  24.9004  24.4108
0202-11-01_19:27:42.630000      2632.03        3.92432000e+00        4.68116782e-07  24.9004  24.4108
0202-11-01_19:27:42.824000      2632.22        3.93474300e+00        4.92226392e-07  24.9004  24.4108
0202-11-01_19:27:43.016000      2632.41        3.94494300e+00        5.21852072e-07  24.9004  24.4108
0202-11-01_19:27:43.230000      2632.63        3.95522200e+00        5.56559982e-07  24.9004  24.4108
0202-11-01_19:27:43.426000      2632.82        3.96486200e+00        5.88912712e-07  24.9372  24.3781
0202-11-01_19:27:43.630000      2633.03        3.97466700e+00        6.17051262e-07  24.9372  24.3781
0202-11-01_19:27:43.824000      2633.22        3.98428700e+00        6.64404152e-07  24.9372  24.3781
0202-11-01_19:27:44.016000      2633.41        3.99506000e+00        7.00972462e-07  24.9372  24.3781
0202-11-01_19:27:44.242000      2633.64        4.00501600e+00        7.54150662e-07  24.9372  24.3781
0202-11-01_19:27:44.438000      2633.83        4.01476700e+00        7.98155372e-07  24.9281  24.4173
0202-11-01_19:27:44.645000      2634.04        4.02444800e+00        8.36396082e-07  24.9281  24.4173
0202-11-01_19:27:44.840000      2634.24        4.03368500e+00        8.91185042e-07  24.9281  24.4173
0202-11-01_19:27:45.030000      2634.43        4.04434800e+00        9.35251732e-07  24.9281  24.4173
0202-11-01_19:27:45.246000      2634.64        4.05433900e+00        1.00572124e-06  24.9281  24.4173
0202-11-01_19:27:45.440000      2634.84        4.06391600e+00        1.05666754e-06  24.9506  24.4049
0202-11-01_19:27:45.633000      2635.03        4.07430900e+00        1.10854352e-06  24.9506  24.4049
0202-11-01_19:27:45.840000      2635.24        4.08418300e+00        1.18279372e-06  24.9506  24.4049
0202-11-01_19:27:46.030000      2635.43        4.09394300e+00        1.23907016e-06  24.9506  24.4049
0202-11-01_19:27:46.250000      2635.65        4.10466400e+00        1.29974708e-06  24.9506  24.4049
0202-11-01_19:27:46.453000      2635.85        4.11365700e+00        1.36624997e-06  24.8892  24.3682
0202-11-01_19:27:46.656000      2636.05        4.12380400e+00        1.46467177e-06  24.8892  24.3682
0202-11-01_19:27:46.848000      2636.25        4.13393500e+00        1.53687668e-06  24.8892  24.3682
0202-11-01_19:27:47.055000      2636.45        4.14384300e+00        1.64186820e-06  24.8892  24.3682
0202-11-01_19:27:47.260000      2636.66        4.15390400e+00        1.71159397e-06  24.8892  24.3682
0202-11-01_19:27:47.453000      2636.85        4.16325400e+00        1.79396335e-06  24.8840  24.4597
0202-11-01_19:27:47.650000      2637.04        4.17332700e+00        1.90360325e-06  24.8840  24.4597
0202-11-01_19:27:47.840000      2637.24        4.18295900e+00        1.99520742e-06  24.8840  24.4597
0202-11-01_19:27:48.030000      2637.43        4.19351200e+00        2.09362922e-06  24.8840  24.4597
0202-11-01_19:27:48.246000      2637.64        4.20354500e+00        2.23215109e-06  24.8840  24.4597
0202-11-01_19:27:48.438000      2637.84        4.21259000e+00        2.33571710e-06  24.8652  24.3374
0202-11-01_19:27:48.633000      2638.03        4.22361600e+00        2.44498513e-06  24.8652  24.3374
0202-11-01_19:27:48.836000      2638.23        4.23293800e+00        2.58970484e-06  24.8652  24.3374
0202-11-01_19:27:49.030000      2638.43        4.24283100e+00        2.70783580e-06  24.8652  24.3374
0202-11-01_19:27:49.234000      2638.63        4.25267500e+00        2.82683445e-06  24.8652  24.3374
0202-11-01_19:27:49.430000      2638.83        4.26307700e+00        2.99808094e-06  24.9200  24.4562
0202-11-01_19:27:49.620000      2639.02        4.27283400e+00        3.13021771e-06  24.9200  24.4562
0202-11-01_19:27:49.816000      2639.21        4.28213900e+00        3.26402721e-06  24.9200  24.4562
0202-11-01_19:27:50.023000      2639.42        4.29268300e+00        3.41413700e-06  24.9200  24.4562
0202-11-01_19:27:50.223000      2639.62        4.30271300e+00        3.62008994e-06  24.9200  24.4562
0202-11-01_19:27:50.418000      2639.81        4.31244300e+00        3.78135775e-06  24.9321  24.3556
0202-11-01_19:27:50.620000      2640.02        4.32286900e+00        4.00150505e-06  24.9321  24.3556
0202-11-01_19:27:50.816000      2640.21        4.33279200e+00        4.17585030e-06  24.9321  24.3556
0202-11-01_19:27:51.008000      2640.40        4.34164000e+00        4.35422415e-06  24.9321  24.3556
0202-11-01_19:27:51.250000      2640.65        4.35279600e+00        4.60263360e-06  24.9321  24.3556
0202-11-01_19:27:51.453000      2640.85        4.36173900e+00        4.84329575e-06  24.9091  24.4026
0202-11-01_19:27:51.645000      2641.04        4.37236000e+00        5.03666837e-06  24.9091  24.4026
0202-11-01_19:27:51.848000      2641.24        4.38246400e+00        5.22966912e-06  24.9091  24.4026
0202-11-01_19:27:52.050000      2641.45        4.39160600e+00        5.52735140e-06  24.9091  24.4026
0202-11-01_19:27:52.250000      2641.65        4.40228700e+00        5.68180159e-06  24.9091  24.4026
0202-11-01_19:27:52.445000      2641.84        4.41204400e+00        6.01270429e-06  24.8983  24.3741
0202-11-01_19:27:52.640000      2642.04        4.42133700e+00        6.26489442e-06  24.8983  24.3741
0202-11-01_19:27:52.832000      2642.23        4.43182600e+00        6.54156606e-06  24.8983  24.3741
0202-11-01_19:27:53.027000      2642.42        4.44196300e+00        6.90637086e-06  24.8983  24.3741
0202-11-01_19:27:53.254000      2642.65        4.45128600e+00        7.18707106e-06  24.8983  24.3741
0202-11-01_19:27:53.457000      2642.85        4.46181700e+00        7.55794986e-06  24.9228  24.3673
0202-11-01_19:27:53.660000      2643.06        4.47170800e+00        7.84143906e-06  24.9228  24.3673
0202-11-01_19:27:53.863000      2643.26        4.48126400e+00        8.23983626e-06  24.9228  24.3673
0202-11-01_19:27:54.055000      2643.45        4.49161400e+00        8.55803336e-06  24.9228  24.3673
0202-11-01_19:27:54.266000      2643.66        4.50165100e+00        9.00830646e-06  24.9228  24.3673
0202-11-01_19:27:54.460000      2643.86        4.51130400e+00        9.35396006e-06  24.9179  24.4297
0202-11-01_19:27:54.652000      2644.05        4.52154000e+00        9.71262906e-06  24.9179  24.4297
0202-11-01_19:27:54.855000      2644.25        4.53155400e+00        1.02131047e-05  24.9179  24.4297
0202-11-01_19:27:55.047000      2644.44        4.54088800e+00        1.06034447e-05  24.9179  24.4297
0202-11-01_19:27:55.242000      2644.64        4.55127200e+00        1.10058705e-05  24.9179  24.4297
0202-11-01_19:27:55.445000      2644.84        4.56112400e+00        1.15645438e-05  24.9611  24.4024
0202-11-01_19:27:55.640000      2645.04        4.57078400e+00        1.20092410e-05  24.9611  24.4024
0202-11-01_19:27:55.832000      2645.23        4.58106600e+00        1.24630492e-05  24.9611  24.4024
0202-11-01_19:27:56.035000      2645.43        4.59105300e+00        1.31021116e-05  24.9611  24.4024
0202-11-01_19:27:56.230000      2645.63        4.60014200e+00        1.35841798e-05  24.9611  24.4024
0202-11-01_19:27:56.420000      2645.82        4.61104000e+00        1.40893040e-05  24.8959  24.3652
0202-11-01_19:27:56.625000      2646.02        4.62082600e+00        1.51985320e-05  24.8959  24.3652
0202-11-01_19:27:56.820000      2646.22        4.63060200e+00        1.54625601e-05  24.8959  24.3652
0202-11-01_19:27:57.010000      2646.41        4.64007100e+00        1.58855629e-05  24.8959  24.3652
0202-11-01_19:27:57.250000      2646.65        4.65110500e+00        1.71031911e-05  24.8959  24.3652
0202-11-01_19:27:57.453000      2646.85        4.65968400e+00        1.74895646e-05  24.8922  24.4581
0202-11-01_19:27:57.645000      2647.04        4.67024000e+00        1.90364223e-05  24.8922  24.4581
0202-11-01_19:27:57.840000      2647.24        4.68054100e+00        1.91275925e-05  24.8922  24.4581
0202-11-01_19:27:58.043000      2647.44        4.68903700e+00        2.05214254e-05  24.8922  24.4581