# Ic = 3.77 A, n = 21.42 , Tavg = 24.86 K, f23-pulse-3ms-2
#datetime                        t_s     iHTS_A                vHTS_V                tHTS_K  tTAR_K
0202-11-01_15:48:34.543000      6787.07        4.95725100e-02       -5.43240100e-09  24.9677  24.3535
0202-11-01_15:48:34.746000      6787.28        1.36268700e-02       -2.14755100e-09  24.9677  24.3535
0202-11-01_15:48:34.950000      6787.48        2.34755600e-02       -2.27151100e-09  24.9114  24.4747
0202-11-01_15:48:35.140000      6787.67        3.32292000e-02        8.89389000e-10  24.9114  24.4747
0202-11-01_15:48:35.336000      6787.87        4.26653000e-02       -3.20118100e-09  24.9114  24.4747
0202-11-01_15:48:35.540000      6788.07        5.27173100e-02       -8.46934100e-09  24.9114  24.4747
0202-11-01_15:48:35.740000      6788.27        6.29741400e-02       -1.02047410e-08  24.9114  24.4747
0202-11-01_15:48:35.934000      6788.46        7.30276400e-02       -8.71726100e-09  24.8865  24.3584
0202-11-01_15:48:36.133000      6788.66        8.17884600e-02       -7.29175100e-09  24.8865  24.3584
0202-11-01_15:48:36.324000      6788.85        9.26196500e-02       -5.92823100e-09  24.8865  24.3584
0202-11-01_15:48:36.516000      6789.05        1.02852700e-01       -2.89129100e-09  24.8865  24.3584
0202-11-01_15:48:36.770000      6789.30        1.12847800e-01       -2.20953100e-09  24.8865  24.3584
0202-11-01_15:48:36.973000      6789.51        1.22675700e-01       -7.53988100e-09  24.9196  24.4498
0202-11-01_15:48:37.168000      6789.70        1.31837300e-01       -1.16926510e-08  24.9196  24.4498
0202-11-01_15:48:37.370000      6789.90        1.42698100e-01       -1.16308810e-08  24.9196  24.4498
0202-11-01_15:48:37.574000      6790.10        1.52428100e-01       -5.86697100e-09  24.9196  24.4498
0202-11-01_15:48:37.773000      6790.30        1.61328400e-01       -5.55708100e-09  24.9196  24.4498
0202-11-01_15:48:37.977000      6790.51        1.72417900e-01       -2.33420100e-09  24.9250  24.4060
0202-11-01_15:48:38.170000      6790.70        1.82037100e-01       -9.70681000e-10  24.9250  24.4060
0202-11-01_15:48:38.363000      6790.90        1.91312900e-01        2.68889000e-10  24.9250  24.4060
0202-11-01_15:48:38.570000      6791.10        2.02249500e-01        1.81834900e-09  24.9250  24.4060
0202-11-01_15:48:38.766000      6791.30        2.11903700e-01       -6.05290100e-09  24.9250  24.4060
0202-11-01_15:48:38.960000      6791.49        2.20830800e-01       -5.43312100e-09  24.8364  24.3934
0202-11-01_15:48:39.156000      6791.69        2.31998900e-01       -6.85862100e-09  24.8364  24.3934
0202-11-01_15:48:39.348000      6791.88        2.42126600e-01       -4.10010000e-11  24.8364  24.3934
0202-11-01_15:48:39.550000      6792.08        2.51150100e-01       -2.95398100e-09  24.8364  24.3934
0202-11-01_15:48:39.766000      6792.30        2.61454500e-01       -4.10010000e-11  24.8364  24.3934
0202-11-01_15:48:39.970000      6792.50        2.71583700e-01        1.69438900e-09  24.8504  24.4389
0202-11-01_15:48:40.160000      6792.69        2.80809000e-01        5.84693900e-09  24.8504  24.4389
0202-11-01_15:48:40.367000      6792.90        2.91343400e-01        6.52869900e-09  24.8504  24.4389
0202-11-01_15:48:40.562000      6793.09        3.01214400e-01        4.73132900e-09  24.8504  24.4389
0202-11-01_15:48:40.754000      6793.29        3.10479800e-01        6.65265900e-09  24.8504  24.4389
0202-11-01_15:48:40.957000      6793.49        3.21199700e-01        8.14013900e-09  24.9330  24.3927
0202-11-01_15:48:41.152000      6793.68        3.30882100e-01        7.76826900e-09  24.9330  24.3927
0202-11-01_15:48:41.344000      6793.87        3.40335500e-01        6.77661900e-09  24.9330  24.3927
0202-11-01_15:48:41.547000      6794.08        3.50657600e-01        1.11770790e-08  24.9330  24.3927
0202-11-01_15:48:41.758000      6794.29        3.60914400e-01        1.35322590e-08  24.9330  24.3927
0202-11-01_15:48:41.965000      6794.49        3.70096700e-01        1.12390590e-08  24.9283  24.4010
0202-11-01_15:48:42.156000      6794.69        3.80577700e-01        1.42140190e-08  24.9283  24.4010
0202-11-01_15:48:42.348000      6794.88        3.90248300e-01        1.26025790e-08  24.9283  24.4010
0202-11-01_15:48:42.543000      6795.07        3.99926300e-01        1.77467890e-08  24.9283  24.4010
0202-11-01_15:48:42.742000      6795.27        4.10466600e-01        1.52676490e-08  24.9283  24.4010
0202-11-01_15:48:42.934000      6795.47        4.20158900e-01        1.83047990e-08  24.9078  24.4323
0202-11-01_15:48:43.130000      6795.66        4.29532700e-01        1.22931090e-08  24.9078  24.4323
0202-11-01_15:48:43.332000      6795.86        4.39860800e-01        1.19834890e-08  24.9078  24.4323
0202-11-01_15:48:43.523000      6796.06        4.49957300e-01        1.12397490e-08  24.9078  24.4323
0202-11-01_15:48:43.766000      6796.30        4.59341500e-01        1.71276990e-08  24.9078  24.4323
0202-11-01_15:48:43.960000      6796.49        4.69789800e-01        1.53303290e-08  24.9041  24.3416
0202-11-01_15:48:44.164000      6796.70        4.79252600e-01        1.66938490e-08  24.9041  24.3416
0202-11-01_15:48:44.360000      6796.89        4.88850500e-01        1.78714390e-08  24.9041  24.3416
0202-11-01_15:48:44.550000      6797.08        4.99179200e-01        2.18380490e-08  24.9041  24.3416
0202-11-01_15:48:44.760000      6797.29        5.09305500e-01        2.46890590e-08  24.9041  24.3416
0202-11-01_15:48:44.957000      6797.49        5.18597600e-01        2.56807090e-08  24.9546  24.4662
0202-11-01_15:48:45.150000      6797.68        5.29053300e-01        2.76640190e-08  24.9546  24.4662
0202-11-01_15:48:45.350000      6797.88        5.39041500e-01        2.48130190e-08  24.9546  24.4662
0202-11-01_15:48:45.543000      6798.07        5.48372300e-01        2.60525790e-08  24.9546  24.4662
0202-11-01_15:48:45.754000      6798.28        5.59191600e-01        2.45650990e-08  24.9672  24.3493
0202-11-01_15:48:45.945000      6798.48        5.69019500e-01        3.17545890e-08  24.9672  24.3493
0202-11-01_15:48:46.137000      6798.67        5.77828900e-01        3.68368190e-08  24.9672  24.3493
0202-11-01_15:48:46.340000      6798.87        5.88778800e-01        4.03076090e-08  24.9672  24.3493
0202-11-01_15:48:46.535000      6799.07        5.98575600e-01        3.82623190e-08  24.9672  24.3493
0202-11-01_15:48:46.730000      6799.26        6.07527900e-01        3.47295590e-08  24.9672  24.3493
0202-11-01_15:48:46.938000      6799.47        6.18693000e-01        3.51633990e-08  24.9078  24.4394
0202-11-01_15:48:47.130000      6799.66        6.28408100e-01        3.75805590e-08  24.9078  24.4394
0202-11-01_15:48:47.320000      6799.85        6.37324800e-01        3.33660290e-08  24.9078  24.4394
0202-11-01_15:48:47.523000      6800.06        6.48230200e-01        3.49774690e-08  24.9078  24.4394
0202-11-01_15:48:47.770000      6800.30        6.58426100e-01        2.98952390e-08  24.9078  24.4394
0202-11-01_15:48:47.960000      6800.49        6.68188700e-01        3.59071390e-08  24.9217  24.4008
0202-11-01_15:48:48.156000      6800.69        6.78279400e-01        3.45436190e-08  24.9217  24.4008
0202-11-01_15:48:48.360000      6800.89        6.87561100e-01        3.65269290e-08  24.9217  24.4008
0202-11-01_15:48:48.555000      6801.08        6.97831300e-01        3.30561390e-08  24.9217  24.4008
0202-11-01_15:48:48.758000      6801.29        7.07699300e-01        3.46675790e-08  24.9217  24.4008
0202-11-01_15:48:48.960000      6801.49        7.17217100e-01        3.41107690e-08  24.9066  24.3899
0202-11-01_15:48:49.152000      6801.68        7.27320100e-01        4.27265190e-08  24.9066  24.3899
0202-11-01_15:48:49.348000      6801.88        7.37336500e-01        4.11778190e-08  24.9066  24.3899
0202-11-01_15:48:49.550000      6802.08        7.47333600e-01        4.79334690e-08  24.9066  24.3899
0202-11-01_15:48:49.754000      6802.28        7.57094700e-01        4.31611290e-08  24.9066  24.3899
0202-11-01_15:48:49.970000      6802.50        7.67459900e-01        4.61360890e-08  24.9012  24.4335
0202-11-01_15:48:50.160000      6802.69        7.76752100e-01        4.78095090e-08  24.9012  24.4335
0202-11-01_15:48:50.355000      6802.88        7.86642300e-01        4.92969890e-08  24.9012  24.4335
0202-11-01_15:48:50.547000      6803.08        7.97332500e-01        4.89251190e-08  24.9012  24.4335
0202-11-01_15:48:50.760000      6803.29        8.07144700e-01        4.63220290e-08  24.9012  24.4335
0202-11-01_15:48:50.957000      6803.49        8.16586700e-01        4.37189290e-08  24.8963  24.3943
0202-11-01_15:48:51.150000      6803.68        8.27146300e-01        4.53923490e-08  24.8963  24.3943
0202-11-01_15:48:51.350000      6803.88        8.36765000e-01        4.55163090e-08  24.8963  24.3943
0202-11-01_15:48:51.543000      6804.08        8.46158000e-01        4.70657690e-08  24.8963  24.3943
0202-11-01_15:48:51.758000      6804.29        8.56875000e-01        4.56402590e-08  24.8963  24.3943
0202-11-01_15:48:51.950000      6804.48        8.66389700e-01        4.36569490e-08  24.8826  24.4094
0202-11-01_15:48:52.152000      6804.68        8.76513000e-01        4.26652990e-08  24.8826  24.4094
0202-11-01_15:48:52.348000      6804.88        8.86734300e-01        4.55782890e-08  24.8826  24.4094
0202-11-01_15:48:52.540000      6805.07        8.96511700e-01        4.84912690e-08  24.8826  24.4094
0202-11-01_15:48:52.734000      6805.26        9.06078400e-01        4.88631390e-08  24.8826  24.4094
0202-11-01_15:48:52.940000      6805.47        9.15720900e-01        5.29537190e-08  24.9149  24.4446
0202-11-01_15:48:53.133000      6805.66        9.26258200e-01        4.88011590e-08  24.9149  24.4446
0202-11-01_15:48:53.324000      6805.86        9.36144000e-01        5.34495390e-08  24.9149  24.4446
0202-11-01_15:48:53.530000      6806.06        9.45652800e-01        5.31396490e-08  24.9149  24.4446
0202-11-01_15:48:53.740000      6806.27        9.56129300e-01        6.00812290e-08  24.9149  24.4446
0202-11-01_15:48:53.930000      6806.46        9.65976700e-01        5.85937490e-08  24.9190  24.3410
0202-11-01_15:48:54.137000      6806.67        9.75117500e-01        5.93374890e-08  24.9190  24.3410
0202-11-01_15:48:54.330000      6806.86        9.85601400e-01        5.76640790e-08  24.9190  24.3410
0202-11-01_15:48:54.523000      6807.05        9.96008100e-01        5.89036390e-08  24.9190  24.3410
0202-11-01_15:48:54.740000      6807.27        1.00538500e+00        5.79739690e-08  24.9190  24.3410
0202-11-01_15:48:54.930000      6807.46        1.01562100e+00        5.48744490e-08  24.9224  24.4642
0202-11-01_15:48:55.125000      6807.65        1.02545900e+00        5.50597890e-08  24.9224  24.4642
0202-11-01_15:48:55.320000      6807.85        1.03435700e+00        5.59266890e-08  24.9224  24.4642
0202-11-01_15:48:55.510000      6808.04        1.04528400e+00        5.50589990e-08  24.9224  24.4642
0202-11-01_15:48:55.746000      6808.27        1.05527000e+00        5.30756890e-08  24.9224  24.4642
0202-11-01_15:48:55.938000      6808.47        1.06522300e+00        5.59886690e-08  24.8856  24.3454
0202-11-01_15:48:56.150000      6808.68        1.07503200e+00        6.28062890e-08  24.8856  24.3454
0202-11-01_15:48:56.344000      6808.87        1.08458900e+00        6.41078390e-08  24.8856  24.3454
0202-11-01_15:48:56.535000      6809.07        1.09459000e+00        5.79099990e-08  24.8856  24.3454
0202-11-01_15:48:56.754000      6809.28        1.10510800e+00        6.02651790e-08  24.8856  24.3454
0202-11-01_15:48:56.945000      6809.48        1.11467400e+00        5.13402890e-08  24.8924  24.4313
0202-11-01_15:48:57.137000      6809.67        1.12421600e+00        5.38814090e-08  24.8924  24.4313
0202-11-01_15:48:57.340000      6809.87        1.13465700e+00        4.90470890e-08  24.8924  24.4313
0202-11-01_15:48:57.535000      6810.06        1.14432800e+00        5.74141690e-08  24.8924  24.4313
0202-11-01_15:48:57.742000      6810.27        1.15369300e+00        5.74761490e-08  24.8924  24.4313
0202-11-01_15:48:57.938000      6810.47        1.16454000e+00        6.10708990e-08  24.9184  24.3896
0202-11-01_15:48:58.130000      6810.66        1.17450300e+00        5.72282390e-08  24.9184  24.3896
0202-11-01_15:48:58.336000      6810.86        1.18351900e+00        5.66704290e-08  24.9184  24.3896
0202-11-01_15:48:58.527000      6811.06        1.19438200e+00        5.43152490e-08  24.9184  24.3896
0202-11-01_15:48:58.727000      6811.26        1.20439700e+00        5.23319490e-08  24.9184  24.3896
0202-11-01_15:48:58.920000      6811.45        1.21381700e+00        5.24558990e-08  24.9375  24.3788
0202-11-01_15:48:59.117000      6811.65        1.22410200e+00        5.14642490e-08  24.9375  24.3788
0202-11-01_15:48:59.310000      6811.84        1.23400400e+00        5.32616190e-08  24.9375  24.3788
0202-11-01_15:48:59.510000      6812.04        1.24344600e+00        5.35715090e-08  24.9375  24.3788
0202-11-01_15:48:59.754000      6812.29        1.25364700e+00        5.02246790e-08  24.9375  24.3788
0202-11-01_15:48:59.950000      6812.48        1.26335500e+00        5.14642490e-08  24.9470  24.4254
0202-11-01_15:49:00.140000      6812.67        1.27334100e+00        5.43152490e-08  24.9470  24.4254
0202-11-01_15:49:00.348000      6812.88        1.28356100e+00        5.68563690e-08  24.9470  24.4254
0202-11-01_15:49:00.540000      6813.07        1.29340100e+00        5.90256090e-08  24.9470  24.4254
0202-11-01_15:49:00.773000      6813.30        1.30365300e+00        5.39433790e-08  24.9470  24.4254
0202-11-01_15:49:00.965000      6813.50        1.31320700e+00        6.02656690e-08  24.9216  24.3852
0202-11-01_15:49:01.160000      6813.69        1.32337000e+00        5.50598490e-08  24.9216  24.3852
0202-11-01_15:49:01.363000      6813.89        1.33221800e+00        5.90268390e-08  24.9216  24.3852
0202-11-01_15:49:01.555000      6814.09        1.34292100e+00        6.02044290e-08  24.9216  24.3852
0202-11-01_15:49:01.760000      6814.29        1.35289200e+00        6.08242090e-08  24.9216  24.3852
0202-11-01_15:49:01.965000      6814.50        1.36167700e+00        5.72294590e-08  24.9220  24.4018
0202-11-01_15:49:02.168000      6814.70        1.37295100e+00        5.53081290e-08  24.9220  24.4018
0202-11-01_15:49:02.370000      6814.90        1.38268400e+00        6.41710490e-08  24.9220  24.4018
0202-11-01_15:49:02.562000      6815.09        1.39203700e+00        6.52866590e-08  24.9220  24.4018
0202-11-01_15:49:02.773000      6815.30        1.40278600e+00        6.11340990e-08  24.9070  24.4340
0202-11-01_15:49:02.965000      6815.50        1.41255800e+00        5.75393590e-08  24.9070  24.4340
0202-11-01_15:49:03.160000      6815.69        1.42158300e+00        5.69195690e-08  24.9070  24.4340
0202-11-01_15:49:03.363000      6815.89        1.43227200e+00        5.38826290e-08  24.9070  24.4340
0202-11-01_15:49:03.555000      6816.08        1.44252400e+00        5.45643890e-08  24.9070  24.4340
0202-11-01_15:49:03.760000      6816.29        1.45171500e+00        5.18993190e-08  24.9070  24.4340
0202-11-01_15:49:03.953000      6816.48        1.46253400e+00        5.32628490e-08  24.8749  24.3474
0202-11-01_15:49:04.150000      6816.68        1.47233500e+00        5.49362590e-08  24.8749  24.3474
0202-11-01_15:49:04.340000      6816.87        1.48093300e+00        5.67336390e-08  24.8749  24.3474
0202-11-01_15:49:04.543000      6817.08        1.49184600e+00        5.42544990e-08  24.8749  24.3474
0202-11-01_15:49:04.740000      6817.27        1.50177600e+00        5.47503290e-08  24.8749  24.3474
0202-11-01_15:49:04.930000      6817.46        1.51079500e+00        5.34487790e-08  24.9449  24.4742
0202-11-01_15:49:05.137000      6817.67        1.52161000e+00        5.60518690e-08  24.9449  24.4742
0202-11-01_15:49:05.336000      6817.87        1.53143800e+00        5.94606890e-08  24.9449  24.4742
0202-11-01_15:49:05.527000      6818.06        1.54072600e+00        5.98945390e-08  24.9449  24.4742
0202-11-01_15:49:05.742000      6818.27        1.55176700e+00        6.07002490e-08  24.9449  24.4742
0202-11-01_15:49:05.938000      6818.47        1.56121600e+00        5.66716590e-08  24.9259  24.3498
0202-11-01_15:49:06.130000      6818.66        1.57109900e+00        5.48123090e-08  24.9259  24.3498
0202-11-01_15:49:06.336000      6818.87        1.58134200e+00        5.10935990e-08  24.9259  24.3498
0202-11-01_15:49:06.527000      6819.06        1.59167500e+00        5.25191090e-08  24.9259  24.3498
0202-11-01_15:49:06.740000      6819.27        1.60073400e+00        4.91102890e-08  24.9259  24.3498
0202-11-01_15:49:06.930000      6819.46        1.61130700e+00        4.84284090e-08  24.8959  24.4436
0202-11-01_15:49:07.120000      6819.65        1.62110400e+00        4.91720590e-08  24.8959  24.4436
0202-11-01_15:49:07.316000      6819.85        1.63046100e+00        4.81183390e-08  24.8959  24.4436
0202-11-01_15:49:07.523000      6820.05        1.64063600e+00        4.89860390e-08  24.8959  24.4436
0202-11-01_15:49:07.740000      6820.27        1.65124300e+00        5.36344190e-08  24.8959  24.4436
0202-11-01_15:49:07.930000      6820.46        1.66029500e+00        6.20634790e-08  24.8882  24.3991
0202-11-01_15:49:08.120000      6820.65        1.67029800e+00        5.53698090e-08  24.8882  24.3991
0202-11-01_15:49:08.316000      6820.85        1.68073500e+00        5.52458590e-08  24.8882  24.3991
0202-11-01_15:49:08.508000      6821.04        1.69075100e+00        5.52458590e-08  24.8882  24.3991
0202-11-01_15:49:08.723000      6821.25        1.69967100e+00        5.86546690e-08  24.8882  24.3991
0202-11-01_15:49:08.918000      6821.45        1.71036800e+00        5.73531190e-08  24.8622  24.3887
0202-11-01_15:49:09.110000      6821.64        1.72031900e+00        5.36344190e-08  24.8622  24.3887
0202-11-01_15:49:09.310000      6821.84        1.72927300e+00        5.20229790e-08  24.8622  24.3887
0202-11-01_15:49:09.500000      6822.03        1.74033600e+00        5.27667190e-08  24.8622  24.3887
0202-11-01_15:49:09.720000      6822.25        1.75008200e+00        5.14031990e-08  24.8622  24.3887
0202-11-01_15:49:09.920000      6822.45        1.75995800e+00        4.83662490e-08  24.8748  24.4344
0202-11-01_15:49:10.125000      6822.65        1.77001400e+00        4.67548190e-08  24.8748  24.4344
0202-11-01_15:49:10.316000      6822.85        1.77988700e+00        4.99776890e-08  24.8748  24.4344
0202-11-01_15:49:10.520000      6823.05        1.78915800e+00        5.45021190e-08  24.8748  24.4344
0202-11-01_15:49:10.723000      6823.25        1.79992400e+00        5.17130890e-08  24.8748  24.4344
0202-11-01_15:49:10.930000      6823.46        1.80997900e+00        5.12172590e-08  24.8869  24.3868
0202-11-01_15:49:11.120000      6823.65        1.81965700e+00        5.48120090e-08  24.8869  24.3868
0202-11-01_15:49:11.316000      6823.85        1.82985600e+00        5.77869690e-08  24.8869  24.3868
0202-11-01_15:49:11.508000      6824.04        1.83981000e+00        6.00801690e-08  24.8869  24.3868
0202-11-01_15:49:11.734000      6824.27        1.84923700e+00        6.28072190e-08  24.8869  24.3868
0202-11-01_15:49:11.926000      6824.46        1.85967500e+00        6.13817190e-08  24.9139  24.3957
0202-11-01_15:49:12.130000      6824.66        1.86937900e+00        6.23113890e-08  24.9139  24.3957
0202-11-01_15:49:12.324000      6824.85        1.87906800e+00        6.27452390e-08  24.9139  24.3957
0202-11-01_15:49:12.516000      6825.05        1.88915900e+00        6.36749190e-08  24.9139  24.3957
0202-11-01_15:49:12.715000      6825.25        1.89930200e+00        6.74555990e-08  24.9139  24.3957
0202-11-01_15:49:12.940000      6825.47        1.90927900e+00        6.13197990e-08  24.9363  24.4298
0202-11-01_15:49:13.145000      6825.68        1.91922600e+00        6.00183190e-08  24.9363  24.4298
0202-11-01_15:49:13.340000      6825.87        1.92855400e+00        5.70433890e-08  24.9363  24.4298
0202-11-01_15:49:13.540000      6826.07        1.93904400e+00        5.95225190e-08  24.9363  24.4298
0202-11-01_15:49:13.750000      6826.28        1.94946900e+00        5.94605390e-08  24.9363  24.4298
0202-11-01_15:49:13.940000      6826.47        1.95820600e+00        6.26834190e-08  24.9127  24.3374
0202-11-01_15:49:14.150000      6826.68        1.96856200e+00        5.91506490e-08  24.9127  24.3374
0202-11-01_15:49:14.340000      6826.87        1.97837300e+00        5.76011890e-08  24.9127  24.3374
0202-11-01_15:49:14.530000      6827.06        1.98838700e+00        5.85308690e-08  24.9127  24.3374
0202-11-01_15:49:14.750000      6827.28        1.99843100e+00        5.79110790e-08  24.9127  24.3374
0202-11-01_15:49:14.940000      6827.47        2.00782400e+00        5.86548290e-08  24.9156  24.4594
0202-11-01_15:49:15.145000      6827.68        2.01821500e+00        5.54319490e-08  24.9156  24.4594
0202-11-01_15:49:15.340000      6827.87        2.02837700e+00        5.44402890e-08  24.9156  24.4594
0202-11-01_15:49:15.543000      6828.07        2.03849200e+00        5.64855790e-08  24.9156  24.4594
0202-11-01_15:49:15.746000      6828.28        2.04802700e+00        6.03282390e-08  24.9156  24.4594
0202-11-01_15:49:15.957000      6828.49        2.05790300e+00        6.29313390e-08  24.8874  24.3449
0202-11-01_15:49:16.152000      6828.68        2.06813600e+00        5.67334990e-08  24.8874  24.3449
0202-11-01_15:49:16.348000      6828.88        2.07686800e+00        5.71673390e-08  24.8874  24.3449
0202-11-01_15:49:16.547000      6829.08        2.08821800e+00        5.83449290e-08  24.8874  24.3449
0202-11-01_15:49:16.754000      6829.28        2.09802500e+00        6.02662590e-08  24.8874  24.3449
0202-11-01_15:49:16.950000      6829.48        2.10768600e+00        6.13198990e-08  24.8815  24.4334
0202-11-01_15:49:17.156000      6829.69        2.11774600e+00        5.35725990e-08  24.8815  24.4334
0202-11-01_15:49:17.348000      6829.88        2.12752400e+00        5.20851190e-08  24.8815  24.4334
0202-11-01_15:49:17.543000      6830.07        2.13674800e+00        5.25809390e-08  24.8815  24.4334
0202-11-01_15:49:17.758000      6830.29        2.14806600e+00        5.66715190e-08  24.8815  24.4334
0202-11-01_15:49:17.957000      6830.49        2.15719300e+00        6.13818790e-08  24.8743  24.3818
0202-11-01_15:49:18.160000      6830.69        2.16683900e+00        5.54939290e-08  24.8743  24.3818
0202-11-01_15:49:18.350000      6830.88        2.17740900e+00        5.36345790e-08  24.8743  24.3818
0202-11-01_15:49:18.547000      6831.08        2.18731900e+00        5.08455490e-08  24.8743  24.3818
0202-11-01_15:49:18.740000      6831.27        2.19673900e+00        5.08453990e-08  24.8743  24.3818
0202-11-01_15:49:18.945000      6831.48        2.20703700e+00        5.22083090e-08  24.9216  24.3795
0202-11-01_15:49:19.137000      6831.67        2.21754900e+00        5.54307290e-08  24.9216  24.3795
0202-11-01_15:49:19.332000      6831.86        2.22596100e+00        5.74137290e-08  24.9216  24.3795
0202-11-01_15:49:19.535000      6832.06        2.23697400e+00        5.66080190e-08  24.9216  24.3795
0202-11-01_15:49:19.740000      6832.27        2.24698400e+00        5.46247090e-08  24.9216  24.3795
0202-11-01_15:49:19.945000      6832.48        2.25668900e+00        5.55543790e-08  24.9564  24.4236
0202-11-01_15:49:20.140000      6832.67        2.26682600e+00        5.62981190e-08  24.9564  24.4236
0202-11-01_15:49:20.332000      6832.86        2.27693700e+00        5.20835890e-08  24.9564  24.4236
0202-11-01_15:49:20.535000      6833.06        2.28636300e+00        5.09060090e-08  24.9564  24.4236
0202-11-01_15:49:20.734000      6833.27        2.29668600e+00        4.84268690e-08  24.9564  24.4236
0202-11-01_15:49:20.950000      6833.48        2.30664600e+00        5.20216190e-08  24.9545  24.3791
0202-11-01_15:49:21.140000      6833.67        2.31614700e+00        4.74971890e-08  24.9545  24.3791
0202-11-01_15:49:21.336000      6833.87        2.32613400e+00        5.31991990e-08  24.9545  24.3791
0202-11-01_15:49:21.530000      6834.06        2.33601400e+00        5.04721590e-08  24.9545  24.3791
0202-11-01_15:49:21.727000      6834.26        2.34599700e+00        4.83029090e-08  24.9443  24.4001
0202-11-01_15:49:21.934000      6834.46        2.35567500e+00        4.56998190e-08  24.9443  24.4001
0202-11-01_15:49:22.125000      6834.66        2.36630500e+00        4.79310390e-08  24.9443  24.4001
0202-11-01_15:49:22.320000      6834.85        2.37611000e+00        5.05961090e-08  24.9443  24.4001
0202-11-01_15:49:22.530000      6835.06        2.38522400e+00        5.61121890e-08  24.9443  24.4001
0202-11-01_15:49:22.727000      6835.26        2.39590100e+00        5.74137290e-08  24.9443  24.4001
0202-11-01_15:49:22.920000      6835.45        2.40612200e+00        5.62981190e-08  24.9241  24.4269
0202-11-01_15:49:23.113000      6835.64        2.41510800e+00        5.26413990e-08  24.9241  24.4269
0202-11-01_15:49:23.310000      6835.84        2.42579300e+00        4.81789590e-08  24.9241  24.4269
0202-11-01_15:49:23.510000      6836.04        2.43605400e+00        5.09679790e-08  24.9241  24.4269
0202-11-01_15:49:23.723000      6836.25        2.44549000e+00        5.05961090e-08  24.9241  24.4269
0202-11-01_15:49:23.914000      6836.44        2.45585700e+00        5.36950290e-08  24.9191  24.3416
0202-11-01_15:49:24.117000      6836.65        2.46561600e+00        5.95829790e-08  24.9191  24.3416
0202-11-01_15:49:24.320000      6836.85        2.47530300e+00        6.23719990e-08  24.9191  24.3416
0202-11-01_15:49:24.523000      6837.05        2.48517600e+00        6.22480490e-08  24.9191  24.3416
0202-11-01_15:49:24.746000      6837.28        2.49567500e+00        5.89009190e-08  24.9191  24.3416
0202-11-01_15:49:24.950000      6837.48        2.50473000e+00        5.67932190e-08  24.9155  24.4647
0202-11-01_15:49:25.145000      6837.67        2.51523200e+00        6.01394590e-08  24.9155  24.4647
0202-11-01_15:49:25.336000      6837.87        2.52512600e+00        6.08830490e-08  24.9155  24.4647
0202-11-01_15:49:25.555000      6838.09        2.53479500e+00        6.28663590e-08  24.9155  24.4647
0202-11-01_15:49:25.758000      6838.29        2.54500000e+00        6.48496690e-08  24.8798  24.3432
0202-11-01_15:49:25.965000      6838.50        2.55496400e+00        6.58413190e-08  24.8798  24.3432
0202-11-01_15:49:26.156000      6838.69        2.56461600e+00        6.37960290e-08  24.8798  24.3432
0202-11-01_15:49:26.360000      6838.89        2.57456300e+00        6.63991190e-08  24.8798  24.3432
0202-11-01_15:49:26.562000      6839.09        2.58477200e+00        6.73907790e-08  24.8798  24.3432
0202-11-01_15:49:26.770000      6839.30        2.59446100e+00        6.83824290e-08  24.8798  24.3432
0202-11-01_15:49:26.973000      6839.50        2.60490600e+00        6.56553790e-08  24.9202  24.4437
0202-11-01_15:49:27.164000      6839.69        2.61412700e+00        6.33621890e-08  24.9202  24.4437
0202-11-01_15:49:27.367000      6839.90        2.62326500e+00        6.18127290e-08  24.9202  24.4437
0202-11-01_15:49:27.560000      6840.09        2.63443400e+00        6.12549190e-08  24.9202  24.4437
0202-11-01_15:49:27.754000      6840.28        2.64442000e+00        5.68544590e-08  24.9202  24.4437
0202-11-01_15:49:27.973000      6840.50        2.65317500e+00        6.12549190e-08  24.8961  24.3904
0202-11-01_15:49:28.180000      6840.71        2.66404500e+00        6.21845990e-08  24.8961  24.3904
0202-11-01_15:49:28.383000      6840.91        2.67364100e+00        6.23705290e-08  24.8961  24.3904
0202-11-01_15:49:28.580000      6841.11        2.68371900e+00        6.02012890e-08  24.8961  24.3904
0202-11-01_15:49:28.785000      6841.32        2.69378000e+00        5.73502890e-08  24.9178  24.3876
0202-11-01_15:49:28.980000      6841.51        2.70368200e+00        5.61107190e-08  24.9178  24.3876
0202-11-01_15:49:29.184000      6841.71        2.71378600e+00        5.40034590e-08  24.9178  24.3876
0202-11-01_15:49:29.383000      6841.91        2.72397400e+00        5.17102590e-08  24.9178  24.3876
0202-11-01_15:49:29.580000      6842.11        2.73375300e+00        5.10904690e-08  24.9178  24.3876
0202-11-01_15:49:29.785000      6842.31        2.74264400e+00        5.30737790e-08  24.8917  24.4325
0202-11-01_15:49:29.984000      6842.51        2.75353300e+00        5.52430190e-08  24.8917  24.4325
0202-11-01_15:49:30.195000      6842.73        2.76349600e+00        5.75362190e-08  24.8917  24.4325
0202-11-01_15:49:30.400000      6842.93        2.77277500e+00        5.05946490e-08  24.8917  24.4325
0202-11-01_15:49:30.598000      6843.13        2.78323200e+00        5.39414790e-08  24.8917  24.4325
0202-11-01_15:49:30.805000      6843.34        2.79289000e+00        4.94788790e-08  24.9043  24.3881
0202-11-01_15:49:31             6843.53        2.80294800e+00        5.37551690e-08  24.9043  24.3881
0202-11-01_15:49:31.195000      6843.73        2.81296100e+00        5.33211690e-08  24.9043  24.3881
0202-11-01_15:49:31.420000      6843.95        2.82318300e+00        5.31972090e-08  24.9043  24.3881
0202-11-01_15:49:31.633000      6844.16        2.83287800e+00        5.59862290e-08  24.9043  24.3881
0202-11-01_15:49:31.840000      6844.37        2.84235400e+00        5.39409490e-08  24.9262  24.4121
0202-11-01_15:49:32.043000      6844.58        2.85240900e+00        5.26393990e-08  24.9262  24.4121
0202-11-01_15:49:32.258000      6844.79        2.86289800e+00        6.08205390e-08  24.9262  24.4121
0202-11-01_15:49:32.465000      6845.00        2.87227700e+00        6.77621190e-08  24.9262  24.4121
0202-11-01_15:49:32.740000      6845.27        2.88240300e+00        6.86917890e-08  24.9262  24.4121
0202-11-01_15:49:32.938000      6845.47        2.89275900e+00        6.15023090e-08  24.9483  24.4369
0202-11-01_15:49:33.133000      6845.66        2.90238800e+00        6.06346090e-08  24.9483  24.4369
0202-11-01_15:49:33.336000      6845.87        2.91145200e+00        6.24939590e-08  24.9483  24.4369
0202-11-01_15:49:33.530000      6846.06        2.92223500e+00        6.32996790e-08  24.9483  24.4369
0202-11-01_15:49:33.727000      6846.26        2.93204400e+00        5.34451190e-08  24.9483  24.4369
0202-11-01_15:49:33.930000      6846.46        2.94117800e+00        5.64820590e-08  24.9196  24.3599
0202-11-01_15:49:34.120000      6846.65        2.95217800e+00        5.72257990e-08  24.9196  24.3599
0202-11-01_15:49:34.316000      6846.85        2.96177900e+00        5.79695390e-08  24.9196  24.3599
0202-11-01_15:49:34.508000      6847.04        2.97115400e+00        5.41268790e-08  24.9196  24.3599
0202-11-01_15:49:34.740000      6847.27        2.98192600e+00        4.99123590e-08  24.9196  24.3599
0202-11-01_15:49:34.945000      6847.48        2.99126700e+00        5.17717090e-08  24.9029  24.4742
0202-11-01_15:49:35.145000      6847.68        3.00145000e+00        5.38789690e-08  24.9029  24.4742
0202-11-01_15:49:35.350000      6847.88        3.01174900e+00        5.30112690e-08  24.9029  24.4742
0202-11-01_15:49:35.555000      6848.08        3.02113700e+00        5.31352290e-08  24.9029  24.4742
0202-11-01_15:49:35.746000      6848.28        3.03141700e+00        4.53259590e-08  24.8839  24.3511
0202-11-01_15:49:35.953000      6848.48        3.04131300e+00        4.35905690e-08  24.8839  24.3511
0202-11-01_15:49:36.150000      6848.68        3.05096100e+00        4.28468290e-08  24.8839  24.3511
0202-11-01_15:49:36.344000      6848.87        3.06126200e+00        4.92305990e-08  24.8839  24.3511
0202-11-01_15:49:36.547000      6849.08        3.07114100e+00        5.45607290e-08  24.8839  24.3511
0202-11-01_15:49:36.742000      6849.27        3.08119000e+00        5.54280590e-08  24.8839  24.3511
0202-11-01_15:49:36.934000      6849.47        3.09039400e+00        5.46839590e-08  24.8677  24.4471
0202-11-01_15:49:37.140000      6849.67        3.10134500e+00        5.30720290e-08  24.8677  24.4471
0202-11-01_15:49:37.332000      6849.86        3.11080800e+00        4.60684790e-08  24.8677  24.4471
0202-11-01_15:49:37.527000      6850.06        3.11982800e+00        4.47669390e-08  24.8677  24.4471
0202-11-01_15:49:37.746000      6850.28        3.13129000e+00        4.12961490e-08  24.8677  24.4471
0202-11-01_15:49:37.938000      6850.47        3.14057500e+00        4.10482390e-08  24.8671  24.3906
0202-11-01_15:49:38.140000      6850.67        3.15025100e+00        3.77633890e-08  24.8671  24.3906
0202-11-01_15:49:38.336000      6850.87        3.16038500e+00        3.36728190e-08  24.8671  24.3906
0202-11-01_15:49:38.527000      6851.06        3.17027500e+00        3.15655490e-08  24.8671  24.3906
0202-11-01_15:49:38.773000      6851.30        3.18038100e+00        3.10697290e-08  24.8671  24.3906
0202-11-01_15:49:38.970000      6851.50        3.19063000e+00        3.07598390e-08  24.9016  24.3974
0202-11-01_15:49:39.164000      6851.69        3.20031600e+00        3.39827090e-08  24.9016  24.3974
0202-11-01_15:49:39.355000      6851.88        3.20969700e+00        3.33009490e-08  24.9016  24.3974
0202-11-01_15:49:39.550000      6852.08        3.22013300e+00        3.50983190e-08  24.9016  24.3974
0202-11-01_15:49:39.760000      6852.29        3.22987100e+00        3.73295390e-08  24.9016  24.3974
0202-11-01_15:49:39.965000      6852.50        3.23954600e+00        3.85071290e-08  24.8682  24.4334
0202-11-01_15:49:40.160000      6852.69        3.24975600e+00        3.96847090e-08  24.8682  24.4334
0202-11-01_15:49:40.350000      6852.88        3.25947100e+00        3.93748190e-08  24.8682  24.4334
0202-11-01_15:49:40.547000      6853.08        3.26912700e+00        4.06143890e-08  24.8682  24.4334
0202-11-01_15:49:40.754000      6853.28        3.27983500e+00        4.58205690e-08  24.8682  24.4334
0202-11-01_15:49:40.945000      6853.48        3.28954100e+00        5.41876390e-08  24.9064  24.3795
0202-11-01_15:49:41.137000      6853.67        3.29849900e+00        5.31959890e-08  24.9064  24.3795
0202-11-01_15:49:41.344000      6853.87        3.30946700e+00        5.67287490e-08  24.9064  24.3795
0202-11-01_15:49:41.535000      6854.07        3.31958400e+00        5.42496190e-08  24.9064  24.3795
0202-11-01_15:49:41.770000      6854.30        3.32867000e+00        5.47454490e-08  24.9064  24.3795
0202-11-01_15:49:41.960000      6854.49        3.33953000e+00        5.65428190e-08  24.9249  24.4059
0202-11-01_15:49:42.168000      6854.70        3.34925700e+00        5.49313790e-08  24.9249  24.4059
0202-11-01_15:49:42.363000      6854.90        3.35868300e+00        5.95797490e-08  24.9249  24.4059
0202-11-01_15:49:42.560000      6855.09        3.36933200e+00        6.01995390e-08  24.9249  24.4059
0202-11-01_15:49:42.770000      6855.30        3.37915000e+00        6.01384490e-08  24.9249  24.4059
0202-11-01_15:49:42.960000      6855.49        3.38806300e+00        6.35479390e-08  24.9378  24.4234
0202-11-01_15:49:43.156000      6855.69        3.39858700e+00        6.93125990e-08  24.9378  24.4234
0202-11-01_15:49:43.363000      6855.89        3.40896800e+00        7.37750390e-08  24.9378  24.4234
0202-11-01_15:49:43.555000      6856.09        3.41841800e+00        6.81969790e-08  24.9378  24.4234
0202-11-01_15:49:43.754000      6856.29        3.42880800e+00        7.06141390e-08  24.9378  24.4234
0202-11-01_15:49:43.960000      6856.49        3.43859200e+00        6.97464390e-08  24.9151  24.3426
0202-11-01_15:49:44.152000      6856.68        3.44795400e+00        7.52005390e-08  24.9151  24.3426
0202-11-01_15:49:44.344000      6856.87        3.45859500e+00        7.21635990e-08  24.9151  24.3426
0202-11-01_15:49:44.555000      6857.08        3.46837100e+00        7.44567990e-08  24.9151  24.3426
0202-11-01_15:49:44.758000      6857.29        3.47812600e+00        8.03447390e-08  24.9151  24.3426
0202-11-01_15:49:44.950000      6857.48        3.48839900e+00        8.07166090e-08  24.9218  24.4632
0202-11-01_15:49:45.160000      6857.69        3.49843900e+00        7.59442790e-08  24.9218  24.4632
0202-11-01_15:49:45.350000      6857.88        3.50803700e+00        7.79895590e-08  24.9218  24.4632
0202-11-01_15:49:45.547000      6858.08        3.51809500e+00        8.57988390e-08  24.9218  24.4632
0202-11-01_15:49:45.760000      6858.29        3.52825400e+00        9.64591090e-08  24.9218  24.4632
0202-11-01_15:49:45.970000      6858.50        3.53758400e+00        9.91241790e-08  24.9103  24.3398
0202-11-01_15:49:46.160000      6858.69        3.54786900e+00        9.39799790e-08  24.9103  24.3398
0202-11-01_15:49:46.367000      6858.90        3.55777600e+00        9.48476790e-08  24.9103  24.3398
0202-11-01_15:49:46.560000      6859.09        3.56769000e+00        9.61492190e-08  24.9103  24.3398
0202-11-01_15:49:46.758000      6859.29        3.57794200e+00        1.02904859e-07  24.9103  24.3398
0202-11-01_15:49:46.960000      6859.49        3.58729700e+00        1.05012129e-07  24.9137  24.4408
0202-11-01_15:49:47.152000      6859.68        3.59723000e+00        1.10156329e-07  24.9137  24.4408
0202-11-01_15:49:47.344000      6859.88        3.60773500e+00        1.07119389e-07  24.9137  24.4408
0202-11-01_15:49:47.555000      6860.08        3.61731800e+00        1.06933459e-07  24.9137  24.4408
0202-11-01_15:49:47.754000      6860.29        3.62723000e+00        1.10528199e-07  24.9137  24.4408
0202-11-01_15:49:47.950000      6860.48        3.63721200e+00        1.25155089e-07  24.8804  24.3750
0202-11-01_15:49:48.156000      6860.69        3.64583500e+00        1.27882139e-07  24.8804  24.3750
0202-11-01_15:49:48.350000      6860.88        3.65729300e+00        1.35877349e-07  24.8804  24.3750
0202-11-01_15:49:48.547000      6861.08        3.66726900e+00        1.34947669e-07  24.8804  24.3750
0202-11-01_15:49:48.758000      6861.29        3.67651700e+00        1.47592049e-07  24.9129  24.3865
0202-11-01_15:49:48.953000      6861.48        3.68694900e+00        1.55773789e-07  24.9129  24.3865
0202-11-01_15:49:49.145000      6861.67        3.69701700e+00        1.65071139e-07  24.9129  24.3865
0202-11-01_15:49:49.350000      6861.88        3.70666500e+00        1.69967429e-07  24.9129  24.3865
0202-11-01_15:49:49.547000      6862.08        3.71664700e+00        1.82549039e-07  24.9129  24.3865
0202-11-01_15:49:49.746000      6862.28        3.72696400e+00        1.86887529e-07  24.9129  24.3865
0202-11-01_15:49:49.950000      6862.48        3.73651500e+00        2.00584749e-07  24.9428  24.4179
0202-11-01_15:49:50.152000      6862.68        3.74625600e+00        2.11430969e-07  24.9428  24.4179
0202-11-01_15:49:50.348000      6862.88        3.75641700e+00        2.24942259e-07  24.9428  24.4179
0202-11-01_15:49:50.555000      6863.08        3.76604900e+00        2.38949369e-07  24.9428  24.4179
0202-11-01_15:49:50.750000      6863.28        3.77609200e+00        2.44279519e-07  24.9428  24.4179
0202-11-01_15:49:50.945000      6863.47        3.78649100e+00        2.59774109e-07  24.9337  24.3731
0202-11-01_15:49:51.150000      6863.68        3.79595400e+00        2.75888489e-07  24.9337  24.3731
0202-11-01_15:49:51.348000      6863.88        3.80587200e+00        2.88903959e-07  24.9337  24.3731
0202-11-01_15:49:51.543000      6864.07        3.81609600e+00        3.07187579e-07  24.9337  24.3731
0202-11-01_15:49:51.746000      6864.28        3.82569200e+00        3.20079079e-07  24.9337  24.3731
0202-11-01_15:49:51.953000      6864.48        3.83559000e+00        3.35077849e-07  24.9550  24.4029
0202-11-01_15:49:52.145000      6864.68        3.84582100e+00        3.50138599e-07  24.9550  24.4029
0202-11-01_15:49:52.344000      6864.88        3.85491800e+00        3.68980029e-07  24.9550  24.4029
0202-11-01_15:49:52.547000      6865.08        3.86592100e+00        3.88441249e-07  24.9550  24.4029
0202-11-01_15:49:52.758000      6865.29        3.87618500e+00        4.13852389e-07  24.9550  24.4029
0202-11-01_15:49:52.965000      6865.50        3.88523800e+00        4.42486399e-07  24.9672  24.4163
0202-11-01_15:49:53.164000      6865.70        3.89546200e+00        4.65356429e-07  24.9672  24.4163
0202-11-01_15:49:53.363000      6865.89        3.90508300e+00        4.88846239e-07  24.9672  24.4163
0202-11-01_15:49:53.560000      6866.09        3.91529900e+00        5.24297869e-07  24.9672  24.4163
0202-11-01_15:49:53.760000      6866.29        3.92519900e+00        5.49461099e-07  24.9672  24.4163
0202-11-01_15:49:53.957000      6866.49        3.93516500e+00        5.81379969e-07  24.9622  24.3497
0202-11-01_15:49:54.152000      6866.68        3.94430100e+00        6.12555099e-07  24.9622  24.3497
0202-11-01_15:49:54.348000      6866.88        3.95506600e+00        6.42242749e-07  24.9622  24.3497
0202-11-01_15:49:54.547000      6867.08        3.96517400e+00        6.69761149e-07  24.9622  24.3497
0202-11-01_15:49:54.754000      6867.28        3.97453400e+00        7.15252469e-07  24.9622  24.3497
0202-11-01_15:49:54.945000      6867.48        3.98530200e+00        7.48720179e-07  24.9469  24.4641
0202-11-01_15:49:55.150000      6867.68        3.99495800e+00        7.85658669e-07  24.9469  24.4641
0202-11-01_15:49:55.348000      6867.88        4.00415700e+00        8.40261599e-07  24.9469  24.4641
0202-11-01_15:49:55.547000      6868.08        4.01459200e+00        8.83770409e-07  24.9469  24.4641
0202-11-01_15:49:55.780000      6868.31        4.02467300e+00        9.21329299e-07  24.9469  24.4641
0202-11-01_15:49:55.984000      6868.52        4.03499700e+00        9.80704559e-07  24.9131  24.3405
0202-11-01_15:49:56.190000      6868.72        4.04481900e+00        1.04051368e-06  24.9131  24.3405
0202-11-01_15:49:56.387000      6868.92        4.05403200e+00        1.08495216e-06  24.9131  24.3405
0202-11-01_15:49:56.598000      6869.13        4.06471200e+00        1.14680657e-06  24.9131  24.3405
0202-11-01_15:49:56.797000      6869.33        4.07452200e+00        1.20283500e-06  24.9234  24.4483
0202-11-01_15:49:56.992000      6869.52        4.08411900e+00        1.26072279e-06  24.9234  24.4483
0202-11-01_15:49:57.195000      6869.73        4.09442000e+00        1.34296807e-06  24.9234  24.4483
0202-11-01_15:49:57.387000      6869.92        4.10373600e+00        1.38034102e-06  24.9234  24.4483
0202-11-01_15:49:57.600000      6870.13        4.11369900e+00        1.47467208e-06  24.9234  24.4483
0202-11-01_15:49:57.810000      6870.34        4.12412900e+00        1.54253839e-06  24.9025  24.3840
0202-11-01_15:49:58.010000      6870.54        4.13369300e+00        1.63959650e-06  24.9025  24.3840
0202-11-01_15:49:58.203000      6870.73        4.14338000e+00        1.70963204e-06  24.9025  24.3840
0202-11-01_15:49:58.406000      6870.94        4.15386100e+00        1.78865445e-06  24.9025  24.3840
0202-11-01_15:49:58.605000      6871.14        4.16362400e+00        1.89060885e-06  24.9025  24.3840
0202-11-01_15:49:58.800000      6871.33        4.17333900e+00        1.97390776e-06  24.9186  24.3931
0202-11-01_15:49:59.004000      6871.53        4.18359100e+00        2.06055351e-06  24.9186  24.3931
0202-11-01_15:49:59.203000      6871.73        4.19323300e+00        2.18878673e-06  24.9186  24.3931
0202-11-01_15:49:59.400000      6871.93        4.20305400e+00        2.28807606e-06  24.9186  24.3931
0202-11-01_15:49:59.605000      6872.14        4.21348700e+00        2.39102211e-06  24.9186  24.3931
0202-11-01_15:49:59.810000      6872.34        4.22281900e+00        2.53332442e-06  24.8946  24.4250
0202-11-01_15:50:00             6872.53        4.23310100e+00        2.64110479e-06  24.8946  24.4250
0202-11-01_15:50:00.207000      6872.74        4.24338300e+00        2.79642256e-06  24.8946  24.4250
0202-11-01_15:50:00.400000      6872.93        4.25287600e+00        2.91244604e-06  24.8946  24.4250
0202-11-01_15:50:00.594000      6873.12        4.26264900e+00        3.04557539e-06  24.8946  24.4250
0202-11-01_15:50:00.800000      6873.33        4.27302100e+00        3.22438227e-06  24.8946  24.4250
0202-11-01_15:50:00.996000      6873.52        4.28319400e+00        3.37120847e-06  24.8984  24.3810
0202-11-01_15:50:01.188000      6873.72        4.29193600e+00        3.50725060e-06  24.8984  24.3810
0202-11-01_15:50:01.400000      6873.93        4.30311300e+00        3.71469211e-06  24.8984  24.3810
0202-11-01_15:50:01.590000      6874.12        4.31269700e+00        3.87081556e-06  24.8984  24.3810
0202-11-01_15:50:01.785000      6874.32        4.32180700e+00        4.03648367e-06  24.9166  24.4082
0202-11-01_15:50:01.984000      6874.52        4.33242100e+00        4.25439952e-06  24.9166  24.4082
0202-11-01_15:50:02.184000      6874.71        4.34272400e+00        4.43302111e-06  24.9166  24.4082
0202-11-01_15:50:02.395000      6874.92        4.35200600e+00        4.61660096e-06  24.9166  24.4082
0202-11-01_15:50:02.590000      6875.12        4.36229200e+00        4.86655961e-06  24.9166  24.4082
0202-11-01_15:50:02.785000      6875.31        4.37225100e+00        5.06346481e-06  24.9297  24.4234
0202-11-01_15:50:03             6875.53        4.38162900e+00        5.34063195e-06  24.9297  24.4234
0202-11-01_15:50:03.190000      6875.72        4.39202100e+00        5.55637856e-06  24.9297  24.4234
0202-11-01_15:50:03.390000      6875.92        4.40216800e+00        5.79301188e-06  24.9297  24.4234
0202-11-01_15:50:03.590000      6876.12        4.41126400e+00        6.03733050e-06  24.9297  24.4234
0202-11-01_15:50:03.793000      6876.33        4.42207300e+00        6.39110288e-06  24.9028  24.3602
0202-11-01_15:50:03.990000      6876.52        4.43181000e+00        6.64657764e-06  24.9028  24.3602
0202-11-01_15:50:04.188000      6876.72        4.44153800e+00        6.91277454e-06  24.9028  24.3602
0202-11-01_15:50:04.390000      6876.92        4.45166100e+00        7.27249684e-06  24.9028  24.3602
0202-11-01_15:50:04.586000      6877.12        4.46168500e+00        7.55827904e-06  24.9028  24.3602
0202-11-01_15:50:04.780000      6877.31        4.47182300e+00        7.85986564e-06  24.8832  24.4713
0202-11-01_15:50:04.977000      6877.51        4.48025800e+00        8.26154724e-06  24.8832  24.4713
0202-11-01_15:50:05.170000      6877.70        4.49127800e+00        8.59114804e-06  24.8832  24.4713
0202-11-01_15:50:05.370000      6877.90        4.50138600e+00        8.93804084e-06  24.8832  24.4713
0202-11-01_15:50:05.570000      6878.10        4.51048000e+00        9.41310484e-06  24.8832  24.4713
0202-11-01_15:50:05.773000      6878.31        4.52155400e+00        9.77363284e-06  24.8832  24.4713
0202-11-01_15:50:05.980000      6878.51        4.53105400e+00        1.02557623e-05  24.8863  24.3479
0202-11-01_15:50:06.176000      6878.71        4.54080400e+00        1.06321568e-05  24.8863  24.3479
0202-11-01_15:50:06.383000      6878.91        4.55100700e+00        1.11524650e-05  24.8863  24.3479
0202-11-01_15:50:06.574000      6879.11        4.56121300e+00        1.15543320e-05  24.8863  24.3479
0202-11-01_15:50:06.770000      6879.30        4.57027000e+00        1.19740486e-05  24.8863  24.3479
0202-11-01_15:50:06.973000      6879.50        4.58088300e+00        1.25707751e-05  24.8789  24.4568
0202-11-01_15:50:07.170000      6879.70        4.59089600e+00        1.30322035e-05  24.8789  24.4568
0202-11-01_15:50:07.383000      6879.91        4.60048700e+00        1.35152626e-05  24.8789  24.4568
0202-11-01_15:50:07.580000      6880.11        4.61073100e+00        1.50076388e-05  24.8789  24.4568
0202-11-01_15:50:07.780000      6880.31        4.62065400e+00        1.50958340e-05  24.9103  24.3823
0202-11-01_15:50:07.984000      6880.52        4.63042100e+00        1.54428507e-05  24.9103  24.3823
0202-11-01_15:50:08.200000      6880.73        4.64077700e+00        1.68254633e-05  24.9103  24.3823
0202-11-01_15:50:08.390000      6880.92        4.65023700e+00        1.69794174e-05  24.9103  24.3823
0202-11-01_15:50:08.590000      6881.12        4.66012400e+00        1.72920361e-05  24.9103  24.3823
0202-11-01_15:50:08.793000      6881.32        4.67035600e+00        1.84746446e-05  24.8649  24.3988
0202-11-01_15:50:08.990000      6881.52        4.67998300e+00        1.97892670e-05  24.8649  24.3988
0202-11-01_15:50:09.203000      6881.73        4.69024500e+00        1.98656862e-05  24.8649  24.3988
0202-11-01_15:50:09.406000      6881.93        4.70015700e+00        2.12525753e-05  24.8649  24.3988