# Ic =  nan A, n =  nan , Tavg = 24.88 K, f23-pulse-4p5ms
#datetime                        t_s     iHTS_A                vHTS_V                tHTS_K  tTAR_K
0202-11-01_17:52:23.480000      5384.71        1.90475000e-02       -4.33848400e-09  24.9367  24.4443
0202-11-01_17:52:23.715000      5384.94        1.41503900e-02       -2.04528400e-09  24.9367  24.4443
0202-11-01_17:52:23.934000      5385.16        2.33119200e-02        6.19786000e-10  24.8868  24.4291
0202-11-01_17:52:24.130000      5385.35        3.33431600e-02        8.05716000e-10  24.8868  24.4291
0202-11-01_17:52:24.320000      5385.54        4.19718800e-02       -8.67694000e-10  24.8868  24.4291
0202-11-01_17:52:24.523000      5385.75        5.28876600e-02       -1.05363400e-09  24.8868  24.4291
0202-11-01_17:52:24.730000      5385.95        6.28298400e-02        1.11561600e-09  24.8868  24.4291
0202-11-01_17:52:24.938000      5386.16        7.24440300e-02        3.78067600e-09  24.9299  24.3834
0202-11-01_17:52:25.130000      5386.35        8.23008800e-02        6.19783600e-09  24.9299  24.3834
0202-11-01_17:52:25.324000      5386.55        9.22727500e-02        4.40046600e-09  24.9299  24.3834
0202-11-01_17:52:25.516000      5386.74        1.01498100e-01        3.90463600e-09  24.9299  24.3834
0202-11-01_17:52:25.734000      5386.96        1.12256600e-01        1.98330600e-09  24.9299  24.3834
0202-11-01_17:52:25.930000      5387.15        1.22066600e-01       -5.20617400e-09  24.9779  24.4724
0202-11-01_17:52:26.133000      5387.36        1.31700100e-01       -2.10726400e-09  24.9779  24.4724
0202-11-01_17:52:26.330000      5387.55        1.42228500e-01       -2.78902400e-09  24.9779  24.4724
0202-11-01_17:52:26.520000      5387.74        1.52133600e-01        4.89628600e-09  24.9779  24.4724
0202-11-01_17:52:26.746000      5387.97        1.61981100e-01        7.00355600e-09  24.9779  24.4724
0202-11-01_17:52:26.938000      5388.16        1.72091000e-01        5.20617600e-09  24.9125  24.3751
0202-11-01_17:52:27.140000      5388.36        1.81786800e-01        3.34746600e-09  24.9125  24.3751
0202-11-01_17:52:27.344000      5388.57        1.91743900e-01        4.46392600e-09  24.9125  24.3751
0202-11-01_17:52:27.535000      5388.76        2.01307600e-01        8.24523600e-09  24.9125  24.3751
0202-11-01_17:52:27.750000      5388.97        2.11975500e-01        8.86501600e-09  24.9125  24.3751
0202-11-01_17:52:27.945000      5389.17        2.21128100e-01        6.63379600e-09  24.8775  24.4343
0202-11-01_17:52:28.137000      5389.36        2.30674100e-01        7.56347600e-09  24.8775  24.4343
0202-11-01_17:52:28.336000      5389.56        2.41553500e-01        5.08433600e-09  24.8775  24.4343
0202-11-01_17:52:28.527000      5389.75        2.51399200e-01        1.67552600e-09  24.8775  24.4343
0202-11-01_17:52:28.734000      5389.96        2.60713600e-01       -6.13374400e-09  24.8775  24.4343
0202-11-01_17:52:28.934000      5390.16        2.71553700e-01       -7.12539400e-09  24.8886  24.4173
0202-11-01_17:52:29.130000      5390.35        2.81127800e-01       -1.09060740e-08  24.8886  24.4173
0202-11-01_17:52:29.336000      5390.56        2.90474900e-01       -8.61287400e-09  24.8886  24.4173
0202-11-01_17:52:29.527000      5390.75        3.01135400e-01       -4.27439400e-09  24.8886  24.4173
0202-11-01_17:52:29.758000      5390.98        3.11479700e-01       -1.67130400e-09  24.8886  24.4173
0202-11-01_17:52:29.950000      5391.17        3.20774300e-01       -4.52230400e-09  24.9438  24.3779
0202-11-01_17:52:30.150000      5391.37        3.30718000e-01       -1.20216840e-08  24.9438  24.3779
0202-11-01_17:52:30.340000      5391.56        3.40639400e-01       -1.77236940e-08  24.9438  24.3779
0202-11-01_17:52:30.530000      5391.75        3.49980500e-01       -1.11539940e-08  24.9438  24.3779
0202-11-01_17:52:30.746000      5391.97        3.60813100e-01       -6.38165400e-09  24.9438  24.3779
0202-11-01_17:52:30.940000      5392.16        3.70746400e-01       -1.48536400e-09  24.9121  24.4490
0202-11-01_17:52:31.133000      5392.36        3.79620000e-01        1.88046000e-10  24.9121  24.4490
0202-11-01_17:52:31.340000      5392.56        3.90460100e-01       -1.21844000e-10  24.9121  24.4490
0202-11-01_17:52:31.530000      5392.75        4.00246900e-01        3.22498600e-09  24.9121  24.4490
0202-11-01_17:52:31.760000      5392.99        4.09493100e-01        5.95203600e-09  24.9121  24.4490
0202-11-01_17:52:31.970000      5393.19        4.19954700e-01        1.05574600e-09  24.9038  24.3677
0202-11-01_17:52:32.168000      5393.39        4.29404100e-01       -2.84889400e-09  24.9038  24.3677
0202-11-01_17:52:32.363000      5393.58        4.39652000e-01       -1.11539940e-08  24.9038  24.3677
0202-11-01_17:52:32.570000      5393.79        4.49698100e-01       -7.99309400e-09  24.9038  24.3677
0202-11-01_17:52:32.766000      5393.99        4.59399800e-01       -5.14209400e-09  24.9038  24.3677
0202-11-01_17:52:32.957000      5394.18        4.69394000e-01       -3.90247400e-09  24.9079  24.4296
0202-11-01_17:52:33.160000      5394.38        4.79480600e-01       -1.79507400e-09  24.9079  24.4296
0202-11-01_17:52:33.363000      5394.59        4.89606800e-01       -3.03445400e-09  24.9079  24.4296
0202-11-01_17:52:33.555000      5394.78        4.99084500e-01       -4.93254000e-10  24.9079  24.4296
0202-11-01_17:52:33.770000      5394.99        5.09552000e-01       -3.71613400e-09  24.9079  24.4296
0202-11-01_17:52:33.960000      5395.18        5.19014800e-01       -6.75306400e-09  24.8907  24.4109
0202-11-01_17:52:34.152000      5395.38        5.28695800e-01       -7.55878400e-09  24.8907  24.4109
0202-11-01_17:52:34.360000      5395.58        5.39469100e-01       -1.10295740e-08  24.8907  24.4109
0202-11-01_17:52:34.550000      5395.77        5.48888800e-01       -4.58382400e-09  24.8907  24.4109
0202-11-01_17:52:34.760000      5395.98        5.57736700e-01       -1.85677400e-09  24.8907  24.4109
0202-11-01_17:52:34.953000      5396.18        5.69102100e-01        4.21710600e-09  24.9265  24.3722
0202-11-01_17:52:35.145000      5396.37        5.78563400e-01        3.16346600e-09  24.9265  24.3722
0202-11-01_17:52:35.336000      5396.56        5.88367600e-01       -1.73282400e-09  24.9265  24.3722
0202-11-01_17:52:35.543000      5396.77        5.98591700e-01       -6.13328400e-09  24.9265  24.3722
0202-11-01_17:52:35.766000      5396.99        6.09031100e-01       -5.63745400e-09  24.9265  24.3722
0202-11-01_17:52:35.960000      5397.18        6.17999700e-01       -1.73282400e-09  24.8621  24.4518
0202-11-01_17:52:36.164000      5397.39        6.27981900e-01        3.34940600e-09  24.8621  24.4518
0202-11-01_17:52:36.363000      5397.59        6.38249700e-01        1.06008760e-08  24.8621  24.4518
0202-11-01_17:52:36.555000      5397.78        6.48493100e-01        9.36130600e-09  24.8621  24.4518
0202-11-01_17:52:36.770000      5397.99        6.57912900e-01        5.58062600e-09  24.8621  24.4518
0202-11-01_17:52:36.970000      5398.19        6.68245300e-01       -4.93254000e-10  24.8989  24.3674
0202-11-01_17:52:37.160000      5398.38        6.78211300e-01       -2.72447400e-09  24.8989  24.3674
0202-11-01_17:52:37.355000      5398.58        6.87265900e-01       -3.96404400e-09  24.8989  24.3674
0202-11-01_17:52:37.547000      5398.77        6.97827000e-01       -4.52184400e-09  24.8989  24.3674
0202-11-01_17:52:37.754000      5398.98        7.07764700e-01       -1.73282400e-09  24.8989  24.3674
0202-11-01_17:52:37.945000      5399.17        7.17167400e-01        3.16346600e-09  24.8689  24.4253
0202-11-01_17:52:38.140000      5399.36        7.27396000e-01        4.03116600e-09  24.8689  24.4253
0202-11-01_17:52:38.332000      5399.55        7.37241600e-01        6.20040600e-09  24.8689  24.4253
0202-11-01_17:52:38.535000      5399.76        7.46777200e-01        5.70458600e-09  24.8689  24.4253
0202-11-01_17:52:38.746000      5399.97        7.57513300e-01        1.27701160e-08  24.8689  24.4253
0202-11-01_17:52:38.938000      5400.16        7.67287800e-01        1.36379060e-08  24.8653  24.4096
0202-11-01_17:52:39.133000      5400.36        7.76107900e-01        1.53117160e-08  24.8653  24.4096
0202-11-01_17:52:39.324000      5400.55        7.86867900e-01        1.49401460e-08  24.8653  24.4096
0202-11-01_17:52:39.520000      5400.74        7.97282700e-01        1.62418860e-08  24.8653  24.4096
0202-11-01_17:52:39.740000      5400.96        8.07440100e-01        1.43825360e-08  24.8653  24.4096
0202-11-01_17:52:39.930000      5401.15        8.16913200e-01        1.14075660e-08  24.8789  24.3708
0202-11-01_17:52:40.133000      5401.36        8.27195300e-01        1.22132860e-08  24.8789  24.3708
0202-11-01_17:52:40.330000      5401.55        8.36327100e-01        1.63038660e-08  24.8789  24.3708
0202-11-01_17:52:40.520000      5401.74        8.46670000e-01        2.07043260e-08  24.8789  24.3708
0202-11-01_17:52:40.758000      5401.98        8.57075200e-01        1.43825360e-08  24.8789  24.3708
0202-11-01_17:52:40.957000      5402.18        8.66699700e-01        1.69856260e-08  24.8855  24.4468
0202-11-01_17:52:41.152000      5402.37        8.76704900e-01        1.31429660e-08  24.8855  24.4468
0202-11-01_17:52:41.344000      5402.57        8.86197300e-01        1.28950460e-08  24.8855  24.4468
0202-11-01_17:52:41.540000      5402.76        8.96191400e-01        8.74249600e-09  24.8855  24.4468
0202-11-01_17:52:41.750000      5402.97        9.06427500e-01        1.06018460e-08  24.8855  24.4468
0202-11-01_17:52:41.945000      5403.17        9.16475000e-01        1.42585760e-08  24.8851  24.3625
0202-11-01_17:52:42.140000      5403.36        9.26142600e-01        1.33908760e-08  24.8851  24.3625
0202-11-01_17:52:42.332000      5403.56        9.36571500e-01        1.49403360e-08  24.8851  24.3625
0202-11-01_17:52:42.527000      5403.75        9.46239100e-01        1.25851560e-08  24.8851  24.3625
0202-11-01_17:52:42.742000      5403.97        9.55440000e-01        6.75919600e-09  24.8851  24.3625
0202-11-01_17:52:42.938000      5404.16        9.66274100e-01        3.04048600e-09  24.9088  24.4276
0202-11-01_17:52:43.130000      5404.35        9.76151000e-01       -2.44364000e-10  24.9088  24.4276
0202-11-01_17:52:43.336000      5404.56        9.85081000e-01        4.15609600e-09  24.9088  24.4276
0202-11-01_17:52:43.527000      5404.75        9.95926900e-01        6.32534600e-09  24.9088  24.4276
0202-11-01_17:52:43.750000      5404.97        1.00631000e+00        1.24612060e-08  24.9088  24.4276
0202-11-01_17:52:43.940000      5405.17        1.01560300e+00        1.41965960e-08  24.8801  24.3789
0202-11-01_17:52:44.133000      5405.36        1.02545800e+00        2.03944360e-08  24.8801  24.3789
0202-11-01_17:52:44.330000      5405.55        1.03521500e+00        2.23157660e-08  24.8801  24.3789
0202-11-01_17:52:44.527000      5405.75        1.04532300e+00        2.75219460e-08  24.8801  24.3789
0202-11-01_17:52:44.773000      5406.00        1.05615700e+00        2.03944360e-08  24.8801  24.3789
0202-11-01_17:52:44.965000      5406.19        1.06509400e+00        1.45684060e-08  24.9068  24.3730
0202-11-01_17:52:45.160000      5406.38        1.07517800e+00        1.29568660e-08  24.9068  24.3730
0202-11-01_17:52:45.355000      5406.58        1.08546600e+00        2.18196360e-08  24.9068  24.3730
0202-11-01_17:52:45.550000      5406.77        1.09470600e+00        2.25013660e-08  24.9068  24.3730
0202-11-01_17:52:45.742000      5406.97        1.10520900e+00        2.92570160e-08  24.9068  24.3730
0202-11-01_17:52:45.953000      5407.18        1.11495800e+00        2.90090960e-08  24.9286  24.4559
0202-11-01_17:52:46.145000      5407.37        1.12473300e+00        3.21080160e-08  24.9286  24.4559
0202-11-01_17:52:46.340000      5407.56        1.13486300e+00        2.99387760e-08  24.9286  24.4559
0202-11-01_17:52:46.547000      5407.77        1.14492700e+00        2.72117260e-08  24.9286  24.4559
0202-11-01_17:52:46.746000      5407.97        1.15471800e+00        3.01866860e-08  24.9286  24.4559
0202-11-01_17:52:46.938000      5408.16        1.16447000e+00        2.77695260e-08  24.9198  24.3622
0202-11-01_17:52:47.145000      5408.37        1.17466500e+00        2.72117260e-08  24.9198  24.3622
0202-11-01_17:52:47.336000      5408.56        1.18418800e+00        2.88231660e-08  24.9198  24.3622
0202-11-01_17:52:47.527000      5408.75        1.19475200e+00        2.59101760e-08  24.9198  24.3622
0202-11-01_17:52:47.746000      5408.97        1.20476700e+00        2.90710760e-08  24.9198  24.3622
0202-11-01_17:52:47.938000      5409.16        1.21450900e+00        2.28732360e-08  24.9042  24.4283
0202-11-01_17:52:48.133000      5409.35        1.22473800e+00        2.66539160e-08  24.9042  24.4283
0202-11-01_17:52:48.324000      5409.55        1.23414100e+00        1.94644260e-08  24.9042  24.4283
0202-11-01_17:52:48.516000      5409.74        1.24308900e+00        2.41747860e-08  24.9042  24.4283
0202-11-01_17:52:48.730000      5409.95        1.25457500e+00        2.01461860e-08  24.9042  24.4283
0202-11-01_17:52:48.926000      5410.15        1.26388200e+00        2.70257860e-08  24.8789  24.4029
0202-11-01_17:52:49.117000      5410.34        1.27312800e+00        2.72117260e-08  24.8789  24.4029
0202-11-01_17:52:49.320000      5410.54        1.28353400e+00        3.11163660e-08  24.8789  24.4029
0202-11-01_17:52:49.510000      5410.74        1.29388300e+00        2.85132760e-08  24.8789  24.4029
0202-11-01_17:52:49.707000      5410.93        1.30278000e+00        2.77075560e-08  24.8789  24.4029
0202-11-01_17:52:49.914000      5411.14        1.31376100e+00        3.01866860e-08  24.8895  24.3736
0202-11-01_17:52:50.105000      5411.33        1.32365400e+00        2.63440260e-08  24.8895  24.3736
0202-11-01_17:52:50.297000      5411.52        1.33273400e+00        2.77075560e-08  24.8895  24.3736
0202-11-01_17:52:50.504000      5411.73        1.34332200e+00        2.44226960e-08  24.8895  24.3736
0202-11-01_17:52:50.746000      5411.97        1.35394800e+00        3.24798860e-08  24.8895  24.3736
0202-11-01_17:52:50.938000      5412.16        1.36335300e+00        3.15503860e-08  24.8865  24.4464
0202-11-01_17:52:51.130000      5412.35        1.37345500e+00        3.13647160e-08  24.8865  24.4464
0202-11-01_17:52:51.340000      5412.56        1.38205400e+00        3.22946560e-08  24.8865  24.4464
0202-11-01_17:52:51.530000      5412.76        1.39329700e+00        3.17990060e-08  24.8865  24.4464
0202-11-01_17:52:51.734000      5412.96        1.40321500e+00        3.73150860e-08  24.8865  24.4464
0202-11-01_17:52:51.938000      5413.16        1.41245700e+00        3.08073560e-08  24.9181  24.3684
0202-11-01_17:52:52.130000      5413.35        1.42282500e+00        2.75224960e-08  24.9181  24.3684
0202-11-01_17:52:52.324000      5413.55        1.43275400e+00        2.86381060e-08  24.9181  24.3684
0202-11-01_17:52:52.530000      5413.75        1.44237700e+00        3.05594360e-08  24.9181  24.3684
0202-11-01_17:52:52.766000      5413.99        1.45268900e+00        3.58895760e-08  24.9181  24.3684
0202-11-01_17:52:52.965000      5414.19        1.46242600e+00        2.91339360e-08  24.9377  24.4321
0202-11-01_17:52:53.168000      5414.39        1.47196600e+00        3.55177060e-08  24.9377  24.4321
0202-11-01_17:52:53.370000      5414.59        1.48229700e+00        4.17775260e-08  24.9377  24.4321
0202-11-01_17:52:53.562000      5414.79        1.49218300e+00        4.64259060e-08  24.9377  24.4321
0202-11-01_17:52:53.760000      5414.99        1.50060500e+00        4.17155460e-08  24.9377  24.4321
0202-11-01_17:52:53.953000      5415.18        1.51195600e+00        3.69432160e-08  24.9399  24.4071
0202-11-01_17:52:54.150000      5415.37        1.52208000e+00        3.73770660e-08  24.9399  24.4071
0202-11-01_17:52:54.350000      5415.58        1.53141400e+00        4.17775260e-08  24.9399  24.4071
0202-11-01_17:52:54.547000      5415.77        1.54185800e+00        4.46285360e-08  24.9399  24.4071
0202-11-01_17:52:54.740000      5415.96        1.55190700e+00        4.76034960e-08  24.9399  24.4071
0202-11-01_17:52:54.945000      5416.17        1.56160600e+00        5.14461560e-08  24.9269  24.3729
0202-11-01_17:52:55.137000      5416.36        1.57113100e+00        4.76034960e-08  24.9269  24.3729
0202-11-01_17:52:55.332000      5416.55        1.58146700e+00        4.63639260e-08  24.9269  24.3729
0202-11-01_17:52:55.535000      5416.76        1.59111900e+00        3.84306960e-08  24.9269  24.3729
0202-11-01_17:52:55.734000      5416.96        1.60105500e+00        4.28931360e-08  24.9269  24.3729
0202-11-01_17:52:55.926000      5417.15        1.61130400e+00        4.17155460e-08  24.9378  24.4499
0202-11-01_17:52:56.133000      5417.35        1.62120500e+00        4.33269860e-08  24.9378  24.4499
0202-11-01_17:52:56.324000      5417.55        1.63089000e+00        4.01660860e-08  24.9378  24.4499
0202-11-01_17:52:56.516000      5417.74        1.64069100e+00        3.94843260e-08  24.9378  24.4499
0202-11-01_17:52:56.734000      5417.96        1.65143600e+00        3.89265260e-08  24.9378  24.4499
0202-11-01_17:52:56.930000      5418.15        1.66077100e+00        4.00424460e-08  24.9575  24.3638
0202-11-01_17:52:57.120000      5418.35        1.67010900e+00        3.97330160e-08  24.9575  24.3638
0202-11-01_17:52:57.320000      5418.54        1.68066000e+00        4.20268360e-08  24.9575  24.3638
0202-11-01_17:52:57.510000      5418.73        1.69045500e+00        4.28327160e-08  24.9575  24.3638
0202-11-01_17:52:57.715000      5418.94        1.69994600e+00        3.94858760e-08  24.9575  24.3638
0202-11-01_17:52:57.940000      5419.17        1.71077300e+00        4.18410560e-08  24.9049  24.4274
0202-11-01_17:52:58.145000      5419.37        1.72028500e+00        4.71092260e-08  24.9049  24.4274
0202-11-01_17:52:58.336000      5419.56        1.72990600e+00        4.43201960e-08  24.9049  24.4274
0202-11-01_17:52:58.540000      5419.76        1.74031700e+00        4.54977860e-08  24.9049  24.4274
0202-11-01_17:52:58.742000      5419.96        1.75009600e+00        4.34524960e-08  24.9049  24.4274
0202-11-01_17:52:58.934000      5420.16        1.75986000e+00        4.54977860e-08  24.9234  24.3977
0202-11-01_17:52:59.145000      5420.37        1.77002800e+00        4.10973160e-08  24.9234  24.3977
0202-11-01_17:52:59.340000      5420.56        1.77969400e+00        4.14691860e-08  24.9234  24.3977
0202-11-01_17:52:59.530000      5420.75        1.78949500e+00        4.44441560e-08  24.9234  24.3977
0202-11-01_17:52:59.730000      5420.95        1.79996400e+00        4.74810960e-08  24.9234  24.3977
0202-11-01_17:52:59.926000      5421.15        1.80964300e+00        4.96503360e-08  24.8918  24.3758
0202-11-01_17:53:00.117000      5421.34        1.81869200e+00        4.12832560e-08  24.8918  24.3758
0202-11-01_17:53:00.324000      5421.55        1.82984200e+00        3.89900560e-08  24.8918  24.3758
0202-11-01_17:53:00.516000      5421.74        1.83990600e+00        3.92379660e-08  24.8918  24.3758
0202-11-01_17:53:00.723000      5421.95        1.84912100e+00        3.99817060e-08  24.8918  24.3758
0202-11-01_17:53:00.945000      5422.17        1.85972200e+00        4.40103060e-08  24.8632  24.4419
0202-11-01_17:53:01.150000      5422.37        1.86934600e+00        4.15931460e-08  24.8632  24.4419
0202-11-01_17:53:01.340000      5422.56        1.87920500e+00        4.64274660e-08  24.8632  24.4419
0202-11-01_17:53:01.543000      5422.77        1.88934500e+00        4.40103060e-08  24.8632  24.4419
0202-11-01_17:53:01.742000      5422.97        1.89616800e+00        4.22749060e-08  24.8632  24.4419
0202-11-01_17:53:01.938000      5423.16        1.90881100e+00        3.83082860e-08  24.8624  24.3557
0202-11-01_17:53:02.137000      5423.36        1.91912700e+00        3.54572860e-08  24.8624  24.3557
0202-11-01_17:53:02.340000      5423.56        1.92893700e+00        3.25442960e-08  24.8624  24.3557
0202-11-01_17:53:02.530000      5423.76        1.93862700e+00        2.93214160e-08  24.8624  24.3557
0202-11-01_17:53:02.746000      5423.97        1.94906500e+00        3.22344060e-08  24.8624  24.3557
0202-11-01_17:53:02.940000      5424.17        1.95896100e+00        3.45898360e-08  24.8965  24.4266
0202-11-01_17:53:03.133000      5424.36        1.96826700e+00        4.09118760e-08  24.8965  24.4266
0202-11-01_17:53:03.340000      5424.56        1.97881500e+00        4.24616660e-08  24.8965  24.4266
0202-11-01_17:53:03.530000      5424.76        1.98873900e+00        4.37632160e-08  24.8965  24.4266
0202-11-01_17:53:03.727000      5424.95        1.99815300e+00        4.14080360e-08  24.8965  24.4266
0202-11-01_17:53:03.934000      5425.16        2.00806600e+00        4.41970660e-08  24.9018  24.3908
0202-11-01_17:53:04.125000      5425.35        2.01810100e+00        4.26476060e-08  24.9018  24.3908
0202-11-01_17:53:04.316000      5425.54        2.02857000e+00        4.26476060e-08  24.9018  24.3908
0202-11-01_17:53:04.523000      5425.75        2.03806900e+00        4.65522460e-08  24.9018  24.3908
0202-11-01_17:53:04.770000      5425.99        2.04863700e+00        4.94652260e-08  24.9062  24.3644
0202-11-01_17:53:04.960000      5426.19        2.05819400e+00        4.89074260e-08  24.9062  24.3644
0202-11-01_17:53:05.156000      5426.38        2.06769400e+00        4.40111260e-08  24.9062  24.3644
0202-11-01_17:53:05.350000      5426.58        2.07784400e+00        3.84950460e-08  24.9062  24.3644
0202-11-01_17:53:05.543000      5426.77        2.08795100e+00        3.70075660e-08  24.9062  24.3644
0202-11-01_17:53:05.754000      5426.98        2.09755300e+00        3.62638260e-08  24.9062  24.3644
0202-11-01_17:53:05.965000      5427.19        2.10787100e+00        3.23591860e-08  24.9198  24.4417
0202-11-01_17:53:06.168000      5427.39        2.11817000e+00        3.24831460e-08  24.9198  24.4417
0202-11-01_17:53:06.360000      5427.58        2.12716400e+00        3.76273560e-08  24.9198  24.4417
0202-11-01_17:53:06.566000      5427.79        2.13811200e+00        3.77513060e-08  24.9198  24.4417
0202-11-01_17:53:06.773000      5428.00        2.14794300e+00        3.33508360e-08  24.9198  24.4417
0202-11-01_17:53:06.970000      5428.19        2.15744400e+00        2.47358360e-08  24.9083  24.3493
0202-11-01_17:53:07.170000      5428.40        2.16739700e+00        2.39301160e-08  24.9083  24.3493
0202-11-01_17:53:07.367000      5428.59        2.17737800e+00        2.41780360e-08  24.9083  24.3493
0202-11-01_17:53:07.560000      5428.78        2.18681800e+00        2.85165260e-08  24.9083  24.3493
0202-11-01_17:53:07.770000      5428.99        2.19748100e+00        3.14295060e-08  24.8793  24.4262
0202-11-01_17:53:07.960000      5429.18        2.20712300e+00        2.67811260e-08  24.8793  24.4262
0202-11-01_17:53:08.152000      5429.38        2.21615100e+00        1.92817360e-08  24.8793  24.4262
0202-11-01_17:53:08.360000      5429.58        2.22723900e+00        1.46953360e-08  24.8793  24.4262
0202-11-01_17:53:08.550000      5429.77        2.23693900e+00        2.00874560e-08  24.8793  24.4262
0202-11-01_17:53:08.750000      5429.97        2.24638900e+00        2.34962660e-08  24.8793  24.4262
0202-11-01_17:53:08.953000      5430.17        2.25671700e+00        2.31249260e-08  24.8731  24.3892
0202-11-01_17:53:09.145000      5430.37        2.26667200e+00        1.90967260e-08  24.8731  24.3892
0202-11-01_17:53:09.336000      5430.56        2.27557000e+00        2.77740960e-08  24.8731  24.3892
0202-11-01_17:53:09.535000      5430.76        2.28642800e+00        2.80839960e-08  24.8731  24.3892
0202-11-01_17:53:09.734000      5430.96        2.29621200e+00        3.18646760e-08  24.8731  24.3892
0202-11-01_17:53:09.930000      5431.15        2.30582100e+00        2.56668360e-08  24.8717  24.3680
0202-11-01_17:53:10.133000      5431.36        2.31612700e+00        3.30422660e-08  24.8717  24.3680
0202-11-01_17:53:10.324000      5431.55        2.32644900e+00        2.99433460e-08  24.8717  24.3680
0202-11-01_17:53:10.520000      5431.74        2.33545500e+00        3.00053260e-08  24.8717  24.3680
0202-11-01_17:53:10.770000      5431.99        2.34678000e+00        2.45512260e-08  24.8717  24.3680
0202-11-01_17:53:10.973000      5432.20        2.35618900e+00        1.95309660e-08  24.8433  24.4400
0202-11-01_17:53:11.164000      5432.39        2.36625300e+00        1.72997460e-08  24.8433  24.4400
0202-11-01_17:53:11.367000      5432.59        2.37617100e+00        1.78575460e-08  24.8433  24.4400
0202-11-01_17:53:11.562000      5432.78        2.38564300e+00        1.56883060e-08  24.8433  24.4400
0202-11-01_17:53:11.758000      5432.98        2.39560300e+00        2.15762560e-08  24.8433  24.4400
0202-11-01_17:53:11.965000      5433.19        2.40581700e+00        2.05845960e-08  24.8413  24.3543
0202-11-01_17:53:12.156000      5433.38        2.41584800e+00        2.64725560e-08  24.8413  24.3543
0202-11-01_17:53:12.350000      5433.57        2.42476700e+00        2.87037760e-08  24.8413  24.3543
0202-11-01_17:53:12.560000      5433.78        2.43553600e+00        2.98193860e-08  24.8413  24.3543
0202-11-01_17:53:12.760000      5433.98        2.44571400e+00        2.42413260e-08  24.8413  24.3543
0202-11-01_17:53:12.953000      5434.18        2.45538000e+00        2.46131960e-08  24.8886  24.4258
0202-11-01_17:53:13.160000      5434.39        2.46527800e+00        2.26918660e-08  24.8886  24.4258
0202-11-01_17:53:13.360000      5434.58        2.47539800e+00        3.06870860e-08  24.8886  24.4258
0202-11-01_17:53:13.550000      5434.77        2.48476900e+00        2.76501460e-08  24.8886  24.4258
0202-11-01_17:53:13.760000      5434.99        2.49535800e+00        3.15547860e-08  24.8886  24.4258
0202-11-01_17:53:13.957000      5435.18        2.50516800e+00        2.80220160e-08  24.8784  24.3966
0202-11-01_17:53:14.150000      5435.37        2.51481800e+00        2.39934160e-08  24.8784  24.3966
0202-11-01_17:53:14.360000      5435.58        2.52499300e+00        2.12663660e-08  24.8784  24.3966
0202-11-01_17:53:14.550000      5435.78        2.53504200e+00        2.12663660e-08  24.8784  24.3966
0202-11-01_17:53:14.758000      5435.98        2.54435400e+00        2.04606460e-08  24.8784  24.3966
0202-11-01_17:53:14.965000      5436.19        2.55515700e+00        3.40943260e-08  24.8816  24.3757
0202-11-01_17:53:15.156000      5436.38        2.56472900e+00        2.98166460e-08  24.8816  24.3757
0202-11-01_17:53:15.350000      5436.57        2.57382300e+00        3.45878160e-08  24.8816  24.3757
0202-11-01_17:53:15.555000      5436.78        2.58492300e+00        2.77701960e-08  24.8816  24.3757
0202-11-01_17:53:15.760000      5436.98        2.59498300e+00        2.79561260e-08  24.8816  24.3757
0202-11-01_17:53:15.953000      5437.18        2.60399400e+00        2.78321660e-08  24.8896  24.4450
0202-11-01_17:53:16.150000      5437.37        2.61444400e+00        2.62827060e-08  24.8896  24.4450
0202-11-01_17:53:16.340000      5437.56        2.62436500e+00        3.09930660e-08  24.8896  24.4450
0202-11-01_17:53:16.535000      5437.76        2.63374300e+00        2.95055860e-08  24.8896  24.4450
0202-11-01_17:53:16.740000      5437.96        2.64429300e+00        2.73363460e-08  24.8896  24.4450
0202-11-01_17:53:16.930000      5438.15        2.65407000e+00        3.16748260e-08  24.9268  24.3587
0202-11-01_17:53:17.125000      5438.35        2.66312600e+00        3.65091460e-08  24.9268  24.3587
0202-11-01_17:53:17.330000      5438.55        2.67385600e+00        3.93601460e-08  24.9268  24.3587
0202-11-01_17:53:17.520000      5438.74        2.68379400e+00        3.60133160e-08  24.9268  24.3587
0202-11-01_17:53:17.730000      5438.95        2.69273700e+00        3.17368060e-08  24.9268  24.3587
0202-11-01_17:53:17.920000      5439.15        2.70370500e+00        2.92576760e-08  24.9044  24.4348
0202-11-01_17:53:18.117000      5439.34        2.71367000e+00        3.27904360e-08  24.9044  24.4348
0202-11-01_17:53:18.320000      5439.54        2.72260000e+00        3.27904360e-08  24.9044  24.4348
0202-11-01_17:53:18.516000      5439.74        2.73382800e+00        3.30383560e-08  24.9044  24.4348
0202-11-01_17:53:18.720000      5439.94        2.74366100e+00        3.63232060e-08  24.9044  24.4348
0202-11-01_17:53:18.910000      5440.13        2.75307000e+00        3.66950760e-08  24.8964  24.3997
0202-11-01_17:53:19.100000      5440.33        2.76335400e+00        3.75627760e-08  24.8964  24.3997
0202-11-01_17:53:19.297000      5440.52        2.77360300e+00        3.11170260e-08  24.8964  24.3997
0202-11-01_17:53:19.500000      5440.72        2.78255200e+00        3.42779260e-08  24.8964  24.3997
0202-11-01_17:53:19.695000      5440.92        2.79316400e+00        3.47737460e-08  24.8964  24.3997
0202-11-01_17:53:19.887000      5441.11        2.80331200e+00        4.01658660e-08  24.8885  24.3785
0202-11-01_17:53:20.090000      5441.31        2.81210400e+00        3.36581360e-08  24.8885  24.3785
0202-11-01_17:53:20.285000      5441.51        2.82275500e+00        3.53935360e-08  24.8885  24.3785
0202-11-01_17:53:20.477000      5441.70        2.83303700e+00        3.41539660e-08  24.8885  24.3785
0202-11-01_17:53:20.688000      5441.91        2.84202200e+00        3.64471660e-08  24.8885  24.3785
0202-11-01_17:53:20.883000      5442.11        2.85251900e+00        3.52075760e-08  24.8909  24.4428
0202-11-01_17:53:21.074000      5442.30        2.86264700e+00        3.47737160e-08  24.8909  24.4428
0202-11-01_17:53:21.280000      5442.50        2.87165700e+00        3.68189760e-08  24.8909  24.4428
0202-11-01_17:53:21.473000      5442.70        2.86446900e+00        2.98154160e-08  24.8909  24.4428
0202-11-01_17:53:21.684000      5442.91        2.89223000e+00        3.22945560e-08  24.8909  24.4428
0202-11-01_17:53:21.890000      5443.11        2.90250800e+00        2.72123260e-08  24.9233  24.3635
0202-11-01_17:53:22.082000      5443.30        2.91236900e+00        2.86378360e-08  24.9233  24.3635
0202-11-01_17:53:22.280000      5443.51        2.92212200e+00        2.67165060e-08  24.9233  24.3635
0202-11-01_17:53:22.477000      5443.70        2.93176500e+00        3.21705960e-08  24.9233  24.3635
0202-11-01_17:53:22.742000      5443.96        2.94192900e+00        4.11574660e-08  24.9233  24.3635
0202-11-01_17:53:22.950000      5444.17        2.95201400e+00        4.02897660e-08  24.9371  24.4349
0202-11-01_17:53:23.140000      5444.37        2.96216100e+00        2.82659560e-08  24.9371  24.4349
0202-11-01_17:53:23.344000      5444.57        2.97086300e+00        2.39274760e-08  24.9371  24.4349
0202-11-01_17:53:23.535000      5444.76        2.98163600e+00        2.24399960e-08  24.9371  24.4349
0202-11-01_17:53:23.734000      5444.96        2.99166900e+00        2.65925460e-08  24.9371  24.4349
0202-11-01_17:53:23.938000      5445.16        3.00117200e+00        2.83279360e-08  24.9336  24.3954
0202-11-01_17:53:24.130000      5445.35        3.01162100e+00        2.50430860e-08  24.9336  24.3954
0202-11-01_17:53:24.324000      5445.55        3.02189100e+00        2.53529760e-08  24.9336  24.3954
0202-11-01_17:53:24.523000      5445.75        3.03141700e+00        2.22540560e-08  24.9336  24.3954
0202-11-01_17:53:24.734000      5445.96        3.04116100e+00        2.30597760e-08  24.9336  24.3954
0202-11-01_17:53:24.930000      5446.15        3.05144200e+00        2.44233060e-08  24.9455  24.3820
0202-11-01_17:53:25.133000      5446.36        3.06059600e+00        2.22540560e-08  24.9455  24.3820
0202-11-01_17:53:25.330000      5446.55        3.07128800e+00        2.65305660e-08  24.9455  24.3820
0202-11-01_17:53:25.520000      5446.74        3.08110400e+00        2.95055260e-08  24.9455  24.3820
0202-11-01_17:53:25.740000      5446.96        3.09081300e+00        3.46497360e-08  24.9455  24.3820
0202-11-01_17:53:25.930000      5447.15        3.10136900e+00        3.22325760e-08  24.9369  24.4405
0202-11-01_17:53:26.120000      5447.35        3.11096900e+00        3.28523660e-08  24.9369  24.4405
0202-11-01_17:53:26.320000      5447.54        3.12009600e+00        3.10549860e-08  24.9369  24.4405
0202-11-01_17:53:26.510000      5447.74        3.13104800e+00        2.95675060e-08  24.9369  24.4405
0202-11-01_17:53:26.754000      5447.98        3.14105000e+00        2.57867060e-08  24.9369  24.4405
0202-11-01_17:53:26.957000      5448.18        3.15077200e+00        2.95050460e-08  24.8846  24.3491
0202-11-01_17:53:27.160000      5448.38        3.16048400e+00        2.59717960e-08  24.8846  24.3491
0202-11-01_17:53:27.350000      5448.57        3.17033600e+00        2.56616560e-08  24.8846  24.3491
0202-11-01_17:53:27.555000      5448.78        3.18078900e+00        2.03934960e-08  24.8846  24.3491
0202-11-01_17:53:27.760000      5448.99        3.19048900e+00        2.86985960e-08  24.8846  24.3491
0202-11-01_17:53:27.953000      5449.18        3.20017200e+00        3.07438860e-08  24.8924  24.4284
0202-11-01_17:53:28.160000      5449.38        3.21024500e+00        3.40907160e-08  24.8924  24.4284
0202-11-01_17:53:28.350000      5449.58        3.22050300e+00        3.09298160e-08  24.8924  24.4284
0202-11-01_17:53:28.543000      5449.77        3.22966500e+00        3.17975160e-08  24.8924  24.4284
0202-11-01_17:53:28.766000      5449.99        3.23986100e+00        2.83887060e-08  24.8924  24.4284
0202-11-01_17:53:28.957000      5450.18        3.24988500e+00        2.57236360e-08  24.9143  24.3875
0202-11-01_17:53:29.152000      5450.37        3.25969200e+00        2.46080260e-08  24.9143  24.3875
0202-11-01_17:53:29.355000      5450.58        3.26992200e+00        2.96282760e-08  24.9143  24.3875
0202-11-01_17:53:29.547000      5450.77        3.27969600e+00        3.22313660e-08  24.9143  24.3875
0202-11-01_17:53:29.760000      5450.98        3.28897700e+00        3.19214760e-08  24.9143  24.3875
0202-11-01_17:53:29.965000      5451.19        3.29972800e+00        3.24792760e-08  24.8916  24.3710
0202-11-01_17:53:30.164000      5451.39        3.30930100e+00        2.74590360e-08  24.8916  24.3710
0202-11-01_17:53:30.360000      5451.58        3.31902300e+00        2.88845360e-08  24.8916  24.3710
0202-11-01_17:53:30.562000      5451.79        3.32957200e+00        2.93183860e-08  24.8916  24.3710
0202-11-01_17:53:30.766000      5451.99        3.33956500e+00        2.86985960e-08  24.8916  24.3710
0202-11-01_17:53:30.957000      5452.18        3.34881400e+00        2.72111160e-08  24.9156  24.4393
0202-11-01_17:53:31.160000      5452.38        3.35914200e+00        2.42361560e-08  24.9156  24.4393
0202-11-01_17:53:31.363000      5452.59        3.36922000e+00        2.23768060e-08  24.9156  24.4393
0202-11-01_17:53:31.562000      5452.79        3.37853100e+00        1.95877760e-08  24.9156  24.4393
0202-11-01_17:53:31.770000      5452.99        3.38898000e+00        2.59095760e-08  24.9156  24.4393
0202-11-01_17:53:31.970000      5453.19        3.39850900e+00        3.41526960e-08  24.9061  24.3560
0202-11-01_17:53:32.164000      5453.39        3.40824200e+00        4.01645960e-08  24.9061  24.3560
0202-11-01_17:53:32.360000      5453.58        3.41857800e+00        3.81812860e-08  24.9061  24.3560
0202-11-01_17:53:32.560000      5453.78        3.42875000e+00        2.67152960e-08  24.9061  24.3560
0202-11-01_17:53:32.773000      5454.00        3.43807500e+00        2.52899360e-08  24.9061  24.3560
0202-11-01_17:53:32.970000      5454.19        3.44874400e+00        2.62821760e-08  24.8676  24.4274
0202-11-01_17:53:33.160000      5454.39        3.45817000e+00        3.07450660e-08  24.8676  24.4274
0202-11-01_17:53:33.363000      5454.59        3.46785100e+00        3.35963660e-08  24.8676  24.4274
0202-11-01_17:53:33.562000      5454.79        3.47850600e+00        3.47739560e-08  24.8676  24.4274
0202-11-01_17:53:33.770000      5454.99        3.48840800e+00        4.34509260e-08  24.8676  24.4274
0202-11-01_17:53:33.970000      5455.19        3.49830200e+00        4.79753560e-08  24.8484  24.3850
0202-11-01_17:53:34.168000      5455.39        3.50860700e+00        5.34294560e-08  24.8484  24.3850
0202-11-01_17:53:34.363000      5455.59        3.51796100e+00        5.25617560e-08  24.8484  24.3850
0202-11-01_17:53:34.560000      5455.78        3.52726200e+00        5.13221860e-08  24.8484  24.3850
0202-11-01_17:53:34.754000      5455.98        3.53790800e+00        5.36773660e-08  24.8484  24.3850
0202-11-01_17:53:34.950000      5456.17        3.54766600e+00        6.05569660e-08  24.8429  24.3745
0202-11-01_17:53:35.152000      5456.38        3.55732000e+00        6.53293060e-08  24.8429  24.3745
0202-11-01_17:53:35.355000      5456.58        3.56777500e+00        7.24568160e-08  24.8429  24.3745
0202-11-01_17:53:35.555000      5456.78        3.57752200e+00        6.63829360e-08  24.8429  24.3745
0202-11-01_17:53:35.766000      5456.99        3.58701800e+00        6.99776760e-08  24.8429  24.3745
0202-11-01_17:53:35.957000      5457.18        3.59751100e+00        7.32625360e-08  24.9008  24.4468
0202-11-01_17:53:36.164000      5457.39        3.60763300e+00        8.46045760e-08  24.9008  24.4468
0202-11-01_17:53:36.363000      5457.59        3.61706000e+00        8.78894360e-08  24.9008  24.4468
0202-11-01_17:53:36.562000      5457.79        3.62750100e+00        9.16081360e-08  24.9008  24.4468
0202-11-01_17:53:36.758000      5457.98        3.63759900e+00        9.92934560e-08  24.9280  24.3580
0202-11-01_17:53:36.950000      5458.17        3.64674100e+00        1.06916796e-07  24.9280  24.3580
0202-11-01_17:53:37.160000      5458.38        3.65780800e+00        1.09457916e-07  24.9280  24.3580
0202-11-01_17:53:37.360000      5458.58        3.66713900e+00        1.12184966e-07  24.9280  24.3580
0202-11-01_17:53:37.555000      5458.78        3.67635300e+00        1.12804746e-07  24.9280  24.3580
0202-11-01_17:53:37.766000      5458.99        3.68722500e+00        1.14354206e-07  24.9280  24.3580
0202-11-01_17:53:37.980000      5459.20        3.69695500e+00        1.25200426e-07  24.8995  24.4349
0202-11-01_17:53:38.184000      5459.41        3.70705900e+00        1.34931036e-07  24.8995  24.4349
0202-11-01_17:53:38.383000      5459.61        3.71726700e+00        1.46768906e-07  24.8995  24.4349
0202-11-01_17:53:38.590000      5459.81        3.72618600e+00        1.56499506e-07  24.8995  24.4349
0202-11-01_17:53:38.793000      5460.02        3.73664200e+00        1.63628316e-07  24.8974  24.3955
0202-11-01_17:53:38.990000      5460.21        3.74695100e+00        1.77574746e-07  24.8974  24.3955
0202-11-01_17:53:39.184000      5460.41        3.75602600e+00        1.90839856e-07  24.8974  24.3955
0202-11-01_17:53:39.383000      5460.61        3.76674400e+00        1.98835076e-07  24.8974  24.3955
0202-11-01_17:53:39.594000      5460.82        3.77663100e+00        2.05962596e-07  24.8974  24.3955
0202-11-01_17:53:39.790000      5461.01        3.78616200e+00        2.18668176e-07  24.8974  24.3955
0202-11-01_17:53:39.984000      5461.21        3.79653800e+00        2.32551356e-07  24.9514  24.3842
0202-11-01_17:53:40.195000      5461.42        3.80645000e+00        2.47674096e-07  24.9514  24.3842
0202-11-01_17:53:40.390000      5461.61        3.81568400e+00        2.67011376e-07  24.9514  24.3842
0202-11-01_17:53:40.600000      5461.82        3.82611500e+00        2.89757466e-07  24.9514  24.3842
0202-11-01_17:53:40.797000      5462.02        3.83560300e+00        3.01099526e-07  24.9448  24.4402
0202-11-01_17:53:40.992000      5462.21        3.84577500e+00        3.16408206e-07  24.9448  24.4402
0202-11-01_17:53:41.200000      5462.42        3.85611100e+00        3.38100666e-07  24.9448  24.4402
0202-11-01_17:53:41.410000      5462.63        3.86587300e+00        3.52355706e-07  24.9448  24.4402
0202-11-01_17:53:41.600000      5462.83        3.87578100e+00        3.85948036e-07  24.9448  24.4402
0202-11-01_17:53:41.805000      5463.03        3.88606000e+00        4.05223336e-07  24.9311  24.3599
0202-11-01_17:53:42.008000      5463.23        3.89541500e+00        4.31440216e-07  24.9311  24.3599
0202-11-01_17:53:42.203000      5463.42        3.90549700e+00        4.53008726e-07  24.9311  24.3599
0202-11-01_17:53:42.402000      5463.63        3.91553400e+00        4.78791766e-07  24.9311  24.3599
0202-11-01_17:53:42.605000      5463.83        3.92513700e+00        5.09595056e-07  24.9311  24.3599
0202-11-01_17:53:42.800000      5464.03        3.93503700e+00        5.37237446e-07  24.8666  24.4316
0202-11-01_17:53:43.008000      5464.23        3.94534600e+00        5.77585416e-07  24.8666  24.4316
0202-11-01_17:53:43.203000      5464.43        3.95560000e+00        6.14524576e-07  24.8666  24.4316
0202-11-01_17:53:43.402000      5464.62        3.96501400e+00        6.42786756e-07  24.8666  24.4316
0202-11-01_17:53:43.598000      5464.82        3.97529400e+00        6.89456536e-07  24.8666  24.4316
0202-11-01_17:53:43.800000      5465.02        3.98582500e+00        7.22553026e-07  24.8666  24.4316
0202-11-01_17:53:43.992000      5465.22        3.99469200e+00        7.63210896e-07  24.9072  24.3876
0202-11-01_17:53:44.190000      5465.41        4.00494200e+00        8.10190566e-07  24.9072  24.3876
0202-11-01_17:53:44.390000      5465.61        4.01542000e+00        8.41675626e-07  24.9072  24.3876
0202-11-01_17:53:44.590000      5465.81        4.02436200e+00        8.83387126e-07  24.9072  24.3876
0202-11-01_17:53:44.785000      5466.01        4.03485200e+00        9.42885916e-07  24.9399  24.3740
0202-11-01_17:53:44.980000      5466.21        4.04510400e+00        9.96744806e-07  24.9399  24.3740
0202-11-01_17:53:45.195000      5466.42        4.05454500e+00        1.04446782e-06  24.9399  24.3740
0202-11-01_17:53:45.390000      5466.61        4.06456700e+00        1.11388367e-06  24.9399  24.3740
0202-11-01_17:53:45.586000      5466.81        4.07459100e+00        1.16625545e-06  24.9399  24.3740
0202-11-01_17:53:45.777000      5467.00        4.08398200e+00        1.21856525e-06  24.9448  24.4445
0202-11-01_17:53:45.973000      5467.20        4.09389400e+00        1.29157585e-06  24.9448  24.4445
0202-11-01_17:53:46.170000      5467.40        4.10433800e+00        1.35095120e-06  24.9448  24.4445
0202-11-01_17:53:46.367000      5467.59        4.11438600e+00        1.41949935e-06  24.9448  24.4445
0202-11-01_17:53:46.566000      5467.79        4.12346100e+00        1.51048370e-06  24.9448  24.4445
0202-11-01_17:53:46.760000      5467.99        4.13435300e+00        1.57884592e-06  24.9448  24.4445
0202-11-01_17:53:46.960000      5468.18        4.14399400e+00        1.65210443e-06  24.8575  24.3502
0202-11-01_17:53:47.160000      5468.38        4.15324600e+00        1.75969900e-06  24.8575  24.3502
0202-11-01_17:53:47.363000      5468.59        4.16398600e+00        1.81758686e-06  24.8575  24.3502
0202-11-01_17:53:47.562000      5468.79        4.17370800e+00        1.93720525e-06  24.8575  24.3502
0202-11-01_17:53:47.770000      5468.99        4.18301400e+00        2.02738388e-06  24.8575  24.3502
0202-11-01_17:53:47.973000      5469.19        4.19382100e+00        2.15357198e-06  24.8819  24.4328
0202-11-01_17:53:48.168000      5469.39        4.20382400e+00        2.24796514e-06  24.8819  24.4328
0202-11-01_17:53:48.375000      5469.60        4.21308800e+00        2.38035109e-06  24.8819  24.4328
0202-11-01_17:53:48.574000      5469.80        4.22351400e+00        2.48534256e-06  24.8819  24.4328
0202-11-01_17:53:48.785000      5470.01        4.23371900e+00        2.59392879e-06  24.8819  24.4328
0202-11-01_17:53:48.980000      5470.20        4.24321300e+00        2.74490826e-06  24.8568  24.3910
0202-11-01_17:53:49.176000      5470.40        4.25372900e+00        2.86551830e-06  24.8568  24.3910
0202-11-01_17:53:49.387000      5470.61        4.26307800e+00        3.03422361e-06  24.8568  24.3910
0202-11-01_17:53:49.600000      5470.82        4.27274000e+00        3.20330079e-06  24.8568  24.3910
0202-11-01_17:53:49.793000      5471.02        4.28339300e+00        3.33506695e-06  24.9162  24.3838
0202-11-01_17:53:49.990000      5471.21        4.29275000e+00        3.46596542e-06  24.9162  24.3838
0202-11-01_17:53:50.200000      5471.42        4.30270700e+00        3.66968854e-06  24.9162  24.3838
0202-11-01_17:53:50.395000      5471.62        4.31262400e+00        3.82946896e-06  24.9162  24.3838
0202-11-01_17:53:50.590000      5471.82        4.32198600e+00        3.98844420e-06  24.9162  24.3838
0202-11-01_17:53:50.805000      5472.03        4.33279100e+00        4.22061771e-06  24.9184  24.4481
0202-11-01_17:53:51             5472.22        4.34286400e+00        4.38882893e-06  24.9184  24.4481
0202-11-01_17:53:51.195000      5472.42        4.35238900e+00        4.58176904e-06  24.9184  24.4481
0202-11-01_17:53:51.402000      5472.62        4.36287000e+00        4.83805006e-06  24.9184  24.4481
0202-11-01_17:53:51.600000      5472.82        4.37257100e+00        5.05156593e-06  24.9184  24.4481
0202-11-01_17:53:51.797000      5473.02        4.38187000e+00        5.25039290e-06  24.9184  24.4481
0202-11-01_17:53:51.992000      5473.21        4.39212200e+00        5.53691942e-06  24.8805  24.3605
0202-11-01_17:53:52.190000      5473.41        4.40223500e+00        5.76611584e-06  24.8805  24.3605
0202-11-01_17:53:52.383000      5473.61        4.41167000e+00        6.01080688e-06  24.8805  24.3605
0202-11-01_17:53:52.586000      5473.81        4.42252200e+00        6.33947877e-06  24.8805  24.3605
0202-11-01_17:53:52.790000      5474.01        4.43226700e+00        6.58943793e-06  24.9260  24.4407
0202-11-01_17:53:53             5474.22        4.44188100e+00        6.93137323e-06  24.9260  24.4407
0202-11-01_17:53:53.200000      5474.42        4.45210800e+00        7.18846003e-06  24.9260  24.4407
0202-11-01_17:53:53.402000      5474.62        4.46212700e+00        7.48378743e-06  24.9260  24.4407
0202-11-01_17:53:53.600000      5474.82        4.47143000e+00        7.78704813e-06  24.9260  24.4407
0202-11-01_17:53:53.797000      5475.02        4.48184500e+00        8.22622763e-06  24.9260  24.4407
0202-11-01_17:53:53.990000      5475.21        4.49159600e+00        8.54894963e-06  24.9698  24.3996
0202-11-01_17:53:54.184000      5475.41        4.50104000e+00        8.87935693e-06  24.9698  24.3996
0202-11-01_17:53:54.387000      5475.61        4.51174600e+00        9.34115853e-06  24.9698  24.3996
0202-11-01_17:53:54.582000      5475.81        4.52148300e+00        9.70094363e-06  24.9698  24.3996
0202-11-01_17:53:54.793000      5476.02        4.53103700e+00        1.00726285e-05  24.9315  24.3806
0202-11-01_17:53:54.984000      5476.21        4.54174300e+00        1.05943634e-05  24.9315  24.3806
0202-11-01_17:53:55.184000      5476.41        4.55142300e+00        1.09943105e-05  24.9315  24.3806
0202-11-01_17:53:55.395000      5476.62        4.56060400e+00        1.14086986e-05  24.9315  24.3806
0202-11-01_17:53:55.586000      5476.81        4.57131500e+00        1.19702856e-05  24.9315  24.3806
0202-11-01_17:53:55.797000      5477.02        4.58143400e+00        1.25619322e-05  24.9652  24.4485
0202-11-01_17:53:55.992000      5477.21        4.59065200e+00        1.30144371e-05  24.9652  24.4485
0202-11-01_17:53:56.184000      5477.41        4.60119200e+00        1.34813209e-05  24.9652  24.4485
0202-11-01_17:53:56.390000      5477.61        4.61099200e+00        1.48548260e-05  24.9652  24.4485
0202-11-01_17:53:56.582000      5477.81        4.62057600e+00        1.49785973e-05  24.9652  24.4485
0202-11-01_17:53:56.777000      5478.00        4.63041300e+00        1.52674794e-05  24.8763  24.3507
0202-11-01_17:53:56.977000      5478.20        4.64113400e+00        1.67103392e-05  24.8763  24.3507
0202-11-01_17:53:57.170000      5478.40        4.65080300e+00        1.68632401e-05  24.8763  24.3507
0202-11-01_17:53:57.370000      5478.59        4.65976900e+00        1.71834209e-05  24.8763  24.3507
0202-11-01_17:53:57.574000      5478.80        4.67078100e+00        1.83894602e-05  24.8763  24.3507
0202-11-01_17:53:57.770000      5478.99        4.68073500e+00        1.97387318e-05  24.8756  24.4311
0202-11-01_17:53:57.960000      5479.18        4.68938400e+00        1.97983551e-05  24.8756  24.4311
0202-11-01_17:53:58.164000      5479.39        4.70040500e+00        2.10697196e-05  24.8756  24.4311