# Ic = 3.77 A, n = 21.52 , Tavg = 24.91 K, f23-pulse-2ms
#datetime                        t_s     iHTS_A                vHTS_V                tHTS_K  tTAR_K
0202-11-01_14:16:56.508000      1289.04        1.69301600e-02        3.95378450e-09  24.9526  24.4067
0202-11-01_14:16:56.746000      1289.28        1.35819800e-02        1.16391145e-08  24.9526  24.4067
0202-11-01_14:16:56.953000      1289.48        2.31501100e-02        1.10813045e-08  24.9639  24.4057
0202-11-01_14:16:57.145000      1289.68        3.27687000e-02        2.05640145e-08  24.9639  24.4057
0202-11-01_14:16:57.340000      1289.87        4.17261900e-02        1.05854745e-08  24.9639  24.4057
0202-11-01_14:16:57.543000      1290.07        5.23999900e-02        7.17666450e-09  24.9639  24.4057
0202-11-01_14:16:57.766000      1290.29        6.24563900e-02        6.30896450e-09  24.9639  24.4057
0202-11-01_14:16:57.965000      1290.50        7.21209900e-02        1.56677145e-08  24.9926  24.4575
0202-11-01_14:16:58.160000      1290.69        8.18330800e-02        1.97582945e-08  24.9926  24.4575
0202-11-01_14:16:58.367000      1290.90        9.08416900e-02        1.77749845e-08  24.9926  24.4575
0202-11-01_14:16:58.562000      1291.09        1.01698000e-01        1.77749845e-08  24.9926  24.4575
0202-11-01_14:16:58.770000      1291.30        1.12115100e-01        1.80228945e-08  24.9926  24.4575
0202-11-01_14:16:58.960000      1291.49        1.21529500e-01        1.78989345e-08  24.9228  24.3948
0202-11-01_14:16:59.156000      1291.69        1.32034100e-01        2.19275345e-08  24.9228  24.3948
0202-11-01_14:16:59.360000      1291.89        1.41814500e-01        2.40967845e-08  24.9228  24.3948
0202-11-01_14:16:59.550000      1292.08        1.51384100e-01        2.68858145e-08  24.9228  24.3948
0202-11-01_14:16:59.750000      1292.28        1.61519100e-01        2.92409945e-08  24.9228  24.3948
0202-11-01_14:16:59.953000      1292.48        1.71525100e-01        3.15961845e-08  24.9514  24.4498
0202-11-01_14:17:00.145000      1292.68        1.80901700e-01        3.04805645e-08  24.9514  24.4498
0202-11-01_14:17:00.336000      1292.87        1.91542900e-01        2.98607845e-08  24.9514  24.4498
0202-11-01_14:17:00.543000      1293.07        2.01739500e-01        3.15342045e-08  24.9514  24.4498
0202-11-01_14:17:00.766000      1293.30        2.11153300e-01        3.67403945e-08  24.9514  24.4498
0202-11-01_14:17:00.970000      1293.50        2.21248200e-01        4.20085645e-08  24.9261  24.3951
0202-11-01_14:17:01.160000      1293.69        2.31034500e-01        4.03351445e-08  24.9261  24.3951
0202-11-01_14:17:01.370000      1293.90        2.40567000e-01        4.26903245e-08  24.9261  24.3951
0202-11-01_14:17:01.566000      1294.10        2.51070200e-01        3.98393145e-08  24.9261  24.3951
0202-11-01_14:17:01.760000      1294.29        2.61013800e-01        4.56033145e-08  24.9261  24.3951
0202-11-01_14:17:01.965000      1294.49        2.70052100e-01        3.80420145e-08  24.9402  24.4705
0202-11-01_14:17:02.168000      1294.70        2.80780300e-01        4.00254245e-08  24.9402  24.4705
0202-11-01_14:17:02.360000      1294.89        2.90916900e-01        3.45094145e-08  24.9402  24.4705
0202-11-01_14:17:02.566000      1295.10        3.00078300e-01        3.76083345e-08  24.9402  24.4705
0202-11-01_14:17:02.766000      1295.30        3.11105400e-01        3.27740145e-08  24.9402  24.4705
0202-11-01_14:17:02.957000      1295.49        3.20309900e-01        3.50052445e-08  24.8751  24.4393
0202-11-01_14:17:03.152000      1295.68        3.29811200e-01        3.39516045e-08  24.8751  24.4393
0202-11-01_14:17:03.348000      1295.88        3.40593400e-01        3.84760345e-08  24.8751  24.4393
0202-11-01_14:17:03.540000      1296.07        3.50302500e-01        3.57489845e-08  24.8751  24.4393
0202-11-01_14:17:03.758000      1296.29        3.59985200e-01        4.35582745e-08  24.8751  24.4393
0202-11-01_14:17:03.950000      1296.48        3.70308800e-01        4.38061845e-08  24.8886  24.3599
0202-11-01_14:17:04.145000      1296.67        3.80210800e-01        4.34343145e-08  24.8886  24.3599
0202-11-01_14:17:04.344000      1296.87        3.89264000e-01        4.49218045e-08  24.8886  24.3599
0202-11-01_14:17:04.535000      1297.07        3.99928900e-01        4.52936745e-08  24.8886  24.3599
0202-11-01_14:17:04.760000      1297.29        4.10565600e-01        5.32888945e-08  24.8886  24.3599
0202-11-01_14:17:04.965000      1297.49        4.20256900e-01        4.73389645e-08  24.9227  24.4460
0202-11-01_14:17:05.156000      1297.69        4.29903700e-01        5.05618445e-08  24.9227  24.4460
0202-11-01_14:17:05.350000      1297.88        4.39304500e-01        4.74629145e-08  24.9227  24.4460
0202-11-01_14:17:05.550000      1298.08        4.49021000e-01        5.57060545e-08  24.9227  24.4460
0202-11-01_14:17:05.760000      1298.29        4.59067100e-01        5.56440745e-08  24.9227  24.4460
0202-11-01_14:17:05.953000      1298.48        4.69396600e-01        6.38872145e-08  24.9361  24.3863
0202-11-01_14:17:06.160000      1298.69        4.78388900e-01        6.04164245e-08  24.9361  24.3863
0202-11-01_14:17:06.350000      1298.88        4.89369900e-01        6.20278645e-08  24.9361  24.3863
0202-11-01_14:17:06.543000      1299.07        4.98981100e-01        5.49003345e-08  24.9361  24.3863
0202-11-01_14:17:06.758000      1299.29        5.08515100e-01        5.58919945e-08  24.9521  24.3952
0202-11-01_14:17:06.950000      1299.48        5.19109400e-01        5.63878145e-08  24.9521  24.3952
0202-11-01_14:17:07.140000      1299.67        5.29122700e-01        6.27716045e-08  24.9521  24.3952
0202-11-01_14:17:07.344000      1299.87        5.38609200e-01        6.02304845e-08  24.9521  24.3952
0202-11-01_14:17:07.543000      1300.08        5.48312400e-01        6.40111745e-08  24.9521  24.3952
0202-11-01_14:17:07.758000      1300.29        5.58864500e-01        5.88049745e-08  24.9278  24.4372
0202-11-01_14:17:07.950000      1300.48        5.67969600e-01        6.23378745e-08  24.9278  24.4372
0202-11-01_14:17:08.145000      1300.67        5.78394100e-01        5.52724145e-08  24.9278  24.4372
0202-11-01_14:17:08.336000      1300.87        5.88573700e-01        5.86193445e-08  24.9278  24.4372
0202-11-01_14:17:08.543000      1301.07        5.97955800e-01        6.08505645e-08  24.9278  24.4372
0202-11-01_14:17:08.740000      1301.27        6.07949900e-01        6.09745245e-08  24.9278  24.4372
0202-11-01_14:17:08.930000      1301.46        6.18309100e-01        5.94250645e-08  24.9427  24.3558
0202-11-01_14:17:09.137000      1301.67        6.27826800e-01        5.82474745e-08  24.9427  24.3558
0202-11-01_14:17:09.330000      1301.86        6.37918800e-01        6.10984845e-08  24.9427  24.3558
0202-11-01_14:17:09.520000      1302.05        6.48077600e-01        5.53344845e-08  24.9427  24.3558
0202-11-01_14:17:09.740000      1302.27        6.58657900e-01        5.61402045e-08  24.9427  24.3558
0202-11-01_14:17:09.930000      1302.46        6.68119200e-01        5.00043345e-08  24.9443  24.4532
0202-11-01_14:17:10.125000      1302.65        6.77810400e-01        5.36610645e-08  24.9443  24.4532
0202-11-01_14:17:10.324000      1302.85        6.87445300e-01        5.03142245e-08  24.9443  24.4532
0202-11-01_14:17:10.516000      1303.04        6.97188600e-01        5.66980045e-08  24.9443  24.4532
0202-11-01_14:17:10.740000      1303.27        7.08252700e-01        5.03142245e-08  24.9443  24.4532
0202-11-01_14:17:10.945000      1303.47        7.17326700e-01        5.52105245e-08  24.8905  24.3865
0202-11-01_14:17:11.137000      1303.67        7.27181200e-01        4.86408045e-08  24.8905  24.3865
0202-11-01_14:17:11.330000      1303.86        7.37265900e-01        5.71938345e-08  24.8905  24.3865
0202-11-01_14:17:11.530000      1304.06        7.46756800e-01        5.46527145e-08  24.8905  24.3865
0202-11-01_14:17:11.758000      1304.29        7.57362700e-01        6.43213645e-08  24.8905  24.3865
0202-11-01_14:17:11.960000      1304.49        7.67165400e-01        6.44453145e-08  24.8790  24.3907
0202-11-01_14:17:12.152000      1304.68        7.76602900e-01        5.91771445e-08  24.8790  24.3907
0202-11-01_14:17:12.348000      1304.88        7.86887900e-01        4.98183945e-08  24.8790  24.3907
0202-11-01_14:17:12.550000      1305.08        7.96938400e-01        5.19256645e-08  24.8790  24.3907
0202-11-01_14:17:12.770000      1305.30        8.06709800e-01        4.85788245e-08  24.8790  24.3907
0202-11-01_14:17:12.973000      1305.50        8.16879000e-01        5.57683345e-08  24.8796  24.4348
0202-11-01_14:17:13.164000      1305.70        8.26337400e-01        4.82069545e-08  24.8796  24.4348
0202-11-01_14:17:13.367000      1305.90        8.36280300e-01        5.15537945e-08  24.8796  24.4348
0202-11-01_14:17:13.570000      1306.10        8.46203100e-01        5.71318545e-08  24.8796  24.4348
0202-11-01_14:17:13.770000      1306.30        8.56388700e-01        5.89912945e-08  24.8796  24.4348
0202-11-01_14:17:13.977000      1306.51        8.65956800e-01        6.27722945e-08  24.8823  24.3528
0202-11-01_14:17:14.170000      1306.70        8.76035500e-01        6.32063845e-08  24.8823  24.3528
0202-11-01_14:17:14.363000      1306.89        8.86372400e-01        6.66153645e-08  24.8823  24.3528
0202-11-01_14:17:14.570000      1307.10        8.95394400e-01        5.96117945e-08  24.8823  24.3528
0202-11-01_14:17:14.766000      1307.30        9.05945100e-01        6.64294245e-08  24.8823  24.3528
0202-11-01_14:17:14.957000      1307.49        9.16352300e-01        6.64294245e-08  24.8644  24.4388
0202-11-01_14:17:15.164000      1307.69        9.25714200e-01        7.50444345e-08  24.8644  24.4388
0202-11-01_14:17:15.355000      1307.89        9.35607300e-01        6.77929545e-08  24.8644  24.4388
0202-11-01_14:17:15.550000      1308.08        9.45803200e-01        7.18215545e-08  24.8644  24.4388
0202-11-01_14:17:15.758000      1308.29        9.55770600e-01        6.97762645e-08  24.8644  24.4388
0202-11-01_14:17:15.953000      1308.48        9.65332800e-01        7.21314545e-08  24.9139  24.3801
0202-11-01_14:17:16.150000      1308.68        9.76028900e-01        6.79169145e-08  24.9139  24.3801
0202-11-01_14:17:16.350000      1308.88        9.85755800e-01        6.87846145e-08  24.9139  24.3801
0202-11-01_14:17:16.543000      1309.07        9.95063500e-01        6.39502845e-08  24.9139  24.3801
0202-11-01_14:17:16.766000      1309.30        1.00564400e+00        6.82887845e-08  24.9139  24.3801
0202-11-01_14:17:16.973000      1309.50        1.01499400e+00        6.61195345e-08  24.8818  24.3960
0202-11-01_14:17:17.164000      1309.70        1.02506400e+00        7.59741145e-08  24.8818  24.3960
0202-11-01_14:17:17.355000      1309.89        1.03550700e+00        7.26272745e-08  24.8818  24.3960
0202-11-01_14:17:17.560000      1310.09        1.04528000e+00        6.94663745e-08  24.8818  24.3960
0202-11-01_14:17:17.773000      1310.31        1.05515100e+00        6.89705445e-08  24.8818  24.3960
0202-11-01_14:17:17.965000      1310.50        1.06472200e+00        7.30611245e-08  24.9114  24.3960
0202-11-01_14:17:18.164000      1310.70        1.07472200e+00        6.97142845e-08  24.9114  24.3960
0202-11-01_14:17:18.360000      1310.89        1.08394400e+00        6.97142845e-08  24.9114  24.3960
0202-11-01_14:17:18.550000      1311.08        1.09489000e+00        6.71111945e-08  24.9114  24.3960
0202-11-01_14:17:18.760000      1311.29        1.10485900e+00        7.33710245e-08  24.9114  24.3960
0202-11-01_14:17:18.953000      1311.48        1.11394900e+00        7.90110645e-08  24.8972  24.3542
0202-11-01_14:17:19.150000      1311.68        1.12492800e+00        7.76475345e-08  24.8972  24.3542
0202-11-01_14:17:19.350000      1311.88        1.13446800e+00        7.85772145e-08  24.8972  24.3542
0202-11-01_14:17:19.547000      1312.08        1.14397300e+00        8.04365645e-08  24.8972  24.3542
0202-11-01_14:17:19.742000      1312.27        1.15456800e+00        8.16759145e-08  24.8972  24.3542
0202-11-01_14:17:19.945000      1312.48        1.16450400e+00        8.60754845e-08  24.9060  24.4466
0202-11-01_14:17:20.140000      1312.67        1.17367200e+00        8.76242645e-08  24.9060  24.4466
0202-11-01_14:17:20.332000      1312.86        1.18405600e+00        9.38836445e-08  24.9060  24.4466
0202-11-01_14:17:20.540000      1313.07        1.19408300e+00        8.96071245e-08  24.9060  24.4466
0202-11-01_14:17:20.760000      1313.29        1.20393400e+00        8.51446745e-08  24.9060  24.4466
0202-11-01_14:17:20.965000      1313.50        1.21407800e+00        9.09706545e-08  24.8928  24.3827
0202-11-01_14:17:21.156000      1313.69        1.22403400e+00        8.52066545e-08  24.8928  24.3827
0202-11-01_14:17:21.367000      1313.90        1.23291600e+00        9.06607645e-08  24.8928  24.3827
0202-11-01_14:17:21.562000      1314.09        1.24375300e+00        8.66941445e-08  24.8928  24.3827
0202-11-01_14:17:21.758000      1314.29        1.25353300e+00        1.00515335e-07  24.8928  24.3827
0202-11-01_14:17:21.960000      1314.49        1.26262300e+00        9.66726745e-08  24.9160  24.3964
0202-11-01_14:17:22.156000      1314.69        1.27374300e+00        1.01135125e-07  24.9160  24.3964
0202-11-01_14:17:22.348000      1314.88        1.28347800e+00        9.05987845e-08  24.9160  24.3964
0202-11-01_14:17:22.547000      1315.08        1.29262400e+00        8.58264445e-08  24.9160  24.3964
0202-11-01_14:17:22.754000      1315.28        1.30330800e+00        8.02483845e-08  24.9160  24.3964
0202-11-01_14:17:22.945000      1315.48        1.31325500e+00        8.61363345e-08  24.9285  24.4368
0202-11-01_14:17:23.137000      1315.67        1.32245800e+00        8.84295345e-08  24.9285  24.4368
0202-11-01_14:17:23.332000      1315.86        1.33318700e+00        8.68800745e-08  24.9285  24.4368
0202-11-01_14:17:23.535000      1316.07        1.34298200e+00        8.92972345e-08  24.9285  24.4368
0202-11-01_14:17:23.734000      1316.26        1.35287200e+00        9.80361945e-08  24.9285  24.4368
0202-11-01_14:17:23.930000      1316.46        1.36247100e+00        9.95236845e-08  24.9013  24.3596
0202-11-01_14:17:24.125000      1316.66        1.37244600e+00        9.06607645e-08  24.9013  24.3596
0202-11-01_14:17:24.316000      1316.85        1.38249200e+00        8.53925945e-08  24.9013  24.3596
0202-11-01_14:17:24.510000      1317.04        1.39218000e+00        8.89873445e-08  24.9013  24.3596
0202-11-01_14:17:24.740000      1317.27        1.40246100e+00        8.84295345e-08  24.9013  24.3596
0202-11-01_14:17:24.930000      1317.46        1.41227400e+00        8.52066545e-08  24.9268  24.4434
0202-11-01_14:17:25.133000      1317.66        1.42208400e+00        8.81196445e-08  24.9268  24.4434
0202-11-01_14:17:25.324000      1317.86        1.43266600e+00        9.12805445e-08  24.9268  24.4434
0202-11-01_14:17:25.520000      1318.05        1.44268300e+00        9.12805445e-08  24.9268  24.4434
0202-11-01_14:17:25.750000      1318.28        1.45291300e+00        8.16736345e-08  24.9268  24.4434
0202-11-01_14:17:25.945000      1318.48        1.46236600e+00        8.37185345e-08  24.9113  24.3847
0202-11-01_14:17:26.150000      1318.68        1.47207000e+00        8.14249545e-08  24.9113  24.3847
0202-11-01_14:17:26.350000      1318.88        1.48156700e+00        8.50814245e-08  24.9113  24.3847
0202-11-01_14:17:26.543000      1319.07        1.49230300e+00        7.72721445e-08  24.9113  24.3847
0202-11-01_14:17:26.758000      1319.29        1.50222400e+00        7.93174345e-08  24.9113  24.3847
0202-11-01_14:17:26.953000      1319.48        1.51155300e+00        7.78299545e-08  24.9090  24.4041
0202-11-01_14:17:27.145000      1319.68        1.52230600e+00        8.49574745e-08  24.9090  24.4041
0202-11-01_14:17:27.344000      1319.88        1.53207300e+00        7.79539045e-08  24.9090  24.4041
0202-11-01_14:17:27.540000      1320.07        1.54152400e+00        7.75820345e-08  24.9090  24.4041
0202-11-01_14:17:27.740000      1320.27        1.55220800e+00        7.35534345e-08  24.9090  24.4041
0202-11-01_14:17:27.934000      1320.46        1.56202100e+00        7.76440145e-08  24.9420  24.3929
0202-11-01_14:17:28.125000      1320.66        1.57098800e+00        7.74580845e-08  24.9420  24.3929
0202-11-01_14:17:28.320000      1320.85        1.58140500e+00        7.66523645e-08  24.9420  24.3929
0202-11-01_14:17:28.520000      1321.05        1.59196200e+00        7.76440145e-08  24.9420  24.3929
0202-11-01_14:17:28.742000      1321.27        1.60157300e+00        6.85331845e-08  24.9420  24.3929
0202-11-01_14:17:28.934000      1321.46        1.61186300e+00        6.53722845e-08  24.9257  24.3603
0202-11-01_14:17:29.130000      1321.66        1.62159700e+00        6.45665645e-08  24.9257  24.3603
0202-11-01_14:17:29.320000      1321.85        1.63048600e+00        7.39253045e-08  24.9257  24.3603
0202-11-01_14:17:29.523000      1322.05        1.64135700e+00        7.95033645e-08  24.9257  24.3603
0202-11-01_14:17:29.746000      1322.28        1.65143700e+00        8.32220745e-08  24.9257  24.3603
0202-11-01_14:17:29.950000      1322.48        1.66096400e+00        7.31815645e-08  24.9178  24.4486
0202-11-01_14:17:30.140000      1322.67        1.67126800e+00        7.25617845e-08  24.9178  24.4486
0202-11-01_14:17:30.348000      1322.88        1.68077800e+00        6.77894445e-08  24.9178  24.4486
0202-11-01_14:17:30.543000      1323.07        1.69104100e+00        7.67143345e-08  24.9178  24.4486
0202-11-01_14:17:30.760000      1323.29        1.70088800e+00        7.89455645e-08  24.9178  24.4486
0202-11-01_14:17:30.953000      1323.48        1.71043500e+00        8.40897745e-08  24.9291  24.3839
0202-11-01_14:17:31.150000      1323.68        1.72099300e+00        7.62804845e-08  24.9291  24.3839
0202-11-01_14:17:31.340000      1323.87        1.73060500e+00        8.42757045e-08  24.9291  24.3839
0202-11-01_14:17:31.535000      1324.07        1.74054500e+00        8.22923945e-08  24.9291  24.3839
0202-11-01_14:17:31.734000      1324.26        1.75012900e+00        8.51431645e-08  24.9291  24.3839
0202-11-01_14:17:31.926000      1324.46        1.76062300e+00        7.36148045e-08  24.9013  24.4720
0202-11-01_14:17:32.133000      1324.66        1.77053700e+00        7.75189545e-08  24.9013  24.4720
0202-11-01_14:17:32.324000      1324.86        1.78043300e+00        7.79526845e-08  24.9013  24.4720
0202-11-01_14:17:32.520000      1325.05        1.78972700e+00        8.04937945e-08  24.9013  24.4720
0202-11-01_14:17:32.730000      1325.26        1.80033300e+00        8.32828245e-08  24.9013  24.4720
0202-11-01_14:17:32.926000      1325.46        1.80941400e+00        8.48322845e-08  24.9159  24.4329
0202-11-01_14:17:33.120000      1325.65        1.81952300e+00        8.53281145e-08  24.9159  24.4329
0202-11-01_14:17:33.324000      1325.86        1.83034500e+00        8.69395545e-08  24.9159  24.4329
0202-11-01_14:17:33.520000      1326.05        1.83988900e+00        8.61958145e-08  24.9159  24.4329
0202-11-01_14:17:33.760000      1326.29        1.85012400e+00        8.87989045e-08  24.9159  24.4329
0202-11-01_14:17:33.970000      1326.50        1.85957000e+00        8.65057045e-08  24.8959  24.3569
0202-11-01_14:17:34.160000      1326.69        1.86907100e+00        8.61958145e-08  24.8959  24.3569
0202-11-01_14:17:34.367000      1326.90        1.87931300e+00        8.76213145e-08  24.8959  24.3569
0202-11-01_14:17:34.560000      1327.09        1.88950400e+00        9.02863845e-08  24.8959  24.3569
0202-11-01_14:17:34.770000      1327.30        1.89979800e+00        1.00450845e-07  24.8959  24.3569
0202-11-01_14:17:34.970000      1327.50        1.90924200e+00        9.51207045e-08  24.9085  24.4451
0202-11-01_14:17:35.170000      1327.70        1.91913900e+00        9.12780445e-08  24.9085  24.4451
0202-11-01_14:17:35.375000      1327.91        1.92892000e+00        8.91087945e-08  24.9085  24.4451
0202-11-01_14:17:35.570000      1328.10        1.93905300e+00        9.27655245e-08  24.9085  24.4451
0202-11-01_14:17:35.777000      1328.31        1.94948100e+00        8.89228645e-08  24.9085  24.4451
0202-11-01_14:17:35.973000      1328.50        1.95905800e+00        9.05343045e-08  24.8960  24.3819
0202-11-01_14:17:36.164000      1328.69        1.96837400e+00        8.92327545e-08  24.8960  24.3819
0202-11-01_14:17:36.367000      1328.90        1.97897000e+00        9.50587245e-08  24.8960  24.3819
0202-11-01_14:17:36.562000      1329.09        1.98873400e+00        8.96666045e-08  24.8960  24.3819
0202-11-01_14:17:36.760000      1329.29        1.99814100e+00        8.96666045e-08  24.8960  24.3819
0202-11-01_14:17:36.957000      1329.49        2.00869600e+00        9.07822145e-08  24.8973  24.4031
0202-11-01_14:17:37.150000      1329.68        2.01902200e+00        9.71040145e-08  24.8973  24.4031
0202-11-01_14:17:37.344000      1329.87        2.02779000e+00        8.99145145e-08  24.8973  24.4031
0202-11-01_14:17:37.547000      1330.08        2.03856300e+00        9.57404845e-08  24.8973  24.4031
0202-11-01_14:17:37.750000      1330.28        2.04872600e+00        8.99143445e-08  24.8973  24.4031
0202-11-01_14:17:37.940000      1330.47        2.05796900e+00        1.01752045e-07  24.9164  24.4338
0202-11-01_14:17:38.140000      1330.67        2.06855100e+00        9.15873545e-08  24.9164  24.4338
0202-11-01_14:17:38.332000      1330.86        2.07820100e+00        9.75992645e-08  24.9164  24.4338
0202-11-01_14:17:38.527000      1331.06        2.08806100e+00        9.78471745e-08  24.9164  24.4338
0202-11-01_14:17:38.742000      1331.27        2.09752400e+00        9.89008145e-08  24.9164  24.4338
0202-11-01_14:17:38.934000      1331.46        2.10805300e+00        9.54919945e-08  24.9043  24.3586
0202-11-01_14:17:39.125000      1331.66        2.11847600e+00        9.29508845e-08  24.9043  24.3586
0202-11-01_14:17:39.320000      1331.85        2.12677600e+00        9.42524245e-08  24.9043  24.3586
0202-11-01_14:17:39.516000      1332.05        2.13782800e+00        9.47482545e-08  24.9043  24.3586
0202-11-01_14:17:39.750000      1332.28        2.14847900e+00        9.45623245e-08  24.9043  24.3586
0202-11-01_14:17:39.945000      1332.48        2.15768200e+00        1.00884115e-07  24.9130  24.4471
0202-11-01_14:17:40.150000      1332.68        2.16773200e+00        1.03611165e-07  24.9130  24.4471
0202-11-01_14:17:40.340000      1332.87        2.17731800e+00        1.01937755e-07  24.9130  24.4471
0202-11-01_14:17:40.543000      1333.07        2.18752500e+00        1.01008075e-07  24.9130  24.4471
0202-11-01_14:17:40.746000      1333.27        2.19750200e+00        1.04045015e-07  24.9130  24.4471
0202-11-01_14:17:40.938000      1333.47        2.20668500e+00        1.05718435e-07  24.9016  24.3794
0202-11-01_14:17:41.140000      1333.67        2.21758600e+00        1.06834045e-07  24.9016  24.3794
0202-11-01_14:17:41.344000      1333.87        2.22712800e+00        1.02929405e-07  24.9016  24.3794
0202-11-01_14:17:41.535000      1334.07        2.23676700e+00        9.51201245e-08  24.9016  24.3794
0202-11-01_14:17:41.740000      1334.27        2.24721100e+00        9.65456345e-08  24.8977  24.4080
0202-11-01_14:17:41.940000      1334.47        2.25719100e+00        9.69794745e-08  24.8977  24.4080
0202-11-01_14:17:42.133000      1334.66        2.26632800e+00        1.05842395e-07  24.8977  24.4080
0202-11-01_14:17:42.344000      1334.87        2.27676500e+00        1.00450275e-07  24.8977  24.4080
0202-11-01_14:17:42.540000      1335.07        2.28668800e+00        1.04478865e-07  24.8977  24.4080
0202-11-01_14:17:42.730000      1335.26        2.29600700e+00        1.00016425e-07  24.8715  24.4275
0202-11-01_14:17:42.934000      1335.47        2.30653800e+00        9.91487245e-08  24.8715  24.4275
0202-11-01_14:17:43.137000      1335.67        2.31648200e+00        9.30748345e-08  24.8715  24.4275
0202-11-01_14:17:43.330000      1335.86        2.32571600e+00        9.68555245e-08  24.8715  24.4275
0202-11-01_14:17:43.540000      1336.07        2.33600700e+00        9.71034345e-08  24.8715  24.4275
0202-11-01_14:17:43.760000      1336.29        2.34624500e+00        9.87766445e-08  24.8715  24.4275
0202-11-01_14:17:43.970000      1336.50        2.35625400e+00        9.66691745e-08  24.8937  24.3593
0202-11-01_14:17:44.160000      1336.69        2.36587800e+00        1.00139685e-07  24.8937  24.3593
0202-11-01_14:17:44.350000      1336.88        2.37498300e+00        1.02432885e-07  24.8937  24.3593
0202-11-01_14:17:44.555000      1337.09        2.38579200e+00        9.95199045e-08  24.8937  24.3593
0202-11-01_14:17:44.750000      1337.28        2.39595800e+00        9.48095445e-08  24.8937  24.3593
0202-11-01_14:17:44.945000      1337.47        2.40470100e+00        9.28882145e-08  24.8949  24.4454
0202-11-01_14:17:45.137000      1337.67        2.41532300e+00        9.36319545e-08  24.8949  24.4454
0202-11-01_14:17:45.340000      1337.87        2.42532500e+00        9.74126345e-08  24.8949  24.4454
0202-11-01_14:17:45.530000      1338.06        2.43512600e+00        1.00201665e-07  24.8949  24.4454
0202-11-01_14:17:45.734000      1338.26        2.44490000e+00        9.95818845e-08  24.8949  24.4454
0202-11-01_14:17:45.938000      1338.47        2.45512000e+00        1.03486525e-07  24.9186  24.3810
0202-11-01_14:17:46.130000      1338.66        2.46517800e+00        9.93339645e-08  24.9186  24.3810
0202-11-01_14:17:46.332000      1338.86        2.47392700e+00        1.04602135e-07  24.9186  24.3810
0202-11-01_14:17:46.527000      1339.06        2.48493400e+00        9.74126345e-08  24.9186  24.3810
0202-11-01_14:17:46.734000      1339.27        2.49499800e+00        1.07577095e-07  24.9186  24.3810
0202-11-01_14:17:46.938000      1339.47        2.50464600e+00        1.05283895e-07  24.8676  24.4321
0202-11-01_14:17:47.140000      1339.67        2.51490300e+00        1.08320835e-07  24.8676  24.4321
0202-11-01_14:17:47.344000      1339.87        2.52496800e+00        9.65449445e-08  24.8676  24.4321
0202-11-01_14:17:47.535000      1340.07        2.53430900e+00        1.00821455e-07  24.8676  24.4321
0202-11-01_14:17:47.758000      1340.29        2.54456000e+00        1.00263645e-07  24.8676  24.4321
0202-11-01_14:17:47.953000      1340.48        2.55448000e+00        1.09250515e-07  24.9067  24.4255
0202-11-01_14:17:48.156000      1340.69        2.56403600e+00        1.07515115e-07  24.9067  24.4255
0202-11-01_14:17:48.348000      1340.88        2.57455800e+00        1.06647425e-07  24.9067  24.4255
0202-11-01_14:17:48.543000      1341.07        2.58434200e+00        1.03114655e-07  24.9067  24.4255
0202-11-01_14:17:48.734000      1341.27        2.59327500e+00        1.00201665e-07  24.9067  24.4255
0202-11-01_14:17:48.934000      1341.46        2.60425800e+00        9.93339645e-08  24.9070  24.3595
0202-11-01_14:17:49.125000      1341.66        2.61411500e+00        9.78464845e-08  24.9070  24.3595
0202-11-01_14:17:49.320000      1341.85        2.62325400e+00        1.01193325e-07  24.9070  24.3595
0202-11-01_14:17:49.527000      1342.06        2.63413200e+00        9.46855845e-08  24.9070  24.3595
0202-11-01_14:17:49.742000      1342.27        2.64394300e+00        9.23923045e-08  24.9070  24.3595
0202-11-01_14:17:49.945000      1342.48        2.65364100e+00        8.37152345e-08  24.8730  24.4429
0202-11-01_14:17:50.137000      1342.67        2.66380900e+00        9.38176045e-08  24.8730  24.4429
0202-11-01_14:17:50.332000      1342.86        2.67325300e+00        1.01069075e-07  24.8730  24.4429
0202-11-01_14:17:50.523000      1343.05        2.68329400e+00        1.07762735e-07  24.8730  24.4429
0202-11-01_14:17:50.734000      1343.26        2.69391300e+00        1.04167995e-07  24.8730  24.4429
0202-11-01_14:17:50.926000      1343.46        2.70362700e+00        9.96435645e-08  24.8960  24.3725
0202-11-01_14:17:51.117000      1343.65        2.71261900e+00        9.54290345e-08  24.8960  24.3725
0202-11-01_14:17:51.320000      1343.85        2.72350600e+00        9.57389345e-08  24.8960  24.3725
0202-11-01_14:17:51.523000      1344.05        2.73351700e+00        8.61322745e-08  24.8960  24.3725
0202-11-01_14:17:51.746000      1344.28        2.74344000e+00        9.17723145e-08  24.8960  24.3725
0202-11-01_14:17:51.938000      1344.47        2.75305400e+00        8.83635045e-08  24.9322  24.4136
0202-11-01_14:17:52.133000      1344.66        2.76309800e+00        9.54910145e-08  24.9322  24.4136
0202-11-01_14:17:52.344000      1344.88        2.77271200e+00        8.98509845e-08  24.9322  24.4136
0202-11-01_14:17:52.547000      1345.08        2.78295600e+00        9.61108045e-08  24.9322  24.4136
0202-11-01_14:17:52.760000      1345.29        2.79336100e+00        9.25160545e-08  24.9322  24.4136
0202-11-01_14:17:52.953000      1345.48        2.80245600e+00        8.84874545e-08  24.9448  24.4265
0202-11-01_14:17:53.156000      1345.69        2.81295600e+00        7.42324245e-08  24.9448  24.4265
0202-11-01_14:17:53.350000      1345.88        2.82243600e+00        7.28689045e-08  24.9448  24.4265
0202-11-01_14:17:53.543000      1346.07        2.83226700e+00        7.20012045e-08  24.9448  24.4265
0202-11-01_14:17:53.754000      1346.28        2.84263400e+00        7.87568545e-08  24.9448  24.4265
0202-11-01_14:17:53.945000      1346.48        2.85284000e+00        7.83849845e-08  24.9083  24.3605
0202-11-01_14:17:54.140000      1346.67        2.86182600e+00        8.94791145e-08  24.9083  24.3605
0202-11-01_14:17:54.340000      1346.87        2.87161900e+00        9.17103345e-08  24.9083  24.3605
0202-11-01_14:17:54.540000      1347.07        2.88209300e+00        9.22061645e-08  24.9083  24.3605
0202-11-01_14:17:54.760000      1347.29        2.89229300e+00        8.79296545e-08  24.9083  24.3605
0202-11-01_14:17:54.957000      1347.49        2.90197100e+00        8.71239345e-08  24.9358  24.4480
0202-11-01_14:17:55.164000      1347.69        2.91191000e+00        7.95005945e-08  24.9358  24.4480
0202-11-01_14:17:55.363000      1347.89        2.92111400e+00        7.99964145e-08  24.9358  24.4480
0202-11-01_14:17:55.562000      1348.09        2.93166900e+00        7.27449445e-08  24.9358  24.4480
0202-11-01_14:17:55.760000      1348.29        2.94154600e+00        7.43563645e-08  24.9344  24.3756
0202-11-01_14:17:55.957000      1348.49        2.95088700e+00        7.37985545e-08  24.9344  24.3756
0202-11-01_14:17:56.150000      1348.68        2.96144700e+00        7.55339345e-08  24.9344  24.3756
0202-11-01_14:17:56.355000      1348.89        2.97149300e+00        7.68974545e-08  24.9344  24.3756
0202-11-01_14:17:56.547000      1349.08        2.98109100e+00        6.87782845e-08  24.9344  24.3756
0202-11-01_14:17:56.746000      1349.28        2.99080400e+00        7.70833945e-08  24.9344  24.3756
0202-11-01_14:17:56.950000      1349.48        3.00110700e+00        6.97699445e-08  24.9289  24.4126
0202-11-01_14:17:57.145000      1349.67        3.01142000e+00        7.57818445e-08  24.9289  24.4126
0202-11-01_14:17:57.340000      1349.87        3.02021400e+00        6.35721045e-08  24.9289  24.4126
0202-11-01_14:17:57.543000      1350.07        3.02676400e+00        7.09475345e-08  24.9289  24.4126
0202-11-01_14:17:57.758000      1350.29        3.04103600e+00        6.31382545e-08  24.9289  24.4126
0202-11-01_14:17:57.965000      1350.49        3.05018700e+00        6.72908045e-08  24.9385  24.4256
0202-11-01_14:17:58.156000      1350.69        3.06082800e+00        6.03492245e-08  24.9385  24.4256
0202-11-01_14:17:58.360000      1350.89        3.07023000e+00        6.01013145e-08  24.9385  24.4256
0202-11-01_14:17:58.550000      1351.08        3.08013500e+00        5.90476845e-08  24.9385  24.4256
0202-11-01_14:17:58.750000      1351.28        3.09039100e+00        5.97294445e-08  24.9365  24.3594
0202-11-01_14:17:58.940000      1351.47        3.10002900e+00        5.65065645e-08  24.9365  24.3594
0202-11-01_14:17:59.140000      1351.67        3.10984400e+00        6.36960545e-08  24.9365  24.3594
0202-11-01_14:17:59.340000      1351.87        3.12057800e+00        6.69809145e-08  24.9365  24.3594
0202-11-01_14:17:59.540000      1352.07        3.13013100e+00        6.89022445e-08  24.9365  24.3594
0202-11-01_14:17:59.740000      1352.27        3.13948600e+00        6.71668445e-08  24.9365  24.3594
0202-11-01_14:17:59.934000      1352.47        3.15006900e+00        6.17747245e-08  24.9373  24.4494
0202-11-01_14:18:00.125000      1352.66        3.16028700e+00        6.46257345e-08  24.9373  24.4494
0202-11-01_14:18:00.320000      1352.85        3.16978000e+00        7.09475345e-08  24.9373  24.4494
0202-11-01_14:18:00.516000      1353.05        3.17958100e+00        7.81990045e-08  24.9373  24.4494
0202-11-01_14:18:00.734000      1353.26        3.19051400e+00        8.17317745e-08  24.9373  24.4494
0202-11-01_14:18:00.926000      1353.46        3.19972800e+00        8.01203345e-08  24.9263  24.3692
0202-11-01_14:18:01.120000      1353.65        3.20957700e+00        7.73313045e-08  24.9263  24.3692
0202-11-01_14:18:01.320000      1353.85        3.22008800e+00        7.40464545e-08  24.9263  24.3692
0202-11-01_14:18:01.516000      1354.05        3.22991400e+00        6.58033245e-08  24.9263  24.3692
0202-11-01_14:18:01.742000      1354.27        3.23893600e+00        6.80964545e-08  24.9263  24.3692
0202-11-01_14:18:01.938000      1354.47        3.24968400e+00        6.30141445e-08  24.9129  24.4097
0202-11-01_14:18:02.130000      1354.66        3.25958000e+00        7.03895045e-08  24.9129  24.4097
0202-11-01_14:18:02.340000      1354.87        3.26857100e+00        6.57411245e-08  24.9129  24.4097
0202-11-01_14:18:02.543000      1355.07        3.27969900e+00        6.92738945e-08  24.9129  24.4097
0202-11-01_14:18:02.754000      1355.29        3.28980000e+00        6.42536445e-08  24.9129  24.4097
0202-11-01_14:18:02.973000      1355.50        3.29914400e+00        7.16290645e-08  24.9475  24.4168
0202-11-01_14:18:03.170000      1355.70        3.30221500e+00        6.89020145e-08  24.9475  24.4168
0202-11-01_14:18:03.367000      1355.90        3.31858900e+00        6.59270545e-08  24.9475  24.4168
0202-11-01_14:18:03.580000      1356.11        3.32913000e+00        6.07208745e-08  24.9475  24.4168
0202-11-01_14:18:03.780000      1356.31        3.33885200e+00        6.58650745e-08  24.9475  24.4168
0202-11-01_14:18:03.990000      1356.52        3.34866800e+00        6.80963045e-08  24.9320  24.3564
0202-11-01_14:18:04.184000      1356.71        3.35904900e+00        7.22488545e-08  24.9320  24.3564
0202-11-01_14:18:04.395000      1356.93        3.36882300e+00        7.04514745e-08  24.9320  24.3564
0202-11-01_14:18:04.590000      1357.12        3.37861400e+00        7.32405045e-08  24.9320  24.3564
0202-11-01_14:18:04.797000      1357.33        3.38868800e+00        6.63609045e-08  24.9317  24.3903
0202-11-01_14:18:04.996000      1357.53        3.39865400e+00        6.32619845e-08  24.9317  24.3903
0202-11-01_14:18:05.190000      1357.72        3.40841700e+00        6.38817745e-08  24.9317  24.3903
0202-11-01_14:18:05.400000      1357.93        3.41856900e+00        7.03895045e-08  24.9317  24.3903
0202-11-01_14:18:05.594000      1358.13        3.42833900e+00        8.21653945e-08  24.9317  24.3903
0202-11-01_14:18:05.790000      1358.32        3.43812600e+00        8.33429845e-08  24.9392  24.3827
0202-11-01_14:18:05.996000      1358.53        3.44819600e+00        9.22678745e-08  24.9392  24.3827
0202-11-01_14:18:06.190000      1358.72        3.45835600e+00        8.77434545e-08  24.9392  24.3827
0202-11-01_14:18:06.387000      1358.92        3.46760700e+00        9.02225845e-08  24.9392  24.3827
0202-11-01_14:18:06.594000      1359.13        3.47792000e+00        8.60700345e-08  24.9392  24.3827
0202-11-01_14:18:06.790000      1359.32        3.48786400e+00        8.89830145e-08  24.9392  24.3827
0202-11-01_14:18:06.984000      1359.52        3.49705600e+00        9.15241345e-08  24.8922  24.4145
0202-11-01_14:18:07.184000      1359.71        3.50786900e+00        9.82177945e-08  24.8922  24.4145
0202-11-01_14:18:07.380000      1359.91        3.51785800e+00        1.00387045e-07  24.8922  24.4145
0202-11-01_14:18:07.574000      1360.10        3.52708500e+00        1.05407365e-07  24.8922  24.4145
0202-11-01_14:18:07.777000      1360.31        3.53769200e+00        1.03114465e-07  24.8868  24.4180
0202-11-01_14:18:07.970000      1360.50        3.54765300e+00        1.09684395e-07  24.8868  24.4180
0202-11-01_14:18:08.170000      1360.70        3.55674200e+00        1.09560585e-07  24.8868  24.4180
0202-11-01_14:18:08.370000      1360.90        3.56750900e+00        1.16254255e-07  24.8868  24.4180
0202-11-01_14:18:08.562000      1361.09        3.57749600e+00        1.14023025e-07  24.8868  24.4180
0202-11-01_14:18:08.760000      1361.29        3.58627500e+00        1.11915765e-07  24.8870  24.3554
0202-11-01_14:18:08.960000      1361.49        3.59723500e+00        1.11915765e-07  24.8870  24.3554
0202-11-01_14:18:09.168000      1361.70        3.60722800e+00        1.18485475e-07  24.8870  24.3554
0202-11-01_14:18:09.360000      1361.89        3.61633600e+00        1.26728605e-07  24.8870  24.3554
0202-11-01_14:18:09.550000      1362.08        3.62691100e+00        1.38256585e-07  24.8870  24.3554
0202-11-01_14:18:09.754000      1362.28        3.63705500e+00        1.40673745e-07  24.8870  24.3554
0202-11-01_14:18:09.945000      1362.48        3.64636600e+00        1.45693995e-07  24.8677  24.4395
0202-11-01_14:18:10.150000      1362.68        3.65664300e+00        1.49660605e-07  24.8677  24.4395
0202-11-01_14:18:10.344000      1362.87        3.66674600e+00        1.55548555e-07  24.8677  24.4395
0202-11-01_14:18:10.547000      1363.08        3.67578100e+00        1.58089675e-07  24.8677  24.4395
0202-11-01_14:18:10.766000      1363.29        3.68688000e+00        1.64597405e-07  24.8677  24.4395
0202-11-01_14:18:10.965000      1363.50        3.69629200e+00        1.73460315e-07  24.9158  24.3474
0202-11-01_14:18:11.164000      1363.69        3.70636000e+00        1.79844095e-07  24.9158  24.3474
0202-11-01_14:18:11.375000      1363.91        3.71679200e+00        1.96516285e-07  24.9158  24.3474
0202-11-01_14:18:11.574000      1364.11        3.72576600e+00        2.06742715e-07  24.9158  24.3474
0202-11-01_14:18:11.770000      1364.30        3.73651300e+00        2.21989405e-07  24.8853  24.4585
0202-11-01_14:18:11.965000      1364.50        3.74630100e+00        2.31596055e-07  24.8853  24.4585
0202-11-01_14:18:12.164000      1364.69        3.75502700e+00        2.44549545e-07  24.8853  24.4585
0202-11-01_14:18:12.380000      1364.91        3.76621200e+00        2.54218175e-07  24.8853  24.4585
0202-11-01_14:18:12.570000      1365.10        3.77583800e+00        2.72625755e-07  24.8853  24.4585
0202-11-01_14:18:12.780000      1365.31        3.78547900e+00        2.84835505e-07  24.9020  24.4116
0202-11-01_14:18:12.973000      1365.50        3.79591500e+00        3.01569675e-07  24.9020  24.4116
0202-11-01_14:18:13.168000      1365.70        3.80595300e+00        3.04792545e-07  24.9020  24.4116
0202-11-01_14:18:13.375000      1365.91        3.81523500e+00        3.32001065e-07  24.9020  24.4116
0202-11-01_14:18:13.570000      1366.10        3.82577200e+00        3.43404875e-07  24.9020  24.4116
0202-11-01_14:18:13.766000      1366.30        3.83590300e+00        3.66274565e-07  24.9020  24.4116
0202-11-01_14:18:13.970000      1366.50        3.84461500e+00        3.80405195e-07  24.8910  24.3595
0202-11-01_14:18:14.168000      1366.70        3.85066000e+00        3.89887785e-07  24.8910  24.3595
0202-11-01_14:18:14.363000      1366.89        3.86566700e+00        4.10960435e-07  24.8910  24.3595
0202-11-01_14:18:14.562000      1367.09        3.87479700e+00        4.36123655e-07  24.8910  24.3595
0202-11-01_14:18:14.766000      1367.30        3.88549900e+00        4.66988895e-07  24.8910  24.3595
0202-11-01_14:18:14.973000      1367.50        3.89561900e+00        4.84776685e-07  24.8705  24.4410
0202-11-01_14:18:15.168000      1367.70        3.90482500e+00        5.17873145e-07  24.8705  24.4410
0202-11-01_14:18:15.363000      1367.89        3.91543200e+00        5.39875475e-07  24.8705  24.4410
0202-11-01_14:18:15.580000      1368.11        3.92526800e+00        5.64232975e-07  24.8705  24.4410
0202-11-01_14:18:15.790000      1368.32        3.93476500e+00        5.88776415e-07  24.8705  24.4410
0202-11-01_14:18:15.990000      1368.52        3.94529100e+00        6.23360354e-07  24.8668  24.3620
0202-11-01_14:18:16.195000      1368.73        3.95450300e+00        6.45424655e-07  24.8668  24.3620
0202-11-01_14:18:16.387000      1368.92        3.96471000e+00        6.93829774e-07  24.8668  24.3620
0202-11-01_14:18:16.582000      1369.11        3.97492300e+00        7.26244475e-07  24.8668  24.3620
0202-11-01_14:18:16.777000      1369.31        3.98421200e+00        7.67708005e-07  24.8952  24.4182
0202-11-01_14:18:16.973000      1369.50        3.99457500e+00        8.16051145e-07  24.8952  24.4182
0202-11-01_14:18:17.168000      1369.70        4.00451900e+00        8.52432465e-07  24.8952  24.4182
0202-11-01_14:18:17.367000      1369.90        4.01390300e+00        8.87574204e-07  24.8952  24.4182
0202-11-01_14:18:17.566000      1370.10        4.02486900e+00        9.40627705e-07  24.8952  24.4182
0202-11-01_14:18:17.766000      1370.30        4.03415700e+00        9.87049515e-07  24.8952  24.4182
0202-11-01_14:18:17.977000      1370.51        4.04378300e+00        1.05522573e-06  24.8815  24.4140
0202-11-01_14:18:18.180000      1370.71        4.05431700e+00        1.09086330e-06  24.8815  24.4140
0202-11-01_14:18:18.380000      1370.91        4.06419200e+00        1.15810984e-06  24.8815  24.4140
0202-11-01_14:18:18.574000      1371.10        4.07358200e+00        1.20025515e-06  24.8815  24.4140
0202-11-01_14:18:18.780000      1371.31        4.08441500e+00        1.28138485e-06  24.9002  24.3570
0202-11-01_14:18:18.973000      1371.50        4.09414700e+00        1.33313680e-06  24.9002  24.3570
0202-11-01_14:18:19.168000      1371.70        4.10350300e+00        1.39077670e-06  24.9002  24.3570
0202-11-01_14:18:19.375000      1371.91        4.11428200e+00        1.47767039e-06  24.9002  24.3570
0202-11-01_14:18:19.570000      1372.10        4.12371600e+00        1.54640501e-06  24.9002  24.3570
0202-11-01_14:18:19.770000      1372.30        4.13325300e+00        1.62096560e-06  24.8803  24.4146
0202-11-01_14:18:19.973000      1372.50        4.14388100e+00        1.71411992e-06  24.8803  24.4146
0202-11-01_14:18:20.168000      1372.70        4.15382600e+00        1.79407206e-06  24.8803  24.4146
0202-11-01_14:18:20.383000      1372.91        4.16322900e+00        1.87414816e-06  24.8803  24.4146
0202-11-01_14:18:20.582000      1373.11        4.17394900e+00        1.98825041e-06  24.8803  24.4146
0202-11-01_14:18:20.790000      1373.32        4.18383200e+00        2.06931816e-06  24.9117  24.3623
0202-11-01_14:18:20.990000      1373.52        4.19307300e+00        2.18757296e-06  24.9117  24.3623
0202-11-01_14:18:21.188000      1373.72        4.20351600e+00        2.28748216e-06  24.9117  24.3623
0202-11-01_14:18:21.400000      1373.93        4.21343800e+00        2.43015645e-06  24.9117  24.3623
0202-11-01_14:18:21.617000      1374.15        4.22351700e+00        2.53806085e-06  24.9117  24.3623
0202-11-01_14:18:21.816000      1374.35        4.23329700e+00        2.66926914e-06  24.9051  24.4603
0202-11-01_14:18:22.020000      1374.55        4.24263000e+00        2.77618189e-06  24.9051  24.4603
0202-11-01_14:18:22.210000      1374.74        4.25305800e+00        2.89536637e-06  24.9051  24.4603
0202-11-01_14:18:22.402000      1374.93        4.26311300e+00        3.02496322e-06  24.9051  24.4603
0202-11-01_14:18:22.610000      1375.14        4.27218300e+00        3.21325361e-06  24.9051  24.4603
0202-11-01_14:18:22.805000      1375.34        4.28315800e+00        3.34830456e-06  24.9051  24.4603
0202-11-01_14:18:23             1375.53        4.29358500e+00        3.49798241e-06  24.9050  24.3301
0202-11-01_14:18:23.200000      1375.73        4.30230600e+00        3.64425145e-06  24.9050  24.3301
0202-11-01_14:18:23.402000      1375.93        4.31303500e+00        3.86700184e-06  24.9050  24.3301
0202-11-01_14:18:23.594000      1376.13        4.32280300e+00        4.03564509e-06  24.9050  24.3301
0202-11-01_14:18:23.805000      1376.33        4.33218400e+00        4.20992836e-06  24.9141  24.4448
0202-11-01_14:18:24             1376.53        4.34244800e+00        4.44550829e-06  24.9141  24.4448
0202-11-01_14:18:24.190000      1376.72        4.35280800e+00        4.62896437e-06  24.9141  24.4448
0202-11-01_14:18:24.402000      1376.93        4.36236400e+00        4.82568383e-06  24.9141  24.4448
0202-11-01_14:18:24.598000      1377.13        4.37236500e+00        5.09566176e-06  24.9141  24.4448
0202-11-01_14:18:24.797000      1377.33        4.38243700e+00        5.30297953e-06  24.9040  24.3741
0202-11-01_14:18:25             1377.53        4.39187900e+00        5.60028994e-06  24.9040  24.3741
0202-11-01_14:18:25.203000      1377.73        4.40225500e+00        5.81913569e-06  24.9040  24.3741
0202-11-01_14:18:25.395000      1377.93        4.41234500e+00        6.05211252e-06  24.9040  24.3741
0202-11-01_14:18:25.594000      1378.12        4.42202800e+00        6.36844883e-06  24.9040  24.3741
0202-11-01_14:18:25.790000      1378.32        4.43200800e+00        6.62559614e-06  24.9129  24.3620
0202-11-01_14:18:25.980000      1378.51        4.44213300e+00        6.89371354e-06  24.9129  24.3620
0202-11-01_14:18:26.188000      1378.72        4.45208000e+00        7.27723574e-06  24.9129  24.3620
0202-11-01_14:18:26.383000      1378.91        4.46157800e+00        7.56704664e-06  24.9129  24.3620
0202-11-01_14:18:26.582000      1379.11        4.47198200e+00        7.86832354e-06  24.9129  24.3620
0202-11-01_14:18:26.777000      1379.31        4.48173800e+00        8.27930224e-06  24.9070  24.4151
0202-11-01_14:18:26.973000      1379.50        4.49103300e+00        8.59297484e-06  24.9070  24.4151
0202-11-01_14:18:27.170000      1379.70        4.50165200e+00        8.92183214e-06  24.9070  24.4151
0202-11-01_14:18:27.370000      1379.90        4.51157600e+00        9.37631964e-06  24.9070  24.4151
0202-11-01_14:18:27.566000      1380.10        4.52066000e+00        9.73765354e-06  24.9070  24.4151
0202-11-01_14:18:27.780000      1380.31        4.53129400e+00        1.01014666e-05  24.9232  24.4071
0202-11-01_14:18:27.973000      1380.50        4.54098800e+00        1.06058467e-05  24.9232  24.4071
0202-11-01_14:18:28.176000      1380.71        4.55076700e+00        1.10048635e-05  24.9232  24.4071
0202-11-01_14:18:28.370000      1380.90        4.56086100e+00        1.14377825e-05  24.9232  24.4071
0202-11-01_14:18:28.580000      1381.11        4.57114400e+00        1.20457285e-05  24.9232  24.4071
0202-11-01_14:18:28.773000      1381.30        4.58061600e+00        1.25029430e-05  24.9232  24.4071
0202-11-01_14:18:28.965000      1381.50        4.59108300e+00        1.29599716e-05  24.9333  24.3577
0202-11-01_14:18:29.176000      1381.71        4.60113500e+00        1.43054603e-05  24.9333  24.3577
0202-11-01_14:18:29.370000      1381.90        4.61012000e+00        1.44133646e-05  24.9333  24.3577
0202-11-01_14:18:29.566000      1382.10        4.62065000e+00        1.46911517e-05  24.9333  24.3577
0202-11-01_14:18:29.760000      1382.29        4.63059000e+00        1.60218276e-05  24.9333  24.3577
0202-11-01_14:18:29.953000      1382.49        4.63993900e+00        1.61667330e-05  24.9438  24.4423
0202-11-01_14:18:30.145000      1382.68        4.65067800e+00        1.74419382e-05  24.9438  24.4423
0202-11-01_14:18:30.348000      1382.88        4.66046900e+00        1.76199401e-05  24.9438  24.4423
0202-11-01_14:18:30.543000      1383.07        4.67013400e+00        1.88711596e-05  24.9438  24.4423
0202-11-01_14:18:30.758000      1383.29        4.68014400e+00        1.89759031e-05  24.9438  24.4423
0202-11-01_14:18:30.950000      1383.48        4.68995400e+00        2.03598803e-05  24.9128  24.3549