# Ic = 3.77 A, n = 21.46 , Tavg = 24.92 K, f23-pulse-4p5ms-3
#datetime                        t_s     iHTS_A                vHTS_V                tHTS_K  tTAR_K
0202-11-01_18:21:16.710000      612.69        4.89931100e-02        3.39332800e-09  24.9314  24.4392
0202-11-01_18:21:16.902000      612.88        1.28263900e-02        1.22407800e-09  24.9314  24.4392
0202-11-01_18:21:17.100000      613.09        2.25222000e-02       -2.01422000e-10  24.9314  24.4392
0202-11-01_18:21:17.305000      613.29        3.29867900e-02        2.15375800e-09  24.8920  24.3913
0202-11-01_18:21:17.500000      613.48        4.29497400e-02        9.40523800e-09  24.8920  24.3913
0202-11-01_18:21:17.707000      613.69        5.21186800e-02        4.07508800e-09  24.8920  24.3913
0202-11-01_18:21:17.902000      613.88        6.20593800e-02       -1.75088200e-09  24.8920  24.3913
0202-11-01_18:21:18.105000      614.09        7.26651900e-02       -7.63884200e-09  24.8920  24.3913
0202-11-01_18:21:18.297000      614.28        8.16961100e-02       -4.41596200e-09  24.9374  24.4196
0202-11-01_18:21:18.500000      614.48        9.18698100e-02        3.64123800e-09  24.9374  24.4196
0202-11-01_18:21:18.710000      614.69        1.02128100e-01       -4.04409200e-09  24.9374  24.4196
0202-11-01_18:21:18.926000      614.91        1.12255800e-01       -4.91178200e-09  24.9374  24.4196
0202-11-01_18:21:19.120000      615.10        1.21898200e-01       -8.69247200e-09  24.9374  24.4196
0202-11-01_18:21:19.316000      615.30        1.32080800e-01       -9.00236200e-09  24.9648  24.4366
0202-11-01_18:21:19.520000      615.50        1.41586600e-01       -6.89510200e-09  24.9648  24.4366
0202-11-01_18:21:19.710000      615.69        1.51414300e-01       -9.43621200e-09  24.9648  24.4366
0202-11-01_18:21:19.906000      615.89        1.62085200e-01       -8.32060200e-09  24.9648  24.4366
0202-11-01_18:21:20.113000      616.10        1.71761700e-01       -5.22168200e-09  24.9648  24.4366
0202-11-01_18:21:20.312000      616.29        1.81454600e-01       -7.20499200e-09  24.9648  24.4366
0202-11-01_18:21:20.504000      616.49        1.91758900e-01       -4.41596200e-09  24.9349  24.4563
0202-11-01_18:21:20.707000      616.69        2.01600100e-01       -2.61858200e-09  24.9349  24.4563
0202-11-01_18:21:20.900000      616.88        2.11117800e-01       -3.85815200e-09  24.9349  24.4563
0202-11-01_18:21:21.094000      617.08        2.20988800e-01       -5.59353200e-09  24.9349  24.4563
0202-11-01_18:21:21.297000      617.28        2.31491900e-01       -3.30026200e-09  24.9119  24.4792
0202-11-01_18:21:21.500000      617.48        2.41417800e-01       -1.25489200e-09  24.9119  24.4792
0202-11-01_18:21:21.690000      617.67        2.50818200e-01       -4.72564200e-09  24.9119  24.4792
0202-11-01_18:21:21.895000      617.88        2.61386700e-01       -7.70061200e-09  24.9119  24.4792
0202-11-01_18:21:22.098000      618.08        2.71094400e-01       -1.37125220e-08  24.9119  24.4792
0202-11-01_18:21:22.290000      618.27        2.80589900e-01       -7.51467200e-09  24.9446  24.3536
0202-11-01_18:21:22.496000      618.48        2.91134600e-01       -2.43244200e-09  24.9446  24.3536
0202-11-01_18:21:22.690000      618.67        3.00492000e-01        1.22428800e-09  24.9446  24.3536
0202-11-01_18:21:22.887000      618.87        3.10177400e-01        2.40187800e-09  24.9446  24.3536
0202-11-01_18:21:23.098000      619.08        3.20809700e-01       -3.79597200e-09  24.9446  24.3536
0202-11-01_18:21:23.293000      619.28        3.31047200e-01       -8.21002000e-10  24.9713  24.4545
0202-11-01_18:21:23.484000      619.47        3.40223600e-01       -2.61838200e-09  24.9713  24.4545
0202-11-01_18:21:23.700000      619.68        3.50970200e-01       -4.29179200e-09  24.9713  24.4545
0202-11-01_18:21:23.900000      619.88        3.60259300e-01       -6.46104200e-09  24.9713  24.4545
0202-11-01_18:21:24.105000      620.09        3.70171800e-01       -4.35377200e-09  24.9713  24.4545
0202-11-01_18:21:24.310000      620.29        3.80121500e-01       -4.84960200e-09  24.8958  24.3992
0202-11-01_18:21:24.510000      620.49        3.90339500e-01        2.32628000e-10  24.8958  24.3992
0202-11-01_18:21:24.703000      620.69        3.99968600e-01       -3.42410200e-09  24.8958  24.3992
0202-11-01_18:21:24.914000      620.90        4.10112600e-01       -8.21002000e-10  24.8958  24.3992
0202-11-01_18:21:25.105000      621.09        4.19661500e-01       -5.15949200e-09  24.8958  24.3992
0202-11-01_18:21:25.305000      621.29        4.29907900e-01       -6.33708200e-09  24.8958  24.3992
0202-11-01_18:21:25.500000      621.48        4.39931700e-01       -1.01797520e-08  24.9310  24.4439
0202-11-01_18:21:25.695000      621.68        4.49541500e-01       -2.92827200e-09  24.9310  24.4439
0202-11-01_18:21:25.887000      621.87        4.58903400e-01       -1.52820000e-11  24.9310  24.4439
0202-11-01_18:21:26.094000      622.08        4.69747100e-01       -1.52820000e-11  24.9310  24.4439
0202-11-01_18:21:26.285000      622.27        4.78973900e-01       -2.37046200e-09  24.9364  24.4285
0202-11-01_18:21:26.477000      622.46        4.88301700e-01       -6.15115200e-09  24.9364  24.4285
0202-11-01_18:21:26.690000      622.67        4.99457900e-01       -5.28345200e-09  24.9364  24.4285
0202-11-01_18:21:26.883000      622.87        5.09303600e-01       -4.60169200e-09  24.9364  24.4285
0202-11-01_18:21:27.080000      623.06        5.18166800e-01       -5.09790200e-09  24.9364  24.4285
0202-11-01_18:21:27.280000      623.26        5.28977200e-01       -2.99178200e-09  24.9098  24.3775
0202-11-01_18:21:27.480000      623.46        5.38996600e-01       -6.83598200e-09  24.9098  24.3775
0202-11-01_18:21:27.676000      623.66        5.48434400e-01       -5.90707200e-09  24.9098  24.3775
0202-11-01_18:21:27.880000      623.86        5.58700100e-01       -1.29726120e-08  24.9098  24.3775
0202-11-01_18:21:28.080000      624.06        5.68888600e-01       -9.99765200e-09  24.9098  24.3775
0202-11-01_18:21:28.277000      624.26        5.77851300e-01       -8.63412200e-09  24.9098  24.3775
0202-11-01_18:21:28.477000      624.46        5.88439100e-01       -8.82006200e-09  24.9529  24.4098
0202-11-01_18:21:28.680000      624.66        5.98287700e-01       -1.02455620e-08  24.9529  24.4098
0202-11-01_18:21:28.870000      624.86        6.07639200e-01       -9.99765200e-09  24.9529  24.4098
0202-11-01_18:21:29.074000      625.06        6.18225500e-01       -9.74973200e-09  24.9529  24.4098
0202-11-01_18:21:29.277000      625.26        6.28376000e-01       -1.40882220e-08  24.9583  24.4235
0202-11-01_18:21:29.470000      625.45        6.37604300e-01       -1.51418520e-08  24.9583  24.4235
0202-11-01_18:21:29.670000      625.65        6.48172700e-01       -1.77449520e-08  24.9583  24.4235
0202-11-01_18:21:29.863000      625.85        6.57910100e-01       -1.38403120e-08  24.9583  24.4235
0202-11-01_18:21:30.055000      626.04        6.66792600e-01       -1.49559220e-08  24.9583  24.4235
0202-11-01_18:21:30.266000      626.25        6.77649000e-01       -1.04934720e-08  24.9583  24.4235
0202-11-01_18:21:30.460000      626.44        6.87494700e-01       -6.71279200e-09  24.9179  24.3584
0202-11-01_18:21:30.652000      626.64        6.96678500e-01       -8.63412200e-09  24.9179  24.3584
0202-11-01_18:21:30.855000      626.84        7.07313200e-01       -4.23366200e-09  24.9179  24.3584
0202-11-01_18:21:31.055000      627.04        7.17610000e-01       -9.74973200e-09  24.9179  24.3584
0202-11-01_18:21:31.254000      627.23        7.26776000e-01       -7.20862200e-09  24.9179  24.3584
0202-11-01_18:21:31.457000      627.44        7.37071400e-01       -8.01434200e-09  24.9250  24.4755
0202-11-01_18:21:31.652000      627.63        7.47110100e-01       -1.40882220e-08  24.9250  24.4755
0202-11-01_18:21:31.844000      627.83        7.56279000e-01       -1.14851320e-08  24.9250  24.4755
0202-11-01_18:21:32.050000      628.03        7.66819300e-01       -1.26627220e-08  24.9250  24.4755
0202-11-01_18:21:32.246000      628.23        7.77129500e-01       -1.30345920e-08  24.8861  24.3442
0202-11-01_18:21:32.440000      628.42        7.86010600e-01       -1.38403120e-08  24.8861  24.3442
0202-11-01_18:21:32.640000      628.63        7.96861100e-01       -1.60095520e-08  24.8861  24.3442
0202-11-01_18:21:32.844000      628.83        8.06785400e-01       -1.05554520e-08  24.8861  24.3442
0202-11-01_18:21:33.035000      629.02        8.16387700e-01       -1.27247020e-08  24.8861  24.3442
0202-11-01_18:21:33.240000      629.22        8.26534700e-01       -1.68152620e-08  24.8861  24.3442
0202-11-01_18:21:33.440000      629.42        8.36476900e-01       -1.44600720e-08  24.8669  24.4540
0202-11-01_18:21:33.633000      629.62        8.45712600e-01       -1.50798520e-08  24.8669  24.4540
0202-11-01_18:21:33.840000      629.82        8.56398400e-01       -1.11132320e-08  24.8669  24.4540
0202-11-01_18:21:34.040000      630.02        8.66096800e-01       -1.36543420e-08  24.8669  24.4540
0202-11-01_18:21:34.242000      630.22        8.75610000e-01       -1.30345620e-08  24.8669  24.4540
0202-11-01_18:21:34.445000      630.43        8.86312100e-01       -4.72945200e-09  24.9164  24.3880
0202-11-01_18:21:34.637000      630.62        8.96450200e-01       -6.40287200e-09  24.9164  24.3880
0202-11-01_18:21:34.830000      630.81        9.05188700e-01       -4.97737200e-09  24.9164  24.3880
0202-11-01_18:21:35.035000      631.02        9.15861100e-01       -5.72111200e-09  24.9164  24.3880
0202-11-01_18:21:35.234000      631.22        9.26187700e-01       -7.51848200e-09  24.9164  24.3880
0202-11-01_18:21:35.426000      631.41        9.35292800e-01       -6.40287200e-09  24.9226  24.3867
0202-11-01_18:21:35.625000      631.61        9.45798200e-01       -1.21668620e-08  24.9226  24.3867
0202-11-01_18:21:35.820000      631.80        9.55747800e-01       -8.75805200e-09  24.9226  24.3867
0202-11-01_18:21:36.016000      632.00        9.64529400e-01       -1.38402820e-08  24.9226  24.3867
0202-11-01_18:21:36.250000      632.23        9.76135300e-01       -8.63409200e-09  24.9226  24.3867
0202-11-01_18:21:36.445000      632.43        9.84495400e-01       -1.34064320e-08  24.8751  24.4232
0202-11-01_18:21:36.637000      632.62        9.95381500e-01       -1.14851020e-08  24.8751  24.4232
0202-11-01_18:21:36.840000      632.82        1.00544200e+00       -1.57616120e-08  24.8751  24.4232
0202-11-01_18:21:37.043000      633.03        1.01500300e+00       -1.53277620e-08  24.8751  24.4232
0202-11-01_18:21:37.254000      633.24        1.02497200e+00       -1.52657820e-08  24.8751  24.4232
0202-11-01_18:21:37.445000      633.43        1.03532600e+00       -1.80548120e-08  24.9279  24.3745
0202-11-01_18:21:37.640000      633.62        1.04406300e+00       -1.45840220e-08  24.9279  24.3745
0202-11-01_18:21:37.832000      633.81        1.05499600e+00       -1.68152420e-08  24.9279  24.3745
0202-11-01_18:21:38.040000      634.02        1.06498600e+00       -1.40881920e-08  24.9279  24.3745
0202-11-01_18:21:38.234000      634.22        1.07494700e+00       -8.51014200e-09  24.9279  24.3745
0202-11-01_18:21:38.430000      634.41        1.08490600e+00       -5.72111200e-09  24.9466  24.4053
0202-11-01_18:21:38.625000      634.61        1.09471900e+00       -9.50179200e-09  24.9466  24.4053
0202-11-01_18:21:38.820000      634.80        1.10484300e+00       -1.43361020e-08  24.9466  24.4053
0202-11-01_18:21:39.010000      634.99        1.11394200e+00       -1.39642320e-08  24.9466  24.4053
0202-11-01_18:21:39.230000      635.21        1.12465200e+00       -1.50793920e-08  24.9466  24.4053
0202-11-01_18:21:39.450000      635.43        1.13449100e+00       -9.12911200e-09  24.9179  24.4301
0202-11-01_18:21:39.650000      635.63        1.14438500e+00       -1.38391320e-08  24.9179  24.4301
0202-11-01_18:21:39.850000      635.84        1.15414000e+00       -9.68657200e-09  24.9179  24.4301
0202-11-01_18:21:40.055000      636.04        1.16362600e+00       -8.38503200e-09  24.9179  24.4301
0202-11-01_18:21:40.250000      636.23        1.17446600e+00       -6.77359200e-09  24.9179  24.4301
0202-11-01_18:21:40.457000      636.44        1.18428800e+00       -1.93927200e-09  24.9088  24.3541
0202-11-01_18:21:40.652000      636.63        1.19402600e+00       -5.53402200e-09  24.9088  24.3541
0202-11-01_18:21:40.844000      636.83        1.20419400e+00       -7.02150200e-09  24.9088  24.3541
0202-11-01_18:21:41.050000      637.03        1.21402000e+00       -1.30334120e-08  24.9088  24.3541
0202-11-01_18:21:41.242000      637.23        1.22369100e+00       -1.75578320e-08  24.9345  24.4740
0202-11-01_18:21:41.438000      637.42        1.23386100e+00       -1.92312520e-08  24.9345  24.4740
0202-11-01_18:21:41.637000      637.62        1.24413600e+00       -1.65042020e-08  24.9345  24.4740
0202-11-01_18:21:41.832000      637.81        1.25344500e+00       -1.21657120e-08  24.9345  24.4740
0202-11-01_18:21:42.023000      638.01        1.26313900e+00       -8.13711200e-09  24.9345  24.4740
0202-11-01_18:21:42.234000      638.22        1.27382400e+00       -3.73664200e-09  24.9345  24.4740
0202-11-01_18:21:42.430000      638.41        1.28329100e+00       -2.93092200e-09  24.8820  24.3428
0202-11-01_18:21:42.625000      638.61        1.29349300e+00       -6.27776200e-09  24.8820  24.3428
0202-11-01_18:21:42.830000      638.81        1.30339200e+00       -4.51792000e-10  24.8820  24.3428
0202-11-01_18:21:43.027000      639.01        1.31332500e+00        1.40755800e-09  24.8820  24.3428
0202-11-01_18:21:43.234000      639.22        1.32272600e+00        3.45284800e-09  24.8820  24.3428
0202-11-01_18:21:43.438000      639.42        1.33331400e+00        4.63043800e-09  24.9451  24.4524
0202-11-01_18:21:43.630000      639.61        1.34331900e+00        6.05593800e-09  24.9451  24.4524
0202-11-01_18:21:43.824000      639.81        1.35215100e+00        3.51482800e-09  24.9451  24.4524
0202-11-01_18:21:44.030000      640.01        1.36315000e+00        4.63043800e-09  24.9451  24.4524
0202-11-01_18:21:44.246000      640.23        1.37350000e+00       -7.99220000e-11  24.9451  24.4524
0202-11-01_18:21:44.450000      640.43        1.38282200e+00        3.76273800e-09  24.9708  24.3886
0202-11-01_18:21:44.645000      640.63        1.39319100e+00        5.25022800e-09  24.9708  24.3886
0202-11-01_18:21:44.836000      640.82        1.40243400e+00        4.94032800e-09  24.9708  24.3886
0202-11-01_18:21:45.027000      641.01        1.41213700e+00        3.32888800e-09  24.9708  24.3886
0202-11-01_18:21:45.240000      641.22        1.42289100e+00       -3.48958200e-09  24.9708  24.3886
0202-11-01_18:21:45.434000      641.42        1.43217100e+00       -5.16364200e-09  24.8954  24.3803
0202-11-01_18:21:45.625000      641.61        1.44220800e+00       -7.89133200e-09  24.8954  24.3803
0202-11-01_18:21:45.836000      641.82        1.45293400e+00       -1.69349200e-09  24.8954  24.3803
0202-11-01_18:21:46.030000      642.01        1.46252300e+00        1.40541800e-09  24.8954  24.3803
0202-11-01_18:21:46.234000      642.22        1.47164300e+00        8.28501800e-09  24.8954  24.3803
0202-11-01_18:21:46.430000      642.41        1.48257400e+00        8.34699800e-09  24.9358  24.4212
0202-11-01_18:21:46.620000      642.61        1.49221800e+00        4.25642800e-09  24.9358  24.4212
0202-11-01_18:21:46.816000      642.80        1.50213200e+00        3.94653800e-09  24.9358  24.4212
0202-11-01_18:21:47.023000      643.00        1.51173900e+00        3.57466800e-09  24.9358  24.4212
0202-11-01_18:21:47.227000      643.21        1.52205200e+00        8.09908800e-09  24.9358  24.4212
0202-11-01_18:21:47.434000      643.41        1.53196300e+00        7.85116800e-09  24.9823  24.3782
0202-11-01_18:21:47.625000      643.61        1.54163800e+00        7.54127800e-09  24.9823  24.3782
0202-11-01_18:21:47.830000      643.81        1.55207200e+00        1.96322800e-09  24.9823  24.3782
0202-11-01_18:21:48.020000      644.00        1.56187900e+00       -2.93306200e-09  24.9823  24.3782
0202-11-01_18:21:48.246000      644.23        1.57133700e+00       -8.25802000e-10  24.9823  24.3782
0202-11-01_18:21:48.440000      644.43        1.58186900e+00       -1.01173200e-09  24.9320  24.4026
0202-11-01_18:21:48.633000      644.62        1.59152300e+00        8.34699800e-09  24.9320  24.4026
0202-11-01_18:21:48.836000      644.82        1.60080000e+00        4.07048800e-09  24.9320  24.4026
0202-11-01_18:21:49.040000      645.02        1.61130800e+00        1.02063480e-08  24.9320  24.4026
0202-11-01_18:21:49.234000      645.22        1.62121900e+00        4.87620800e-09  24.9320  24.4026
0202-11-01_18:21:49.445000      645.43        1.63021700e+00        1.20037280e-08  24.9050  24.4331
0202-11-01_18:21:49.640000      645.62        1.64118500e+00        1.65901280e-08  24.9050  24.4331
0202-11-01_18:21:49.832000      645.82        1.65127100e+00        2.01848680e-08  24.9050  24.4331
0202-11-01_18:21:50.035000      646.02        1.66051700e+00        1.62802280e-08  24.9050  24.4331
0202-11-01_18:21:50.240000      646.22        1.67041700e+00        1.38630780e-08  24.9050  24.4331
0202-11-01_18:21:50.430000      646.41        1.68087900e+00        1.08261380e-08  24.9031  24.3507
0202-11-01_18:21:50.640000      646.62        1.69080500e+00        1.49786880e-08  24.9031  24.3507
0202-11-01_18:21:50.836000      646.82        1.70046500e+00        1.41109880e-08  24.9031  24.3507
0202-11-01_18:21:51.027000      647.01        1.71086700e+00        1.54745180e-08  24.9031  24.3507
0202-11-01_18:21:51.242000      647.22        1.72103100e+00        1.86358380e-08  24.9031  24.3507
0202-11-01_18:21:51.434000      647.42        1.73000400e+00        1.82023180e-08  24.8614  24.4695
0202-11-01_18:21:51.630000      647.61        1.74048200e+00        2.25411280e-08  24.8614  24.4695
0202-11-01_18:21:51.836000      647.82        1.75061000e+00        2.21072780e-08  24.8614  24.4695
0202-11-01_18:21:52.030000      648.01        1.76019700e+00        2.19213380e-08  24.8614  24.4695
0202-11-01_18:21:52.227000      648.21        1.77004100e+00        2.26650780e-08  24.8614  24.4695
0202-11-01_18:21:52.430000      648.41        1.78043600e+00        2.30369480e-08  24.8488  24.3427
0202-11-01_18:21:52.633000      648.61        1.78964400e+00        2.60738980e-08  24.8488  24.3427
0202-11-01_18:21:52.824000      648.81        1.79989900e+00        2.95446880e-08  24.8488  24.3427
0202-11-01_18:21:53.030000      649.01        1.80979200e+00        2.91108380e-08  24.8488  24.3427
0202-11-01_18:21:53.227000      649.21        1.81941100e+00        2.98545780e-08  24.8488  24.3427
0202-11-01_18:21:53.418000      649.40        1.82975100e+00        2.70655480e-08  24.9138  24.4356
0202-11-01_18:21:53.625000      649.61        1.83942600e+00        3.30774480e-08  24.9138  24.4356
0202-11-01_18:21:53.820000      649.80        1.84926600e+00        3.02884280e-08  24.9138  24.4356
0202-11-01_18:21:54.023000      650.01        1.85927600e+00        2.91728180e-08  24.9138  24.4356
0202-11-01_18:21:54.230000      650.21        1.86943200e+00        3.18998580e-08  24.9138  24.4356
0202-11-01_18:21:54.426000      650.41        1.87912700e+00        3.53706480e-08  24.8644  24.3801
0202-11-01_18:21:54.630000      650.61        1.88915700e+00        3.65482380e-08  24.8644  24.3801
0202-11-01_18:21:54.824000      650.81        1.89933000e+00        3.87174880e-08  24.8644  24.3801
0202-11-01_18:21:55.016000      651.00        1.90848700e+00        3.54946080e-08  24.8644  24.3801
0202-11-01_18:21:55.240000      651.22        1.91954700e+00        3.52466980e-08  24.8644  24.3801
0202-11-01_18:21:55.430000      651.41        1.92872300e+00        3.59904380e-08  24.9129  24.3780
0202-11-01_18:21:55.633000      651.62        1.93852500e+00        3.76638580e-08  24.9129  24.3780
0202-11-01_18:21:55.830000      651.81        1.94893400e+00        4.07627680e-08  24.9129  24.3780
0202-11-01_18:21:56.020000      652.00        1.95858300e+00        3.43789980e-08  24.9129  24.3780
0202-11-01_18:21:56.240000      652.22        1.96882000e+00        3.52466980e-08  24.9129  24.3780
0202-11-01_18:21:56.434000      652.42        1.97878900e+00        3.24576680e-08  24.9702  24.4230
0202-11-01_18:21:56.625000      652.61        1.98843500e+00        3.36972380e-08  24.9702  24.4230
0202-11-01_18:21:56.816000      652.80        1.99733400e+00        3.87794680e-08  24.9702  24.4230
0202-11-01_18:21:57.016000      653.00        2.00847500e+00        3.51227380e-08  24.9702  24.4230
0202-11-01_18:21:57.220000      653.20        2.01831800e+00        3.50607080e-08  24.9702  24.4230
0202-11-01_18:21:57.434000      653.41        2.02777700e+00        2.93586480e-08  24.9031  24.3801
0202-11-01_18:21:57.625000      653.61        2.03803100e+00        2.78091180e-08  24.9031  24.3801
0202-11-01_18:21:57.816000      653.80        2.04777700e+00        2.84288980e-08  24.9031  24.3801
0202-11-01_18:21:58.010000      653.99        2.05675600e+00        2.14873180e-08  24.9031  24.3801
0202-11-01_18:21:58.246000      654.23        2.06789600e+00        1.98139080e-08  24.9031  24.3801
0202-11-01_18:21:58.453000      654.44        2.07701300e+00        1.65290480e-08  24.9336  24.4040
0202-11-01_18:21:58.645000      654.63        2.08748200e+00        1.62811380e-08  24.9336  24.4040
0202-11-01_18:21:58.840000      654.82        2.09767800e+00        1.30582580e-08  24.9336  24.4040
0202-11-01_18:21:59.043000      655.03        2.10718100e+00        1.20046280e-08  24.9336  24.4040
0202-11-01_18:21:59.250000      655.23        2.11741500e+00        1.60332280e-08  24.9336  24.4040
0202-11-01_18:21:59.453000      655.44        2.12711700e+00        1.39259580e-08  24.9110  24.4323
0202-11-01_18:21:59.650000      655.63        2.13659900e+00        1.47936580e-08  24.9110  24.4323
0202-11-01_18:21:59.850000      655.83        2.14692600e+00        1.13848480e-08  24.9110  24.4323
0202-11-01_18:22:00.043000      656.03        2.15703300e+00        1.42358480e-08  24.9110  24.4323
0202-11-01_18:22:00.242000      656.22        2.16616400e+00        1.30582580e-08  24.9110  24.4323
0202-11-01_18:22:00.445000      656.43        2.17701600e+00        1.54754180e-08  24.8589  24.3531
0202-11-01_18:22:00.637000      656.62        2.18676700e+00        1.31822180e-08  24.8589  24.3531
0202-11-01_18:22:00.830000      656.81        2.19682900e+00        1.30582580e-08  24.8589  24.3531
0202-11-01_18:22:01.020000      657.00        2.20619300e+00        1.10749480e-08  24.8589  24.3531
0202-11-01_18:22:01.240000      657.22        2.21659600e+00        1.29962780e-08  24.8589  24.3531
0202-11-01_18:22:01.440000      657.42        2.22645400e+00        1.82644480e-08  24.9402  24.4653
0202-11-01_18:22:01.645000      657.63        2.23623900e+00        1.86982980e-08  24.9402  24.4653
0202-11-01_18:22:01.836000      657.82        2.24664100e+00        1.70248780e-08  24.9402  24.4653
0202-11-01_18:22:02.047000      658.03        2.25621100e+00        2.12394080e-08  24.9402  24.4653
0202-11-01_18:22:02.258000      658.24        2.26649100e+00        2.40284380e-08  24.9402  24.4653
0202-11-01_18:22:02.450000      658.43        2.27647500e+00        2.29748080e-08  24.8998  24.3358
0202-11-01_18:22:02.645000      658.63        2.28543500e+00        2.39664580e-08  24.8998  24.3358
0202-11-01_18:22:02.840000      658.82        2.29599900e+00        2.19831480e-08  24.8998  24.3358
0202-11-01_18:22:03.030000      659.01        2.30605500e+00        2.26029380e-08  24.8998  24.3358
0202-11-01_18:22:03.246000      659.23        2.31579000e+00        1.33063080e-08  24.8998  24.3358
0202-11-01_18:22:03.438000      659.42        2.32587400e+00        1.43600480e-08  24.9252  24.4337
0202-11-01_18:22:03.633000      659.61        2.33615200e+00        2.06819480e-08  24.9252  24.4337
0202-11-01_18:22:03.836000      659.82        2.34550800e+00        2.58261580e-08  24.9252  24.4337
0202-11-01_18:22:04.030000      660.01        2.35561500e+00        2.79334180e-08  24.9252  24.4337
0202-11-01_18:22:04.240000      660.22        2.36589400e+00        2.30991080e-08  24.9252  24.4337
0202-11-01_18:22:04.434000      660.41        2.37552400e+00        2.81193580e-08  24.9583  24.3875
0202-11-01_18:22:04.625000      660.61        2.38508500e+00        2.55162680e-08  24.9583  24.3875
0202-11-01_18:22:04.816000      660.80        2.39551000e+00        3.18380580e-08  24.9583  24.3875
0202-11-01_18:22:05.016000      661.00        2.40542800e+00        2.14876680e-08  24.9583  24.3875
0202-11-01_18:22:05.254000      661.24        2.41577700e+00        1.96902980e-08  24.9583  24.3875
0202-11-01_18:22:05.450000      661.43        2.42538400e+00        1.96283180e-08  24.9177  24.3882
0202-11-01_18:22:05.656000      661.64        2.43495600e+00        2.36569080e-08  24.9177  24.3882
0202-11-01_18:22:05.850000      661.83        2.44487200e+00        2.61360480e-08  24.9177  24.3882
0202-11-01_18:22:06.043000      662.03        2.45499900e+00        3.25198280e-08  24.9177  24.3882
0202-11-01_18:22:06.258000      662.24        2.46503700e+00        3.38213680e-08  24.9177  24.3882
0202-11-01_18:22:06.450000      662.43        2.47530900e+00        3.02885980e-08  24.9037  24.4275
0202-11-01_18:22:06.645000      662.63        2.48491600e+00        2.60740680e-08  24.9037  24.4275
0202-11-01_18:22:06.850000      662.83        2.49453100e+00        3.15281680e-08  24.9037  24.4275
0202-11-01_18:22:07.047000      663.03        2.50459400e+00        3.16521280e-08  24.9037  24.4275
0202-11-01_18:22:07.254000      663.24        2.51478300e+00        3.33255380e-08  24.9037  24.4275
0202-11-01_18:22:07.445000      663.43        2.52346700e+00        3.09703680e-08  24.8854  24.3818
0202-11-01_18:22:07.640000      663.62        2.53440400e+00        3.18380580e-08  24.8854  24.3818
0202-11-01_18:22:07.832000      663.82        2.54470500e+00        3.09703680e-08  24.8854  24.3818
0202-11-01_18:22:08.040000      664.02        2.55406700e+00        3.23958680e-08  24.8854  24.3818
0202-11-01_18:22:08.234000      664.22        2.56417200e+00        3.15281680e-08  24.8854  24.3818
0202-11-01_18:22:08.434000      664.42        2.57453400e+00        3.30156480e-08  24.8438  24.4012
0202-11-01_18:22:08.630000      664.61        2.58396600e+00        3.15281680e-08  24.8438  24.4012
0202-11-01_18:22:08.820000      664.80        2.59419900e+00        3.65484180e-08  24.8438  24.4012
0202-11-01_18:22:09.016000      665.00        2.60419900e+00        3.18380580e-08  24.8438  24.4012
0202-11-01_18:22:09.234000      665.22        2.61459500e+00        3.53089880e-08  24.8438  24.4012
0202-11-01_18:22:09.426000      665.41        2.62353100e+00        2.65701280e-08  24.9207  24.4258
0202-11-01_18:22:09.617000      665.60        2.63401800e+00        3.01649780e-08  24.9207  24.4258
0202-11-01_18:22:09.816000      665.80        2.64368100e+00        2.80577180e-08  24.9207  24.4258
0202-11-01_18:22:10.008000      665.99        2.65343600e+00        3.44414880e-08  24.9207  24.4258
0202-11-01_18:22:10.234000      666.22        2.66385900e+00        3.45654480e-08  24.9207  24.4258
0202-11-01_18:22:10.438000      666.42        2.67356100e+00        3.85940380e-08  24.8654  24.3402
0202-11-01_18:22:10.640000      666.62        2.68320000e+00        3.53091880e-08  24.8654  24.3402
0202-11-01_18:22:10.832000      666.82        2.69386500e+00        3.63628180e-08  24.8654  24.3402
0202-11-01_18:22:11.035000      667.02        2.70375800e+00        3.09087180e-08  24.8654  24.3402
0202-11-01_18:22:11.240000      667.22        2.71291500e+00        3.13425680e-08  24.8654  24.3402
0202-11-01_18:22:11.430000      667.41        2.72338400e+00        2.73139680e-08  24.9283  24.4574
0202-11-01_18:22:11.633000      667.62        2.73362900e+00        2.83056280e-08  24.9283  24.4574
0202-11-01_18:22:11.824000      667.81        2.74313500e+00        2.98550880e-08  24.9283  24.4574
0202-11-01_18:22:12.016000      668.00        2.75303500e+00        2.34093280e-08  24.9283  24.4574
0202-11-01_18:22:12.227000      668.21        2.76343700e+00        2.85535380e-08  24.9283  24.4574
0202-11-01_18:22:12.420000      668.41        2.77303300e+00        2.96071780e-08  24.9387  24.3403
0202-11-01_18:22:12.617000      668.60        2.78212100e+00        2.75618880e-08  24.9387  24.3403
0202-11-01_18:22:12.816000      668.80        2.79332700e+00        2.47108780e-08  24.9387  24.3403
0202-11-01_18:22:13.020000      669.00        2.80314200e+00        1.91328280e-08  24.9387  24.3403
0202-11-01_18:22:13.242000      669.23        2.81309300e+00        2.05583280e-08  24.9387  24.3403
0202-11-01_18:22:13.438000      669.42        2.82262700e+00        2.01244780e-08  24.9254  24.4376
0202-11-01_18:22:13.633000      669.62        2.83286000e+00        1.98145880e-08  24.9254  24.4376
0202-11-01_18:22:13.836000      669.82        2.84241600e+00        2.19218480e-08  24.9254  24.4376
0202-11-01_18:22:14.027000      670.01        2.85269900e+00        2.00624980e-08  24.9254  24.4376
0202-11-01_18:22:14.230000      670.21        2.86271900e+00        1.36787280e-08  24.9254  24.4376
0202-11-01_18:22:14.438000      670.42        2.87215900e+00        1.15714580e-08  24.9150  24.3969
0202-11-01_18:22:14.640000      670.62        2.88259300e+00        1.41125680e-08  24.9150  24.3969
0202-11-01_18:22:14.844000      670.83        2.89203200e+00        2.88014580e-08  24.9150  24.3969
0202-11-01_18:22:15.035000      671.02        2.90198900e+00        2.79960180e-08  24.9150  24.3969
0202-11-01_18:22:15.258000      671.24        2.91234300e+00        2.19852480e-08  24.9150  24.3969
0202-11-01_18:22:15.453000      671.44        2.92180800e+00        2.09324680e-08  24.8930  24.3896
0202-11-01_18:22:15.656000      671.64        2.93206900e+00        2.59532880e-08  24.8930  24.3896
0202-11-01_18:22:15.850000      671.83        2.94191900e+00        3.04777080e-08  24.8930  24.3896
0202-11-01_18:22:16.043000      672.02        2.95072300e+00        2.94860580e-08  24.8930  24.3896
0202-11-01_18:22:16.250000      672.23        2.96193700e+00        2.60772380e-08  24.8930  24.3896
0202-11-01_18:22:16.445000      672.43        2.97166400e+00        2.72548280e-08  24.9035  24.4322
0202-11-01_18:22:16.637000      672.62        2.98090100e+00        2.13048980e-08  24.9035  24.4322
0202-11-01_18:22:16.830000      672.81        2.99175900e+00        2.73787880e-08  24.9035  24.4322
0202-11-01_18:22:17.035000      673.02        3.00157000e+00        2.68209880e-08  24.9035  24.4322
0202-11-01_18:22:17.230000      673.21        3.01120100e+00        3.42583980e-08  24.9035  24.4322
0202-11-01_18:22:17.426000      673.41        3.02109100e+00        2.88662680e-08  24.9030  24.3787
0202-11-01_18:22:17.630000      673.61        3.03152600e+00        2.77506580e-08  24.9030  24.3787
0202-11-01_18:22:17.824000      673.81        3.04123600e+00        2.64491080e-08  24.9030  24.3787
0202-11-01_18:22:18.027000      674.01        3.05017700e+00        2.77506580e-08  24.9030  24.3787
0202-11-01_18:22:18.234000      674.22        3.06106300e+00        3.37005880e-08  24.9030  24.3787
0202-11-01_18:22:18.438000      674.42        3.07082400e+00        3.13454080e-08  24.8978  24.3916
0202-11-01_18:22:18.640000      674.62        3.08026200e+00        3.50641180e-08  24.8978  24.3916
0202-11-01_18:22:18.844000      674.83        3.09057300e+00        3.69854480e-08  24.8978  24.3916
0202-11-01_18:22:19.047000      675.03        3.10051000e+00        3.47542280e-08  24.8978  24.3916
0202-11-01_18:22:19.242000      675.22        3.10986000e+00        2.96100180e-08  24.8978  24.3916
0202-11-01_18:22:19.445000      675.43        3.12045200e+00        2.19866680e-08  24.9635  24.4281
0202-11-01_18:22:19.640000      675.62        3.13071000e+00        1.23800080e-08  24.9635  24.4281
0202-11-01_18:22:19.832000      675.82        3.13951500e+00        1.45492480e-08  24.9635  24.4281
0202-11-01_18:22:20.035000      676.02        3.15066300e+00        1.45492480e-08  24.9635  24.4281
0202-11-01_18:22:20.234000      676.22        3.16013200e+00        1.80200480e-08  24.9635  24.4281
0202-11-01_18:22:20.426000      676.41        3.16974300e+00        1.93215880e-08  24.9337  24.3433
0202-11-01_18:22:20.633000      676.61        3.18039300e+00        1.89497180e-08  24.9337  24.3433
0202-11-01_18:22:20.824000      676.81        3.18993300e+00        1.88877380e-08  24.9337  24.3433
0202-11-01_18:22:21.016000      677.00        3.19935700e+00        2.08091080e-08  24.9337  24.3433
0202-11-01_18:22:21.240000      677.22        3.21014100e+00        1.90118780e-08  24.9337  24.3433
0202-11-01_18:22:21.430000      677.41        3.21951700e+00        2.19869480e-08  24.9462  24.4724
0202-11-01_18:22:21.633000      677.62        3.22967800e+00        2.21729480e-08  24.9462  24.4724
0202-11-01_18:22:21.830000      677.81        3.23978200e+00        2.86806880e-08  24.9462  24.4724
0202-11-01_18:22:22.020000      678.00        3.24964000e+00        2.76890280e-08  24.9462  24.4724
0202-11-01_18:22:22.250000      678.23        3.25923600e+00        2.07474480e-08  24.9462  24.4724
0202-11-01_18:22:22.445000      678.43        3.26985100e+00        2.24828380e-08  24.9080  24.3486
0202-11-01_18:22:22.652000      678.63        3.27906700e+00        2.43421980e-08  24.9080  24.3486
0202-11-01_18:22:22.844000      678.83        3.28926200e+00        3.24613780e-08  24.9080  24.3486
0202-11-01_18:22:23.040000      679.02        3.29957600e+00        2.53338480e-08  24.9080  24.3486
0202-11-01_18:22:23.250000      679.23        3.30915800e+00        2.55197880e-08  24.9080  24.3486
0202-11-01_18:22:23.445000      679.43        3.31910800e+00        2.24828380e-08  24.8643  24.4358
0202-11-01_18:22:23.637000      679.62        3.32963600e+00        2.50239580e-08  24.8643  24.4358
0202-11-01_18:22:23.836000      679.82        3.33928700e+00        2.00037080e-08  24.8643  24.4358
0202-11-01_18:22:24.030000      680.01        3.34885700e+00        2.34125180e-08  24.8643  24.4358
0202-11-01_18:22:24.250000      680.23        3.35913900e+00        2.09953580e-08  24.8643  24.4358
0202-11-01_18:22:24.445000      680.43        3.36884700e+00        2.09333780e-08  24.9513  24.3940
0202-11-01_18:22:24.650000      680.63        3.37847100e+00        2.26067980e-08  24.9513  24.3940
0202-11-01_18:22:24.840000      680.82        3.38887500e+00        3.29571980e-08  24.9513  24.3940
0202-11-01_18:22:25.030000      681.02        3.39852300e+00        3.50644680e-08  24.9513  24.3940
0202-11-01_18:22:25.254000      681.24        3.40858400e+00        3.96508780e-08  24.9513  24.3940
0202-11-01_18:22:25.450000      681.43        3.41891400e+00        3.77295380e-08  24.9159  24.3756
0202-11-01_18:22:25.652000      681.63        3.42865700e+00        4.42372780e-08  24.9159  24.3756
0202-11-01_18:22:25.850000      681.84        3.43811700e+00        4.65304880e-08  24.9159  24.3756
0202-11-01_18:22:26.043000      682.03        3.44870900e+00        4.70263080e-08  24.9159  24.3756
0202-11-01_18:22:26.254000      682.24        3.45857000e+00        4.64065280e-08  24.9159  24.3756
0202-11-01_18:22:26.450000      682.43        3.46758300e+00        4.38034280e-08  24.9180  24.4200
0202-11-01_18:22:26.640000      682.62        3.47851200e+00        4.42992580e-08  24.9180  24.4200
0202-11-01_18:22:26.848000      682.83        3.48811000e+00        3.77295380e-08  24.9180  24.4200
0202-11-01_18:22:27.047000      683.03        3.49815300e+00        4.29974280e-08  24.9180  24.4200
0202-11-01_18:22:27.246000      683.23        3.50824500e+00        4.50422980e-08  24.9180  24.4200
0202-11-01_18:22:27.453000      683.43        3.51811300e+00        4.76448380e-08  24.9672  24.3785
0202-11-01_18:22:27.645000      683.63        3.52772100e+00        4.59712780e-08  24.9672  24.3785
0202-11-01_18:22:27.836000      683.82        3.53822300e+00        5.30987980e-08  24.9672  24.3785
0202-11-01_18:22:28.043000      684.03        3.54826000e+00        5.47722180e-08  24.9672  24.3785
0202-11-01_18:22:28.242000      684.22        3.55756400e+00        5.91107080e-08  24.9672  24.3785
0202-11-01_18:22:28.434000      684.42        3.56783600e+00        5.81810280e-08  24.9035  24.3918
0202-11-01_18:22:28.640000      684.62        3.57791000e+00        7.15683680e-08  24.9035  24.3918
0202-11-01_18:22:28.832000      684.81        3.58736100e+00        7.65266480e-08  24.9035  24.3918
0202-11-01_18:22:29.023000      685.01        3.59752600e+00        8.32203180e-08  24.9035  24.3918
0202-11-01_18:22:29.240000      685.22        3.60771000e+00        8.34062480e-08  24.9035  24.3918
0202-11-01_18:22:29.434000      685.42        3.61712200e+00        9.16493880e-08  24.8982  24.4368
0202-11-01_18:22:29.625000      685.61        3.62756000e+00        9.44384080e-08  24.8982  24.4368
0202-11-01_18:22:29.830000      685.81        3.63724300e+00        1.01627908e-07  24.8982  24.4368
0202-11-01_18:22:30.020000      686.00        3.64659600e+00        1.08259608e-07  24.8982  24.4368
0202-11-01_18:22:30.240000      686.22        3.65750200e+00        1.17308458e-07  24.8982  24.4368
0202-11-01_18:22:30.434000      686.42        3.66694000e+00        1.23692238e-07  24.8703  24.3441
0202-11-01_18:22:30.625000      686.61        3.67680900e+00        1.29766118e-07  24.8703  24.3441
0202-11-01_18:22:30.832000      686.81        3.68697000e+00        1.37637378e-07  24.8703  24.3441
0202-11-01_18:22:31.023000      687.01        3.69664000e+00        1.46748208e-07  24.8703  24.3441
0202-11-01_18:22:31.215000      687.20        3.70617700e+00        1.51458568e-07  24.8703  24.3441
0202-11-01_18:22:31.420000      687.40        3.71694900e+00        1.62738648e-07  24.8542  24.4710
0202-11-01_18:22:31.613000      687.60        3.72685300e+00        1.71105738e-07  24.8542  24.4710
0202-11-01_18:22:31.805000      687.79        3.73594000e+00        1.82509768e-07  24.8542  24.4710
0202-11-01_18:22:32.010000      687.99        3.74679500e+00        1.95339298e-07  24.8542  24.4710
0202-11-01_18:22:32.242000      688.22        3.75698800e+00        1.96516898e-07  24.8542  24.4710
0202-11-01_18:22:32.440000      688.43        3.76631100e+00        2.08974558e-07  24.9147  24.3434
0202-11-01_18:22:32.660000      688.64        3.77658100e+00        2.15668228e-07  24.9147  24.3434
0202-11-01_18:22:32.875000      688.86        3.78604000e+00        2.36988808e-07  24.9147  24.3434
0202-11-01_18:22:33.080000      689.06        3.79653600e+00        2.54653268e-07  24.9147  24.3434
0202-11-01_18:22:33.273000      689.26        3.80575100e+00        2.65748018e-07  24.9510  24.4314
0202-11-01_18:22:33.484000      689.47        3.81574100e+00        2.81119488e-07  24.9510  24.4314
0202-11-01_18:22:33.688000      689.67        3.82617300e+00        2.95746408e-07  24.9510  24.4314
0202-11-01_18:22:33.883000      689.87        3.83584800e+00        3.08947818e-07  24.9510  24.4314
0202-11-01_18:22:34.082000      690.06        3.84579700e+00        3.29214778e-07  24.9510  24.4314
0202-11-01_18:22:34.280000      690.26        3.85610200e+00        3.39007378e-07  24.9372  24.3956
0202-11-01_18:22:34.490000      690.47        3.86576200e+00        3.56795198e-07  24.9372  24.3956
0202-11-01_18:22:34.684000      690.67        3.87581700e+00        3.77310068e-07  24.9372  24.3956
0202-11-01_18:22:34.883000      690.86        3.88572200e+00        4.02411348e-07  24.9372  24.3956
0202-11-01_18:22:35.094000      691.08        3.89551400e+00        4.33338598e-07  24.9372  24.3956
0202-11-01_18:22:35.290000      691.27        3.90510400e+00        4.59493508e-07  24.9808  24.3774
0202-11-01_18:22:35.500000      691.48        3.91545000e+00        4.89986918e-07  24.9808  24.3774
0202-11-01_18:22:35.707000      691.69        3.92485500e+00        5.04056028e-07  24.9808  24.3774
0202-11-01_18:22:35.902000      691.89        3.93513700e+00        5.39507708e-07  24.9808  24.3774
0202-11-01_18:22:36.113000      692.09        3.94484300e+00        5.70930798e-07  24.9808  24.3774
0202-11-01_18:22:36.312000      692.30        3.95448400e+00        6.08985568e-07  24.9808  24.3774
0202-11-01_18:22:36.508000      692.49        3.96510200e+00        6.44623188e-07  24.9193  24.4123
0202-11-01_18:22:36.715000      692.70        3.97492600e+00        6.74992638e-07  24.9193  24.4123
0202-11-01_18:22:36.910000      692.89        3.98445700e+00        7.22220228e-07  24.9193  24.4123
0202-11-01_18:22:37.105000      693.09        3.98950100e+00        7.39450248e-07  24.9193  24.4123
0202-11-01_18:22:37.312000      693.29        4.00468600e+00        7.88599168e-07  24.9167  24.3873
0202-11-01_18:22:37.504000      693.49        4.01375400e+00        8.32913768e-07  24.9167  24.3873
0202-11-01_18:22:37.700000      693.68        4.02472900e+00        8.91483418e-07  24.9167  24.3873
0202-11-01_18:22:37.906000      693.89        4.03461100e+00        9.52284298e-07  24.9167  24.3873
0202-11-01_18:22:38.105000      694.09        4.04434400e+00        1.00099937e-06  24.9167  24.3873
0202-11-01_18:22:38.310000      694.29        4.05471900e+00        1.05262743e-06  24.8965  24.3981
0202-11-01_18:22:38.508000      694.49        4.06434500e+00        1.12600994e-06  24.8965  24.3981
0202-11-01_18:22:38.707000      694.69        4.07387300e+00        1.17404325e-06  24.8965  24.3981
0202-11-01_18:22:38.900000      694.88        4.08405000e+00        1.23100146e-06  24.8965  24.3981
0202-11-01_18:22:39.098000      695.08        4.09412900e+00        1.30568577e-06  24.8965  24.3981
0202-11-01_18:22:39.300000      695.29        4.10364800e+00        1.36698267e-06  24.8339  24.4436
0202-11-01_18:22:39.510000      695.50        4.11399900e+00        1.45548812e-06  24.8339  24.4436
0202-11-01_18:22:39.723000      695.71        4.12423000e+00        1.51864418e-06  24.8339  24.4436
0202-11-01_18:22:39.926000      695.91        4.13325500e+00        1.61080617e-06  24.8339  24.4436
0202-11-01_18:22:40.117000      696.10        4.14389800e+00        1.67631742e-06  24.8339  24.4436
0202-11-01_18:22:40.324000      696.31        4.15389900e+00        1.74951400e-06  24.9367  24.3363
0202-11-01_18:22:40.520000      696.50        4.16322300e+00        1.85518730e-06  24.9367  24.3363
0202-11-01_18:22:40.710000      696.69        4.17383700e+00        1.93730877e-06  24.9367  24.3363
0202-11-01_18:22:40.920000      696.90        4.18372400e+00        2.05767097e-06  24.9367  24.3363
0202-11-01_18:22:41.113000      697.10        4.19308400e+00        2.15008087e-06  24.9367  24.3363
0202-11-01_18:22:41.312000      697.29        4.20338700e+00        2.24571366e-06  24.8958  24.4607
0202-11-01_18:22:41.516000      697.50        4.21348800e+00        2.37710802e-06  24.8958  24.4607
0202-11-01_18:22:41.707000      697.69        4.22307200e+00        2.45563475e-06  24.8958  24.4607
0202-11-01_18:22:41.920000      697.90        4.23357700e+00        2.61566317e-06  24.8958  24.4607
0202-11-01_18:22:42.120000      698.11        4.24280400e+00        2.73398007e-06  24.8958  24.4607
0202-11-01_18:22:42.324000      698.31        4.25285000e+00        2.88824449e-06  24.8837  24.3628
0202-11-01_18:22:42.520000      698.50        4.26305700e+00        3.00668536e-06  24.8837  24.3628
0202-11-01_18:22:42.727000      698.71        4.27260400e+00        3.13188187e-06  24.8837  24.3628
0202-11-01_18:22:42.920000      698.90        4.28277200e+00        3.32035841e-06  24.8837  24.3628
0202-11-01_18:22:43.113000      699.10        4.29310000e+00        3.46464429e-06  24.8837  24.3628
0202-11-01_18:22:43.320000      699.30        4.30277500e+00        3.67530912e-06  24.9799  24.4287
0202-11-01_18:22:43.510000      699.50        4.31252900e+00        3.83806460e-06  24.9799  24.4287
0202-11-01_18:22:43.707000      699.69        4.32294700e+00        4.00460075e-06  24.9799  24.4287
0202-11-01_18:22:43.914000      699.90        4.33268400e+00        4.23931323e-06  24.9799  24.4287
0202-11-01_18:22:44.110000      700.09        4.34237100e+00        4.41650968e-06  24.9799  24.4287
0202-11-01_18:22:44.312000      700.29        4.35280300e+00        4.60337478e-06  24.9032  24.4066
0202-11-01_18:22:44.504000      700.49        4.36247100e+00        4.85792037e-06  24.9032  24.4066
0202-11-01_18:22:44.700000      700.68        4.37130100e+00        5.05209892e-06  24.9032  24.4066
0202-11-01_18:22:44.895000      700.88        4.38265200e+00        5.26146204e-06  24.9032  24.4066
0202-11-01_18:22:45.105000      701.09        4.39227000e+00        5.56174707e-06  24.9032  24.4066
0202-11-01_18:22:45.300000      701.28        4.40178700e+00        5.79428979e-06  24.9861  24.4243
0202-11-01_18:22:45.496000      701.48        4.41212500e+00        6.03315446e-06  24.9861  24.4243
0202-11-01_18:22:45.695000      701.68        4.42222700e+00        6.35538048e-06  24.9861  24.4243
0202-11-01_18:22:45.890000      701.87        4.43109900e+00        6.61835509e-06  24.9861  24.4243
0202-11-01_18:22:46.100000      702.08        4.44205300e+00        6.87661931e-06  24.9861  24.4243
0202-11-01_18:22:46.305000      702.29        4.45205600e+00        7.24396571e-06  24.8477  24.4309
0202-11-01_18:22:46.508000      702.49        4.46140100e+00        7.51735271e-06  24.8477  24.4309
0202-11-01_18:22:46.710000      702.69        4.47162200e+00        7.90632951e-06  24.8477  24.4309
0202-11-01_18:22:46.910000      702.89        4.48199600e+00        8.20500371e-06  24.8477  24.4309
0202-11-01_18:22:47.113000      703.10        4.49100200e+00        8.63525821e-06  24.8477  24.4309
0202-11-01_18:22:47.310000      703.29        4.50182200e+00        8.96647111e-06  24.9375  24.3853
0202-11-01_18:22:47.504000      703.49        4.51152100e+00        9.31404631e-06  24.9375  24.3853
0202-11-01_18:22:47.703000      703.69        4.52035000e+00        9.68213631e-06  24.9375  24.3853
0202-11-01_18:22:47.900000      703.88        4.53132900e+00        1.00827651e-05  24.9375  24.3853
0202-11-01_18:22:48.094000      704.08        4.54132600e+00        1.06335677e-05  24.9375  24.3853
0202-11-01_18:22:48.290000      704.27        4.55052900e+00        1.10464062e-05  24.9172  24.3826
0202-11-01_18:22:48.480000      704.46        4.56110400e+00        1.14717644e-05  24.9172  24.3826
0202-11-01_18:22:48.688000      704.67        4.57129200e+00        1.20752486e-05  24.9172  24.3826
0202-11-01_18:22:48.890000      704.87        4.58108700e+00        1.25444876e-05  24.9172  24.3826
0202-11-01_18:22:49.105000      705.09        4.59081100e+00        1.30045537e-05  24.9172  24.3826
0202-11-01_18:22:49.300000      705.28        4.60067600e+00        1.36181404e-05  24.9203  24.4373
0202-11-01_18:22:49.508000      705.49        4.60991300e+00        1.40956225e-05  24.9203  24.4373
0202-11-01_18:22:49.703000      705.69        4.62081400e+00        1.56710529e-05  24.9203  24.4373
0202-11-01_18:22:49.900000      705.88        4.63043700e+00        1.57455510e-05  24.9203  24.4373
0202-11-01_18:22:50.100000      706.09        4.63999900e+00        1.61254790e-05  24.9203  24.4373
0202-11-01_18:22:50.300000      706.28        4.65064200e+00        1.76264733e-05  24.9203  24.4373
0202-11-01_18:22:50.492000      706.48        4.66028600e+00        1.77106400e-05  24.9178  24.4200
0202-11-01_18:22:50.695000      706.68        4.66895900e+00        1.89850411e-05  24.9178  24.4200
0202-11-01_18:22:50.887000      706.87        4.68027100e+00        1.91189120e-05  24.9178  24.4200
0202-11-01_18:22:51.082000      707.06        4.69033000e+00        2.04167302e-05  24.9178  24.4200