# Ic = 3.77 A, n = 21.38 , Tavg = 24.89 K, f23-pulse-5p5ms
#datetime                        t_s     iHTS_A                vHTS_V                tHTS_K  tTAR_K
0202-11-01_18:57:47             836.40        5.07608100e-02        2.15684700e-09  24.9308  24.4563
0202-11-01_18:57:47.200000      836.60        1.33073900e-02        1.41806770e-08  24.9308  24.4563
0202-11-01_18:57:47.406000      836.80        2.31263700e-02        2.14941370e-08  24.9467  24.4178
0202-11-01_18:57:47.598000      836.99        3.29453500e-02        2.06884170e-08  24.9467  24.4178
0202-11-01_18:57:47.797000      837.19        4.17619400e-02        1.23213170e-08  24.9467  24.4178
0202-11-01_18:57:47.990000      837.39        5.24283600e-02        1.48004570e-08  24.9467  24.4178
0202-11-01_18:57:48.227000      837.62        6.24862800e-02        1.90769770e-08  24.9467  24.4178
0202-11-01_18:57:48.438000      837.83        7.25353000e-02        2.09363270e-08  24.9031  24.3943
0202-11-01_18:57:48.633000      838.03        8.19268500e-02        2.23618270e-08  24.9031  24.3943
0202-11-01_18:57:48.824000      838.22        9.20263300e-02        1.85191670e-08  24.9031  24.3943
0202-11-01_18:57:49.030000      838.43        1.02370700e-01        2.20519370e-08  24.9031  24.3943
0202-11-01_18:57:49.273000      838.67        1.12052200e-01        1.93868670e-08  24.9031  24.3943
0202-11-01_18:57:49.465000      838.86        1.22197700e-01        2.84357170e-08  24.9399  24.3802
0202-11-01_18:57:49.668000      839.07        1.32445600e-01        2.67003270e-08  24.9399  24.3802
0202-11-01_18:57:49.870000      839.27        1.42077600e-01        2.24857870e-08  24.9399  24.3802
0202-11-01_18:57:50.086000      839.48        1.51596800e-01        2.74440670e-08  24.9399  24.3802
0202-11-01_18:57:50.280000      839.68        1.62137000e-01        3.11627770e-08  24.8916  24.3833
0202-11-01_18:57:50.473000      839.87        1.70770200e-01        3.79184270e-08  24.8916  24.3833
0202-11-01_18:57:50.668000      840.06        1.81678200e-01        3.28981670e-08  24.8916  24.3833
0202-11-01_18:57:50.870000      840.27        1.91428900e-01        3.38278470e-08  24.8916  24.3833
0202-11-01_18:57:51.066000      840.46        2.01127700e-01        3.21540970e-08  24.8916  24.3833
0202-11-01_18:57:51.258000      840.66        2.11917300e-01        3.64922570e-08  24.9786  24.4110
0202-11-01_18:57:51.457000      840.85        2.21595300e-01        4.20078870e-08  24.9786  24.4110
0202-11-01_18:57:51.650000      841.05        2.30655900e-01        4.13261270e-08  24.9786  24.4110
0202-11-01_18:57:51.840000      841.24        2.41547900e-01        4.00865570e-08  24.9786  24.4110
0202-11-01_18:57:52.047000      841.44        2.51454400e-01        3.95287570e-08  24.9786  24.4110
0202-11-01_18:57:52.250000      841.65        2.61152900e-01        4.19459070e-08  24.9786  24.4110
0202-11-01_18:57:52.440000      841.84        2.71040100e-01        4.76479270e-08  24.9360  24.4333
0202-11-01_18:57:52.637000      842.03        2.81197500e-01        4.76479270e-08  24.9360  24.4333
0202-11-01_18:57:52.832000      842.23        2.91246500e-01        4.72140770e-08  24.9360  24.4333
0202-11-01_18:57:53.023000      842.42        3.00094800e-01        4.75239770e-08  24.9360  24.4333
0202-11-01_18:57:53.270000      842.66        3.11294100e-01        4.30615270e-08  24.9360  24.4333
0202-11-01_18:57:53.473000      842.87        3.20348700e-01        4.40531770e-08  24.9147  24.3608
0202-11-01_18:57:53.664000      843.06        3.30802900e-01        4.10782170e-08  24.9147  24.3608
0202-11-01_18:57:53.860000      843.26        3.40784800e-01        4.74619970e-08  24.9147  24.3608
0202-11-01_18:57:54.055000      843.45        3.50238700e-01        5.24202670e-08  24.9147  24.3608
0202-11-01_18:57:54.246000      843.64        3.60298100e-01        5.29780770e-08  24.9224  24.4723
0202-11-01_18:57:54.453000      843.85        3.70517800e-01        5.59530370e-08  24.9224  24.4723
0202-11-01_18:57:54.645000      844.04        3.80440600e-01        5.23582870e-08  24.9224  24.4723
0202-11-01_18:57:54.836000      844.23        3.89476000e-01        5.13046570e-08  24.9224  24.4723
0202-11-01_18:57:55.043000      844.44        4.00375400e-01        5.33499470e-08  24.9224  24.4723
0202-11-01_18:57:55.254000      844.65        4.10396200e-01        4.47349370e-08  24.9224  24.4723
0202-11-01_18:57:55.460000      844.86        4.19942400e-01        4.16979970e-08  24.8756  24.3450
0202-11-01_18:57:55.656000      845.05        4.29984000e-01        4.16360170e-08  24.8756  24.3450
0202-11-01_18:57:55.860000      845.25        4.39621900e-01        5.18624670e-08  24.8756  24.3450
0202-11-01_18:57:56.060000      845.46        4.49721400e-01        5.55811670e-08  24.8756  24.3450
0202-11-01_18:57:56.254000      845.65        4.59809000e-01        5.41556670e-08  24.8756  24.3450
0202-11-01_18:57:56.460000      845.86        4.69257000e-01        4.83296870e-08  24.8459  24.4497
0202-11-01_18:57:56.652000      846.05        4.79297100e-01        4.68422070e-08  24.8459  24.4497
0202-11-01_18:57:56.848000      846.24        4.89493000e-01        4.34333970e-08  24.8459  24.4497
0202-11-01_18:57:57.047000      846.45        4.98897800e-01        4.59739870e-08  24.8459  24.4497
0202-11-01_18:57:57.250000      846.65        5.08866600e-01        4.92581370e-08  24.8459  24.4497
0202-11-01_18:57:57.445000      846.84        5.19037400e-01        5.23565270e-08  24.8816  24.3919
0202-11-01_18:57:57.650000      847.05        5.28883100e-01        5.45877570e-08  24.8816  24.3919
0202-11-01_18:57:57.840000      847.24        5.38743600e-01        5.19226870e-08  24.8816  24.3919
0202-11-01_18:57:58.035000      847.43        5.49083500e-01        5.03112470e-08  24.8816  24.3919
0202-11-01_18:57:58.250000      847.65        5.59151800e-01        5.21705970e-08  24.8816  24.3919
0202-11-01_18:57:58.440000      847.84        5.68108500e-01        5.33481870e-08  24.9403  24.3907
0202-11-01_18:57:58.633000      848.03        5.79056100e-01        4.87617870e-08  24.9403  24.3907
0202-11-01_18:57:58.844000      848.24        5.88846900e-01        4.02087570e-08  24.9403  24.3907
0202-11-01_18:57:59.040000      848.44        5.98585700e-01        3.72337970e-08  24.9403  24.3907
0202-11-01_18:57:59.234000      848.63        6.08579800e-01        3.88452370e-08  24.9403  24.3907
0202-11-01_18:57:59.440000      848.84        6.18566500e-01        4.70883670e-08  24.9081  24.4239
0202-11-01_18:57:59.633000      849.03        6.27972900e-01        5.37820370e-08  24.9081  24.4239
0202-11-01_18:57:59.832000      849.23        6.38247500e-01        5.34721470e-08  24.9081  24.4239
0202-11-01_18:58:00.023000      849.42        6.48335100e-01        4.83279370e-08  24.9081  24.4239
0202-11-01_18:58:00.242000      849.64        6.57529200e-01        4.76461670e-08  24.9081  24.4239
0202-11-01_18:58:00.438000      849.84        6.68217800e-01        5.53314970e-08  24.8881  24.3705
0202-11-01_18:58:00.640000      850.04        6.77971500e-01        5.84923970e-08  24.8881  24.3705
0202-11-01_18:58:00.844000      850.24        6.87326000e-01        4.70883670e-08  24.8881  24.3705
0202-11-01_18:58:01.035000      850.43        6.97968600e-01        4.89477170e-08  24.8881  24.3705
0202-11-01_18:58:01.246000      850.64        7.08120100e-01        4.97534370e-08  24.8881  24.3705
0202-11-01_18:58:01.440000      850.84        7.17067900e-01        5.88022870e-08  24.8919  24.3978
0202-11-01_18:58:01.633000      851.03        7.27634900e-01        5.76246970e-08  24.8919  24.3978
0202-11-01_18:58:01.840000      851.24        7.37987200e-01        5.67569970e-08  24.8919  24.3978
0202-11-01_18:58:02.030000      851.43        7.46862200e-01        5.69429370e-08  24.8919  24.3978
0202-11-01_18:58:02.234000      851.63        7.57654800e-01        5.70049170e-08  24.8919  24.3978
0202-11-01_18:58:02.430000      851.83        7.67625200e-01        6.38225370e-08  24.8684  24.3518
0202-11-01_18:58:02.620000      852.02        7.76384500e-01        6.12814270e-08  24.8684  24.3518
0202-11-01_18:58:02.812000      852.21        7.87001900e-01        6.55579370e-08  24.8684  24.3518
0202-11-01_18:58:03.020000      852.42        7.97273600e-01        6.09713670e-08  24.8684  24.3518
0202-11-01_18:58:03.234000      852.63        8.06976800e-01        6.33263370e-08  24.8684  24.3518
0202-11-01_18:58:03.426000      852.82        8.16939600e-01        6.32641970e-08  24.9587  24.3445
0202-11-01_18:58:03.620000      853.02        8.26696300e-01        6.41318870e-08  24.9587  24.3445
0202-11-01_18:58:03.812000      853.21        8.36249600e-01        6.28923270e-08  24.9587  24.3445
0202-11-01_18:58:04.004000      853.40        8.46917500e-01        5.61986570e-08  24.9587  24.3445
0202-11-01_18:58:04.220000      853.61        8.56804800e-01        5.31617170e-08  24.9587  24.3445
0202-11-01_18:58:04.420000      853.82        8.66748400e-01        5.27278670e-08  24.9211  24.4620
0202-11-01_18:58:04.625000      854.02        8.76769300e-01        5.70663570e-08  24.9211  24.4620
0202-11-01_18:58:04.816000      854.21        8.86517000e-01        5.92975770e-08  24.9211  24.4620
0202-11-01_18:58:05.008000      854.41        8.95751900e-01        5.79960270e-08  24.9211  24.4620
0202-11-01_18:58:05.250000      854.65        9.07055000e-01        6.10329670e-08  24.9211  24.4620
0202-11-01_18:58:05.445000      854.84        9.15621400e-01        5.47731470e-08  24.9590  24.3419
0202-11-01_18:58:05.637000      855.03        9.26424400e-01        5.35955570e-08  24.9590  24.3419
0202-11-01_18:58:05.840000      855.23        9.35902000e-01        5.30377570e-08  24.9590  24.3419
0202-11-01_18:58:06.030000      855.43        9.45599300e-01        5.14882970e-08  24.9590  24.3419
0202-11-01_18:58:06.266000      855.66        9.55703200e-01        4.90091570e-08  24.9590  24.3419
0202-11-01_18:58:06.460000      855.86        9.66162100e-01        4.80175070e-08  24.9217  24.4426
0202-11-01_18:58:06.668000      856.07        9.75688700e-01        5.16122570e-08  24.9217  24.4426
0202-11-01_18:58:06.863000      856.26        9.85619000e-01        5.91116370e-08  24.9217  24.4426
0202-11-01_18:58:07.055000      856.45        9.95659100e-01        6.36360670e-08  24.9217  24.4426
0202-11-01_18:58:07.260000      856.66        1.00547800e+00        6.46277170e-08  24.9217  24.4426
0202-11-01_18:58:07.457000      856.85        1.01498400e+00        6.46277170e-08  24.8890  24.3886
0202-11-01_18:58:07.650000      857.04        1.02534500e+00        6.15287970e-08  24.8890  24.3886
0202-11-01_18:58:07.855000      857.25        1.03520500e+00        5.97314270e-08  24.8890  24.3886
0202-11-01_18:58:08.047000      857.44        1.04479200e+00        5.80580070e-08  24.8890  24.3886
0202-11-01_18:58:08.250000      857.65        1.05543200e+00        5.51450170e-08  24.8890  24.3886
0202-11-01_18:58:08.440000      857.84        1.06528400e+00        5.04346670e-08  24.9017  24.3918
0202-11-01_18:58:08.637000      858.03        1.07429200e+00        4.31831870e-08  24.9017  24.3918
0202-11-01_18:58:08.832000      858.23        1.08541200e+00        4.70877670e-08  24.9017  24.3918
0202-11-01_18:58:09.030000      858.43        1.09474200e+00        5.08062770e-08  24.9017  24.3918
0202-11-01_18:58:09.240000      858.63        1.10455800e+00        5.11159170e-08  24.9017  24.3918
0202-11-01_18:58:09.434000      858.83        1.11467300e+00        4.83887370e-08  24.8847  24.4302
0202-11-01_18:58:09.637000      859.04        1.12477600e+00        4.52898170e-08  24.8847  24.4302
0202-11-01_18:58:09.832000      859.23        1.13451000e+00        5.06199570e-08  24.8847  24.4302
0202-11-01_18:58:10.023000      859.42        1.14415500e+00        5.24793070e-08  24.8847  24.4302
0202-11-01_18:58:10.240000      859.63        1.15487100e+00        5.71896670e-08  24.8847  24.4302
0202-11-01_18:58:10.438000      859.83        1.16413200e+00        5.83672570e-08  24.8607  24.3837
0202-11-01_18:58:10.630000      860.02        1.17386900e+00        5.86151770e-08  24.8607  24.3837
0202-11-01_18:58:10.832000      860.23        1.18411000e+00        6.01646370e-08  24.8607  24.3837
0202-11-01_18:58:11.023000      860.42        1.19427700e+00        6.58666470e-08  24.8607  24.3837
0202-11-01_18:58:11.227000      860.62        1.20357300e+00        6.57426870e-08  24.8607  24.3837
0202-11-01_18:58:11.426000      860.82        1.21402600e+00        6.42552070e-08  24.8385  24.4042
0202-11-01_18:58:11.617000      861.02        1.22407100e+00        6.14041970e-08  24.8385  24.4042
0202-11-01_18:58:11.824000      861.22        1.23282400e+00        6.09083770e-08  24.8385  24.4042
0202-11-01_18:58:12.016000      861.41        1.24358400e+00        6.15901370e-08  24.8385  24.4042
0202-11-01_18:58:12.242000      861.64        1.25388400e+00        5.88011070e-08  24.8385  24.4042
0202-11-01_18:58:12.434000      861.83        1.26362100e+00        5.89870470e-08  24.9073  24.4283
0202-11-01_18:58:12.637000      862.03        1.27338400e+00        6.26437670e-08  24.9073  24.4283
0202-11-01_18:58:12.840000      862.24        1.28290200e+00        6.98332670e-08  24.9073  24.4283
0202-11-01_18:58:13.030000      862.43        1.29317700e+00        7.21264670e-08  24.9073  24.4283
0202-11-01_18:58:13.246000      862.64        1.30359800e+00        7.41717470e-08  24.9073  24.4283
0202-11-01_18:58:13.438000      862.83        1.31242500e+00        7.70847370e-08  24.9397  24.3506
0202-11-01_18:58:13.630000      863.03        1.32345500e+00        7.80763870e-08  24.9397  24.3506
0202-11-01_18:58:13.836000      863.23        1.33311800e+00        7.41097770e-08  24.9397  24.3506
0202-11-01_18:58:14.027000      863.42        1.34280900e+00        6.87176470e-08  24.9397  24.3506
0202-11-01_18:58:14.242000      863.64        1.35329300e+00        7.19405270e-08  24.9397  24.3506
0202-11-01_18:58:14.434000      863.83        1.36264000e+00        7.39238370e-08  24.9410  24.4617
0202-11-01_18:58:14.630000      864.02        1.37226900e+00        7.76425370e-08  24.9410  24.4617
0202-11-01_18:58:14.820000      864.22        1.38306300e+00        7.48538470e-08  24.9410  24.4617
0202-11-01_18:58:15.023000      864.42        1.39316800e+00        8.16108570e-08  24.9410  24.4617
0202-11-01_18:58:15.223000      864.62        1.40156400e+00        8.61362970e-08  24.8645  24.3343
0202-11-01_18:58:15.418000      864.81        1.41274100e+00        8.61369770e-08  24.8645  24.3343
0202-11-01_18:58:15.620000      865.02        1.42280200e+00        8.24802470e-08  24.8645  24.3343
0202-11-01_18:58:15.816000      865.21        1.43206900e+00        7.96912170e-08  24.8645  24.3343
0202-11-01_18:58:16.008000      865.40        1.44192800e+00        7.97531970e-08  24.8645  24.3343
0202-11-01_18:58:16.240000      865.64        1.45244000e+00        8.22943070e-08  24.8645  24.3343
0202-11-01_18:58:16.440000      865.84        1.46237800e+00        8.17984870e-08  24.8876  24.4395
0202-11-01_18:58:16.645000      866.04        1.47212100e+00        8.56411470e-08  24.8876  24.4395
0202-11-01_18:58:16.836000      866.23        1.48152500e+00        8.94218370e-08  24.8876  24.4395
0202-11-01_18:58:17.043000      866.44        1.49170000e+00        8.97937070e-08  24.8876  24.4395
0202-11-01_18:58:17.246000      866.64        1.50194600e+00        8.45875170e-08  24.8876  24.4395
0202-11-01_18:58:17.438000      866.83        1.51151900e+00        8.17365070e-08  24.9187  24.3797
0202-11-01_18:58:17.630000      867.03        1.52189800e+00        8.14885870e-08  24.9187  24.3797
0202-11-01_18:58:17.824000      867.22        1.53193200e+00        8.55171870e-08  24.9187  24.3797
0202-11-01_18:58:18.027000      867.42        1.54139500e+00        8.99796370e-08  24.9187  24.3797
0202-11-01_18:58:18.266000      867.66        1.55207500e+00        8.48974070e-08  24.9187  24.3797
0202-11-01_18:58:18.460000      867.86        1.56114100e+00        8.83681970e-08  24.9237  24.3843
0202-11-01_18:58:18.652000      868.05        1.57088900e+00        8.27901370e-08  24.9237  24.3843
0202-11-01_18:58:18.860000      868.26        1.58140100e+00        8.89260070e-08  24.9237  24.3843
0202-11-01_18:58:19.050000      868.45        1.59147400e+00        8.88020470e-08  24.9237  24.3843
0202-11-01_18:58:19.270000      868.67        1.60073300e+00        9.27686670e-08  24.9237  24.3843
0202-11-01_18:58:19.465000      868.86        1.61108000e+00        9.27066870e-08  24.9491  24.4246
0202-11-01_18:58:19.656000      869.05        1.62130800e+00        9.46280270e-08  24.9491  24.4246
0202-11-01_18:58:19.848000      869.24        1.63044900e+00        9.40082370e-08  24.9491  24.4246
0202-11-01_18:58:20.055000      869.45        1.64078300e+00        9.57436370e-08  24.9491  24.4246
0202-11-01_18:58:20.258000      869.65        1.65106800e+00        8.71906070e-08  24.9491  24.4246
0202-11-01_18:58:20.450000      869.85        1.66096300e+00        8.76244570e-08  24.9524  24.3797
0202-11-01_18:58:20.645000      870.04        1.66999700e+00        8.76864370e-08  24.9524  24.3797
0202-11-01_18:58:20.840000      870.24        1.68090900e+00        8.63234670e-08  24.9524  24.3797
0202-11-01_18:58:21.030000      870.43        1.69091400e+00        8.69440870e-08  24.9524  24.3797
0202-11-01_18:58:21.240000      870.64        1.70050900e+00        8.59535470e-08  24.9524  24.3797
0202-11-01_18:58:21.434000      870.83        1.71033100e+00        9.08501270e-08  24.8967  24.4011
0202-11-01_18:58:21.625000      871.02        1.72091800e+00        8.80610870e-08  24.8967  24.4011
0202-11-01_18:58:21.832000      871.23        1.73076100e+00        9.14699070e-08  24.8967  24.4011
0202-11-01_18:58:22.027000      871.42        1.73996700e+00        8.60777770e-08  24.8967  24.4011
0202-11-01_18:58:22.254000      871.65        1.75057600e+00        8.76272370e-08  24.8967  24.4011
0202-11-01_18:58:22.445000      871.84        1.76001800e+00        8.56439270e-08  24.9182  24.4242
0202-11-01_18:58:22.640000      872.04        1.76980300e+00        8.47762270e-08  24.9182  24.4242
0202-11-01_18:58:22.844000      872.24        1.77999600e+00        8.73793270e-08  24.9182  24.4242
0202-11-01_18:58:23.035000      872.43        1.79011200e+00        8.07476270e-08  24.9182  24.4242
0202-11-01_18:58:23.230000      872.63        1.79918900e+00        8.37845770e-08  24.9192  24.3540
0202-11-01_18:58:23.430000      872.82        1.80995000e+00        8.38465570e-08  24.9192  24.3540
0202-11-01_18:58:23.620000      873.02        1.81963400e+00        8.98584670e-08  24.9192  24.3540
0202-11-01_18:58:23.824000      873.22        1.82944900e+00        9.18417770e-08  24.9192  24.3540
0202-11-01_18:58:24.016000      873.41        1.83893100e+00        9.01683570e-08  24.9192  24.3540
0202-11-01_18:58:24.234000      873.63        1.84972600e+00        8.66355870e-08  24.9192  24.3540
0202-11-01_18:58:24.430000      873.83        1.85905500e+00        8.53340370e-08  24.9062  24.4665
0202-11-01_18:58:24.625000      874.02        1.86916500e+00        7.77726570e-08  24.9062  24.4665
0202-11-01_18:58:24.832000      874.23        1.87927400e+00        7.62851770e-08  24.9062  24.4665
0202-11-01_18:58:25.027000      874.42        1.88852100e+00        7.17607470e-08  24.9062  24.4665
0202-11-01_18:58:25.250000      874.65        1.89884600e+00        6.89097370e-08  24.9062  24.4665
0202-11-01_18:58:25.445000      874.84        1.90895800e+00        7.13268970e-08  24.9139  24.3419
0202-11-01_18:58:25.637000      875.03        1.91909700e+00        6.84139070e-08  24.9139  24.3419
0202-11-01_18:58:25.832000      875.23        1.92800900e+00        7.33102070e-08  24.9139  24.3419
0202-11-01_18:58:26.027000      875.42        1.93899400e+00        7.47976870e-08  24.9139  24.3419
0202-11-01_18:58:26.242000      875.64        1.94876900e+00        7.83304670e-08  24.9139  24.3419
0202-11-01_18:58:26.445000      875.84        1.95835300e+00        7.86403570e-08  24.8540  24.4450
0202-11-01_18:58:26.650000      876.05        1.96869200e+00        7.39299870e-08  24.8540  24.4450
0202-11-01_18:58:26.850000      876.25        1.97799000e+00        8.26067370e-08  24.8540  24.4450
0202-11-01_18:58:27.047000      876.44        1.98799100e+00        8.50856370e-08  24.8540  24.4450
0202-11-01_18:58:27.258000      876.66        1.99849300e+00        8.82462270e-08  24.8540  24.4450
0202-11-01_18:58:27.450000      876.85        2.00804500e+00        7.98171470e-08  24.8609  24.3917
0202-11-01_18:58:27.645000      877.04        2.01778500e+00        7.73380070e-08  24.8609  24.3917
0202-11-01_18:58:27.848000      877.24        2.02810400e+00        7.44250270e-08  24.8609  24.3917
0202-11-01_18:58:28.040000      877.44        2.03843200e+00        7.72760370e-08  24.8609  24.3917
0202-11-01_18:58:28.240000      877.63        2.04756000e+00        7.97551770e-08  24.8609  24.3917
0202-11-01_18:58:28.440000      877.84        2.05787000e+00        8.30400370e-08  24.8556  24.3919
0202-11-01_18:58:28.633000      878.03        2.06820700e+00        8.86180970e-08  24.8556  24.3919
0202-11-01_18:58:28.830000      878.22        2.07771400e+00        8.85561170e-08  24.8556  24.3919
0202-11-01_18:58:29.030000      878.43        2.08729400e+00        8.64488470e-08  24.8556  24.3919
0202-11-01_18:58:29.266000      878.66        2.09779400e+00        7.99411070e-08  24.8556  24.3919
0202-11-01_18:58:29.460000      878.86        2.10713400e+00        7.76479070e-08  24.8780  24.4306
0202-11-01_18:58:29.664000      879.06        2.11676300e+00        8.03129770e-08  24.8780  24.4306
0202-11-01_18:58:29.860000      879.26        2.12738900e+00        8.26061870e-08  24.8780  24.4306
0202-11-01_18:58:30.050000      879.45        2.13736200e+00        8.16765070e-08  24.8780  24.4306
0202-11-01_18:58:30.260000      879.66        2.14721400e+00        7.57885470e-08  24.8780  24.4306
0202-11-01_18:58:30.457000      879.85        2.15715400e+00        7.22557770e-08  24.8566  24.3801
0202-11-01_18:58:30.650000      880.05        2.16709700e+00        7.56645970e-08  24.8566  24.3801
0202-11-01_18:58:30.855000      880.25        2.17679500e+00        7.69661370e-08  24.8566  24.3801
0202-11-01_18:58:31.047000      880.44        2.18678700e+00        8.06228670e-08  24.8566  24.3801
0202-11-01_18:58:31.246000      880.64        2.19746100e+00        8.21103570e-08  24.8566  24.3801
0202-11-01_18:58:31.440000      880.84        2.20663600e+00        8.73165470e-08  24.9436  24.4020
0202-11-01_18:58:31.633000      881.03        2.21639600e+00        8.67587370e-08  24.9436  24.4020
0202-11-01_18:58:31.824000      881.22        2.22658100e+00        8.99816270e-08  24.9436  24.4020
0202-11-01_18:58:32.030000      881.43        2.23682900e+00        8.86180970e-08  24.9436  24.4020
0202-11-01_18:58:32.230000      881.63        2.24646200e+00        8.92998570e-08  24.9436  24.4020
0202-11-01_18:58:32.420000      881.82        2.25670700e+00        8.29780570e-08  24.9607  24.4226
0202-11-01_18:58:32.617000      882.01        2.26666000e+00        8.06228670e-08  24.9607  24.4226
0202-11-01_18:58:32.812000      882.21        2.27598900e+00        8.22966870e-08  24.9607  24.4226
0202-11-01_18:58:33.004000      882.40        2.28621600e+00        8.68215070e-08  24.9607  24.4226
0202-11-01_18:58:33.240000      882.64        2.29655200e+00        9.13464570e-08  24.9607  24.4226
0202-11-01_18:58:33.445000      882.84        2.30636900e+00        9.15323970e-08  24.9312  24.3520
0202-11-01_18:58:33.640000      883.04        2.31622400e+00        9.16563570e-08  24.9312  24.3520
0202-11-01_18:58:33.832000      883.23        2.32542900e+00        9.27099870e-08  24.9312  24.3520
0202-11-01_18:58:34.040000      883.43        2.33582900e+00        8.86813870e-08  24.9312  24.3520
0202-11-01_18:58:34.242000      883.64        2.34629500e+00        8.31033170e-08  24.9312  24.3520
0202-11-01_18:58:34.445000      883.84        2.35585600e+00        7.94465870e-08  24.9151  24.4563
0202-11-01_18:58:34.640000      884.04        2.36600500e+00        8.57683970e-08  24.9151  24.4563
0202-11-01_18:58:34.832000      884.23        2.37600000e+00        9.11605270e-08  24.9151  24.4563
0202-11-01_18:58:35.027000      884.42        2.38508600e+00        8.91772170e-08  24.9151  24.4563
0202-11-01_18:58:35.270000      884.67        2.39650400e+00        8.30413370e-08  24.9151  24.4563
0202-11-01_18:58:35.460000      884.86        2.40511800e+00        8.40329970e-08  24.8837  24.3313
0202-11-01_18:58:35.656000      885.05        2.41589600e+00        8.21736370e-08  24.8837  24.3313
0202-11-01_18:58:35.863000      885.26        2.42591100e+00        8.25455170e-08  24.8837  24.3313
0202-11-01_18:58:36.060000      885.45        2.43508700e+00        7.51700670e-08  24.8837  24.3313
0202-11-01_18:58:36.260000      885.66        2.44572400e+00        7.75252570e-08  24.8837  24.3313
0202-11-01_18:58:36.460000      885.86        2.45552200e+00        7.49841370e-08  24.8877  24.4394
0202-11-01_18:58:36.652000      886.05        2.46457500e+00        7.16372970e-08  24.8877  24.4394
0202-11-01_18:58:36.844000      886.24        2.47542400e+00        7.07076170e-08  24.8877  24.4394
0202-11-01_18:58:37.055000      886.45        2.48521400e+00        7.42403970e-08  24.8877  24.4394
0202-11-01_18:58:37.258000      886.65        2.49483500e+00        8.08101170e-08  24.8877  24.4394
0202-11-01_18:58:37.450000      886.85        2.50518900e+00        7.82689970e-08  24.9183  24.3788
0202-11-01_18:58:37.656000      887.05        2.51508500e+00        7.47981970e-08  24.9183  24.3788
0202-11-01_18:58:37.848000      887.24        2.52465400e+00        7.23190570e-08  24.9183  24.3788
0202-11-01_18:58:38.040000      887.44        2.53507000e+00        7.45502870e-08  24.9183  24.3788
0202-11-01_18:58:38.260000      887.66        2.54497200e+00        7.26289470e-08  24.9183  24.3788
0202-11-01_18:58:38.453000      887.85        2.55497800e+00        7.18232270e-08  24.9419  24.3849
0202-11-01_18:58:38.660000      888.06        2.56456100e+00        6.88482570e-08  24.9419  24.3849
0202-11-01_18:58:38.850000      888.25        2.57352900e+00        6.63064270e-08  24.9419  24.3849
0202-11-01_18:58:39.047000      888.44        2.58468300e+00        6.78553570e-08  24.9419  24.3849
0202-11-01_18:58:39.260000      888.66        2.59476300e+00        6.90943870e-08  24.9419  24.3849
0202-11-01_18:58:39.465000      888.86        2.60411600e+00        6.97761470e-08  24.8893  24.3887
0202-11-01_18:58:39.668000      889.06        2.61430000e+00        6.58715070e-08  24.8893  24.3887
0202-11-01_18:58:39.860000      889.26        2.62452100e+00        6.63673370e-08  24.8893  24.3887
0202-11-01_18:58:40.062000      889.46        2.63308900e+00        7.15735270e-08  24.8893  24.3887
0202-11-01_18:58:40.266000      889.66        2.64430200e+00        7.20693570e-08  24.8893  24.3887
0202-11-01_18:58:40.460000      889.86        2.65439700e+00        7.49823470e-08  24.9969  24.3753
0202-11-01_18:58:40.668000      890.07        2.66342800e+00        6.88464770e-08  24.9969  24.3753
0202-11-01_18:58:40.867000      890.26        2.67425600e+00        7.08297870e-08  24.9969  24.3753
0202-11-01_18:58:41.060000      890.46        2.68407800e+00        6.70490970e-08  24.9969  24.3753
0202-11-01_18:58:41.270000      890.67        2.69302300e+00        6.75449270e-08  24.9969  24.3753
0202-11-01_18:58:41.465000      890.86        2.70400700e+00        6.66772270e-08  24.9329  24.4032
0202-11-01_18:58:41.656000      891.05        2.71403400e+00        6.71730570e-08  24.9329  24.4032
0202-11-01_18:58:41.855000      891.25        2.72302900e+00        6.90324070e-08  24.9329  24.4032
0202-11-01_18:58:42.050000      891.45        2.73366100e+00        6.92803270e-08  24.9329  24.4032
0202-11-01_18:58:42.246000      891.64        2.74373000e+00        6.88464770e-08  24.9329  24.4032
0202-11-01_18:58:42.457000      891.85        2.75228300e+00        6.59334870e-08  24.9629  24.4191
0202-11-01_18:58:42.650000      892.05        2.76338300e+00        6.51277670e-08  24.9629  24.4191
0202-11-01_18:58:42.844000      892.24        2.77340900e+00        6.54996370e-08  24.9629  24.4191
0202-11-01_18:58:43.050000      892.45        2.78300100e+00        6.92183470e-08  24.9629  24.4191
0202-11-01_18:58:43.250000      892.65        2.79313500e+00        6.58095270e-08  24.9629  24.4191
0202-11-01_18:58:43.445000      892.84        2.80295100e+00        6.35783070e-08  24.9006  24.3556
0202-11-01_18:58:43.650000      893.05        2.81220500e+00        6.35783070e-08  24.9006  24.3556
0202-11-01_18:58:43.844000      893.24        2.82311900e+00        6.21527970e-08  24.9006  24.3556
0202-11-01_18:58:44.035000      893.43        2.83285800e+00        6.48798470e-08  24.9006  24.3556
0202-11-01_18:58:44.242000      893.64        2.84267900e+00        6.35783070e-08  24.9337  24.4664
0202-11-01_18:58:44.434000      893.83        2.85223400e+00        6.51897470e-08  24.9337  24.4664
0202-11-01_18:58:44.630000      894.03        2.86267400e+00        6.71730570e-08  24.9337  24.4664
0202-11-01_18:58:44.840000      894.24        2.87264200e+00        6.69871870e-08  24.9337  24.4664
0202-11-01_18:58:45.035000      894.43        2.88207600e+00        6.33305370e-08  24.9337  24.4664
0202-11-01_18:58:45.234000      894.63        2.89275200e+00        6.28347770e-08  24.9337  24.4664
0202-11-01_18:58:45.440000      894.84        2.90263800e+00        6.52519370e-08  24.9015  24.3397
0202-11-01_18:58:45.633000      895.03        2.91196400e+00        6.90945970e-08  24.9015  24.3397
0202-11-01_18:58:45.824000      895.22        2.92256900e+00        6.86607470e-08  24.9015  24.3397
0202-11-01_18:58:46.027000      895.42        2.93219000e+00        6.87847070e-08  24.9015  24.3397
0202-11-01_18:58:46.246000      895.64        2.94238000e+00        7.21935270e-08  24.9015  24.3397
0202-11-01_18:58:46.438000      895.84        2.95211900e+00        7.46106870e-08  24.9459  24.4507
0202-11-01_18:58:46.633000      896.03        2.96239800e+00        6.54998470e-08  24.9459  24.4507
0202-11-01_18:58:46.830000      896.22        2.97129700e+00        6.96524070e-08  24.9459  24.4507
0202-11-01_18:58:47.020000      896.42        2.98198400e+00        6.37644470e-08  24.9459  24.4507
0202-11-01_18:58:47.242000      896.64        2.99212200e+00        7.12018670e-08  24.9459  24.4507
0202-11-01_18:58:47.445000      896.84        3.00160000e+00        6.70493070e-08  24.8960  24.3849
0202-11-01_18:58:47.640000      897.04        3.01166100e+00        6.54998470e-08  24.8960  24.3849
0202-11-01_18:58:47.832000      897.23        3.02163900e+00        6.02936570e-08  24.8960  24.3849
0202-11-01_18:58:48.023000      897.42        3.03103900e+00        6.04176170e-08  24.8960  24.3849
0202-11-01_18:58:48.240000      897.64        3.04140100e+00        6.45081970e-08  24.8960  24.3849
0202-11-01_18:58:48.434000      897.83        3.05122700e+00        6.95284470e-08  24.9517  24.4011
0202-11-01_18:58:48.625000      898.02        3.06086400e+00        7.08299970e-08  24.9517  24.4011
0202-11-01_18:58:48.820000      898.22        3.07128500e+00        6.66774370e-08  24.9517  24.4011
0202-11-01_18:58:49.010000      898.41        3.08111600e+00        6.16571770e-08  24.9517  24.4011
0202-11-01_18:58:49.215000      898.61        3.09056600e+00        6.32686270e-08  24.9517  24.4011
0202-11-01_18:58:49.438000      898.83        3.10130900e+00        6.61196370e-08  24.9270  24.4275
0202-11-01_18:58:49.645000      899.04        3.11091700e+00        6.47561070e-08  24.9270  24.4275
0202-11-01_18:58:49.836000      899.23        3.12059400e+00        6.68013970e-08  24.9270  24.4275
0202-11-01_18:58:50.027000      899.42        3.13070200e+00        6.67394170e-08  24.9270  24.4275
0202-11-01_18:58:50.240000      899.63        3.14079900e+00        7.20695670e-08  24.9270  24.4275
0202-11-01_18:58:50.430000      899.83        3.15011000e+00        7.02102170e-08  24.8944  24.3797
0202-11-01_18:58:50.625000      900.02        3.16068500e+00        6.82888770e-08  24.8944  24.3797
0202-11-01_18:58:50.830000      900.22        3.17069100e+00        6.91563070e-08  24.8944  24.3797
0202-11-01_18:58:51.030000      900.43        3.18021300e+00        6.42596370e-08  24.8944  24.3797
0202-11-01_18:58:51.234000      900.63        3.19037400e+00        6.49411270e-08  24.8944  24.3797
0202-11-01_18:58:51.438000      900.83        3.20037400e+00        6.39494670e-08  24.8484  24.4120
0202-11-01_18:58:51.630000      901.03        3.20989300e+00        6.90317070e-08  24.8484  24.4120
0202-11-01_18:58:51.824000      901.22        3.22028200e+00        7.49816370e-08  24.8484  24.4120
0202-11-01_18:58:52.027000      901.42        3.23025400e+00        7.77086870e-08  24.8484  24.4120
0202-11-01_18:58:52.227000      901.62        3.23998900e+00        7.59732870e-08  24.8865  24.4204
0202-11-01_18:58:52.418000      901.81        3.24983700e+00        7.20066670e-08  24.8865  24.4204
0202-11-01_18:58:52.617000      902.01        3.26016800e+00        6.96514870e-08  24.8865  24.4204
0202-11-01_18:58:52.810000      902.21        3.26991900e+00        7.00233570e-08  24.8865  24.4204
0202-11-01_18:58:53             902.40        3.27928400e+00        7.38660270e-08  24.8865  24.4204
0202-11-01_18:58:53.210000      902.61        3.28990900e+00        8.32867470e-08  24.8865  24.4204
0202-11-01_18:58:53.402000      902.80        3.29980600e+00        8.27909270e-08  24.8891  24.3649
0202-11-01_18:58:53.598000      902.99        3.30937100e+00        7.81425370e-08  24.8891  24.3649
0202-11-01_18:58:53.790000      903.19        3.31910600e+00        7.19446870e-08  24.8891  24.3649
0202-11-01_18:58:53.980000      903.38        3.32950400e+00        7.28123870e-08  24.8891  24.3649
0202-11-01_18:58:54.200000      903.60        3.33952900e+00        8.55799570e-08  24.8891  24.3649
0202-11-01_18:58:54.395000      903.79        3.34890100e+00        8.95465770e-08  24.8403  24.4617
0202-11-01_18:58:54.586000      903.98        3.35925100e+00        9.39470470e-08  24.8403  24.4617
0202-11-01_18:58:54.790000      904.19        3.36939600e+00        8.31008170e-08  24.8403  24.4617
0202-11-01_18:58:54.984000      904.38        3.37872000e+00        8.39685170e-08  24.8403  24.4617
0202-11-01_18:58:55.250000      904.65        3.38952400e+00        8.31008170e-08  24.8403  24.4617
0202-11-01_18:58:55.453000      904.85        3.39899000e+00        8.42784070e-08  24.9103  24.3340
0202-11-01_18:58:55.656000      905.05        3.40914400e+00        8.47742370e-08  24.9103  24.3340
0202-11-01_18:58:55.860000      905.26        3.41824600e+00        8.53940170e-08  24.9103  24.3340
0202-11-01_18:58:56.050000      905.45        3.42910200e+00        8.41544470e-08  24.9103  24.3340
0202-11-01_18:58:56.266000      905.66        3.43900000e+00        8.24810270e-08  24.9103  24.3340
0202-11-01_18:58:56.457000      905.85        3.44858000e+00        8.66335870e-08  24.9612  24.4474
0202-11-01_18:58:56.650000      906.05        3.45867200e+00        8.97324170e-08  24.9612  24.4474
0202-11-01_18:58:56.850000      906.25        3.46871800e+00        8.70050870e-08  24.9612  24.4474
0202-11-01_18:58:57.055000      906.45        3.47787800e+00        8.90500070e-08  24.9612  24.4474
0202-11-01_18:58:57.254000      906.65        3.48848500e+00        8.91737770e-08  24.9612  24.4474
0202-11-01_18:58:57.460000      906.86        3.49828900e+00        9.20247870e-08  24.9594  24.3739
0202-11-01_18:58:57.652000      907.05        3.50780000e+00        9.35122670e-08  24.9594  24.3739
0202-11-01_18:58:57.848000      907.24        3.51795600e+00        9.23966570e-08  24.9594  24.3739
0202-11-01_18:58:58.050000      907.45        3.52800700e+00        9.45658970e-08  24.9594  24.3739
0202-11-01_18:58:58.250000      907.65        3.53772200e+00        9.49377670e-08  24.9326  24.3882
0202-11-01_18:58:58.440000      907.84        3.54812000e+00        1.01631447e-07  24.9326  24.3882
0202-11-01_18:58:58.645000      908.04        3.55800800e+00        1.04420477e-07  24.9326  24.3882
0202-11-01_18:58:58.840000      908.23        3.56778100e+00        1.06217847e-07  24.9326  24.3882
0202-11-01_18:58:59.030000      908.43        3.57747300e+00        1.06031917e-07  24.9326  24.3882
0202-11-01_18:58:59.242000      908.64        3.58776100e+00        1.05660047e-07  24.9326  24.3882
0202-11-01_18:58:59.434000      908.83        3.59763500e+00        1.11857887e-07  24.8883  24.4180
0202-11-01_18:58:59.637000      909.04        3.60720300e+00        1.17931777e-07  24.8883  24.4180
0202-11-01_18:58:59.832000      909.23        3.61740600e+00        1.26732717e-07  24.8883  24.4180
0202-11-01_18:59:00.023000      909.42        3.62778800e+00        1.27848327e-07  24.8883  24.4180
0202-11-01_18:59:00.246000      909.64        3.63754400e+00        1.28839987e-07  24.8883  24.4180
0202-11-01_18:59:00.438000      909.84        3.64784900e+00        1.38012797e-07  24.9171  24.3715
0202-11-01_18:59:00.630000      910.03        3.65727600e+00        1.47185607e-07  24.9171  24.3715
0202-11-01_18:59:00.824000      910.22        3.66662800e+00        1.54313127e-07  24.9171  24.3715
0202-11-01_18:59:01.020000      910.42        3.67762700e+00        1.63485937e-07  24.9171  24.3715
0202-11-01_18:59:01.254000      910.65        3.68777400e+00        1.70179617e-07  24.9171  24.3715
0202-11-01_18:59:01.445000      910.84        3.69732700e+00        1.77555047e-07  24.9220  24.4024
0202-11-01_18:59:01.650000      911.04        3.70699500e+00        1.88525237e-07  24.9220  24.4024
0202-11-01_18:59:01.850000      911.25        3.71619300e+00        1.99681357e-07  24.9220  24.4024
0202-11-01_18:59:02.047000      911.44        3.72670100e+00        2.09288017e-07  24.9220  24.4024
0202-11-01_18:59:02.254000      911.65        3.73653000e+00        2.15299927e-07  24.9220  24.4024
0202-11-01_18:59:02.450000      911.84        3.74615000e+00        2.32405977e-07  24.9392  24.4139
0202-11-01_18:59:02.650000      912.04        3.75645600e+00        2.39161767e-07  24.9392  24.4139
0202-11-01_18:59:02.850000      912.25        3.76645300e+00        2.57569897e-07  24.9392  24.4139
0202-11-01_18:59:03.043000      912.44        3.77582000e+00        2.63024407e-07  24.9392  24.4139
0202-11-01_18:59:03.246000      912.64        3.78638500e+00        2.73003207e-07  24.9392  24.4139
0202-11-01_18:59:03.440000      912.84        3.79634100e+00        2.92774337e-07  24.9420  24.3561
0202-11-01_18:59:03.640000      913.04        3.80579800e+00        3.08083017e-07  24.9420  24.3561
0202-11-01_18:59:03.850000      913.25        3.81634400e+00        3.27854157e-07  24.9420  24.3561
0202-11-01_18:59:04.062000      913.46        3.82560500e+00        3.44526367e-07  24.9420  24.3561
0202-11-01_18:59:04.270000      913.67        3.83569200e+00        3.61074617e-07  24.9220  24.4625
0202-11-01_18:59:04.470000      913.87        3.84582500e+00        3.84440497e-07  24.9220  24.4625
0202-11-01_18:59:04.664000      914.06        3.85515700e+00        4.00802817e-07  24.9220  24.4625
0202-11-01_18:59:04.867000      914.26        3.86572400e+00        4.21937477e-07  24.9220  24.4625
0202-11-01_18:59:05.070000      914.47        3.87580900e+00        4.44993467e-07  24.9220  24.4625
0202-11-01_18:59:05.270000      914.66        3.88505400e+00        4.66623957e-07  24.9220  24.4625
0202-11-01_18:59:05.465000      914.86        3.89560700e+00        4.88192467e-07  24.9168  24.3411
0202-11-01_18:59:05.664000      915.06        3.90537600e+00        5.13789577e-07  24.9168  24.3411
0202-11-01_18:59:05.867000      915.26        3.91482100e+00        5.43725187e-07  24.9168  24.3411
0202-11-01_18:59:06.062000      915.46        3.92548900e+00        5.71987367e-07  24.9168  24.3411
0202-11-01_18:59:06.260000      915.66        3.93534300e+00        6.01489117e-07  24.9230  24.4506
0202-11-01_18:59:06.465000      915.86        3.94465200e+00        6.42146997e-07  24.9230  24.4506
0202-11-01_18:59:06.664000      916.06        3.95514300e+00        6.69479507e-07  24.9230  24.4506
0202-11-01_18:59:06.860000      916.26        3.96521700e+00        6.97803667e-07  24.9230  24.4506
0202-11-01_18:59:07.066000      916.46        3.97438200e+00        7.42800047e-07  24.9230  24.4506
0202-11-01_18:59:07.260000      916.66        3.98529200e+00        7.74656977e-07  24.9462  24.3810
0202-11-01_18:59:07.460000      916.86        3.99470700e+00        8.15996627e-07  24.9462  24.3810
0202-11-01_18:59:07.660000      917.06        4.00380000e+00        8.64649727e-07  24.9462  24.3810
0202-11-01_18:59:07.863000      917.26        4.01495500e+00        9.06113327e-07  24.9462  24.3810
0202-11-01_18:59:08.062000      917.46        4.02468900e+00        9.46461317e-07  24.9462  24.3810
0202-11-01_18:59:08.270000      917.67        4.03449600e+00        1.00292371e-06  24.8404  24.3989
0202-11-01_18:59:08.460000      917.86        4.04434100e+00        1.05380803e-06  24.8404  24.3989
0202-11-01_18:59:08.664000      918.06        4.05457300e+00        1.09322635e-06  24.8404  24.3989
0202-11-01_18:59:08.860000      918.26        4.06412200e+00        1.16146468e-06  24.8404  24.3989
0202-11-01_18:59:09.062000      918.46        4.07409500e+00        1.20757669e-06  24.8404  24.3989
0202-11-01_18:59:09.254000      918.65        4.08451200e+00        1.26998903e-06  24.8404  24.3989
0202-11-01_18:59:09.450000      918.84        4.09455400e+00        1.35737868e-06  24.8794  24.4255
0202-11-01_18:59:09.645000      919.04        4.10373300e+00        1.42090662e-06  24.8794  24.4255
0202-11-01_18:59:09.860000      919.25        4.11398000e+00        1.48567413e-06  24.8794  24.4255
0202-11-01_18:59:10.062000      919.46        4.12426600e+00        1.56463470e-06  24.8794  24.4255
0202-11-01_18:59:10.270000      919.66        4.13378500e+00        1.63913283e-06  24.9197  24.3827
0202-11-01_18:59:10.470000      919.86        4.14408600e+00        1.73371199e-06  24.9197  24.3827
0202-11-01_18:59:10.664000      920.06        4.15379800e+00        1.81180487e-06  24.9197  24.3827
0202-11-01_18:59:10.875000      920.27        4.16363300e+00        1.92194062e-06  24.9197  24.3827
0202-11-01_18:59:11.074000      920.47        4.17392700e+00        2.00895840e-06  24.9197  24.3827
0202-11-01_18:59:11.273000      920.67        4.18396000e+00        2.09771157e-06  24.9420  24.4062
0202-11-01_18:59:11.473000      920.87        4.19326500e+00        2.19762088e-06  24.9420  24.4062
0202-11-01_18:59:11.670000      921.07        4.20336300e+00        2.29641457e-06  24.9420  24.4062
0202-11-01_18:59:11.870000      921.27        4.21365900e+00        2.44832381e-06  24.9420  24.4062
0202-11-01_18:59:12.066000      921.46        4.22328000e+00        2.55839758e-06  24.9420  24.4062
0202-11-01_18:59:12.266000      921.66        4.23298200e+00        2.67243798e-06  24.9440  24.4121
0202-11-01_18:59:12.470000      921.86        4.24292600e+00        2.83054507e-06  24.9440  24.4121
0202-11-01_18:59:12.664000      922.06        4.25320800e+00        2.95493587e-06  24.9440  24.4121
0202-11-01_18:59:12.860000      922.26        4.26227400e+00        3.08453286e-06  24.9440  24.4121
0202-11-01_18:59:13.062000      922.46        4.27308000e+00        3.26303087e-06  24.9440  24.4121
0202-11-01_18:59:13.260000      922.66        4.28317400e+00        3.40359805e-06  24.9440  24.4121
0202-11-01_18:59:13.453000      922.85        4.29241700e+00        3.55315211e-06  24.8835  24.3523
0202-11-01_18:59:13.660000      923.06        4.30297000e+00        3.76115187e-06  24.8835  24.3523
0202-11-01_18:59:13.860000      923.26        4.30384900e+00        3.82579542e-06  24.8835  24.3523
0202-11-01_18:59:14.055000      923.45        4.32164700e+00        3.97094901e-06  24.8835  24.3523
0202-11-01_18:59:14.250000      923.65        4.33280000e+00        4.19295591e-06  24.8835  24.3523
0202-11-01_18:59:14.450000      923.84        4.34258300e+00        4.46882210e-06  24.9424  24.4609
0202-11-01_18:59:14.652000      924.05        4.35172800e+00        4.66547976e-06  24.9424  24.4609
0202-11-01_18:59:14.850000      924.25        4.36242900e+00        4.92851625e-06  24.9424  24.4609
0202-11-01_18:59:15.050000      924.45        4.37222200e+00        5.12796285e-06  24.9424  24.4609
0202-11-01_18:59:15.260000      924.66        4.38230800e+00        5.41095648e-06  24.9424  24.4609
0202-11-01_18:59:15.460000      924.86        4.39260500e+00        5.62025778e-06  24.9494  24.3292
0202-11-01_18:59:15.664000      925.06        4.40216700e+00        5.91843620e-06  24.9494  24.3292
0202-11-01_18:59:15.863000      925.26        4.41169300e+00        6.14329410e-06  24.9494  24.3292
0202-11-01_18:59:16.060000      925.46        4.42192800e+00        6.38885280e-06  24.9494  24.3292
0202-11-01_18:59:16.254000      925.65        4.43186700e+00        6.72366055e-06  24.9494  24.3292
0202-11-01_18:59:16.445000      925.84        4.44141000e+00        6.99432045e-06  24.9741  24.4511
0202-11-01_18:59:16.650000      926.04        4.45182500e+00        7.27018665e-06  24.9741  24.4511
0202-11-01_18:59:16.863000      926.26        4.46206000e+00        7.67180715e-06  24.9741  24.4511
0202-11-01_18:59:17.060000      926.46        4.47175700e+00        7.96539915e-06  24.9741  24.4511
0202-11-01_18:59:17.260000      926.66        4.48203300e+00        8.27200665e-06  24.9204  24.3772
0202-11-01_18:59:17.465000      926.86        4.49117700e+00        8.58859275e-06  24.9204  24.3772
0202-11-01_18:59:17.664000      927.06        4.50120400e+00        9.05529055e-06  24.9204  24.3772
0202-11-01_18:59:17.863000      927.26        4.51161600e+00        9.41823655e-06  24.9204  24.3772
0202-11-01_18:59:18.066000      927.46        4.52100700e+00        9.90991175e-06  24.9204  24.3772
0202-11-01_18:59:18.260000      927.66        4.53115000e+00        1.02821544e-05  24.9204  24.3772
0202-11-01_18:59:18.457000      927.85        4.54127100e+00        1.06753458e-05  24.9108  24.3947
0202-11-01_18:59:18.660000      928.06        4.55091200e+00        1.12141866e-05  24.9108  24.3947
0202-11-01_18:59:18.860000      928.25        4.56082100e+00        1.16374995e-05  24.9108  24.3947
0202-11-01_18:59:19.060000      928.46        4.57135500e+00        1.20684359e-05  24.9108  24.3947
0202-11-01_18:59:19.260000      928.66        4.58104400e+00        1.26566735e-05  24.9108  24.3947
0202-11-01_18:59:19.465000      928.86        4.59061900e+00        1.31097361e-05  24.9292  24.4310
0202-11-01_18:59:19.668000      929.06        4.60057500e+00        1.37286531e-05  24.9292  24.4310
0202-11-01_18:59:19.875000      929.27        4.61047700e+00        1.42128909e-05  24.9292  24.4310
0202-11-01_18:59:20.080000      929.47        4.62082700e+00        1.55881311e-05  24.9292  24.4310
0202-11-01_18:59:20.280000      929.68        4.63070100e+00        1.57291941e-05  24.9374  24.3796
0202-11-01_18:59:20.480000      929.88        4.64029000e+00        1.70580125e-05  24.9374  24.3796
0202-11-01_18:59:20.680000      930.08        4.65030200e+00        1.71586639e-05  24.9374  24.3796
0202-11-01_18:59:20.870000      930.27        4.66037300e+00        1.74323591e-05  24.9374  24.3796
0202-11-01_18:59:21.074000      930.47        4.67022700e+00        1.86261239e-05  24.9374  24.3796
0202-11-01_18:59:21.290000      930.68        4.68025100e+00        1.89146956e-05  24.9374  24.3796
0202-11-01_18:59:21.490000      930.88        4.69004400e+00        2.00811920e-05  24.8855  24.4145