# Ic = 3.75 A, n = 20.79 , Tavg = 25.06 K, f23-pulse-new55
#datetime                        t_s     iHTS_A                vHTS_V                tHTS_K  tTAR_K
0202-11-01_20:17:26.047000      2593.06        4.97261400e-02       -1.33255500e-10  24.9610  24.3934
0202-11-01_20:17:26.258000      2593.27        1.30874500e-02       -3.04623550e-09  24.9610  24.3934
0202-11-01_20:17:26.450000      2593.46        2.31172000e-02       -4.96737550e-09  24.9696  24.4514
0202-11-01_20:17:26.645000      2593.66        3.30386000e-02       -1.14749155e-08  24.9696  24.4514
0202-11-01_20:17:26.848000      2593.86        4.15678800e-02       -1.20944455e-08  24.9696  24.4514
0202-11-01_20:17:27.043000      2594.05        5.29882600e-02       -8.12782550e-09  24.9696  24.4514
0202-11-01_20:17:27.258000      2594.27        6.31916400e-02       -1.07928955e-08  24.9696  24.4514
0202-11-01_20:17:27.453000      2594.46        7.24273700e-02       -1.20324655e-08  24.9629  24.3444
0202-11-01_20:17:27.645000      2594.66        8.30022400e-02       -2.17010955e-08  24.9629  24.3444
0202-11-01_20:17:27.836000      2594.85        9.25808000e-02       -2.30026455e-08  24.9629  24.3444
0202-11-01_20:17:28.040000      2595.05        1.01737900e-01       -3.07499455e-08  24.9629  24.3444
0202-11-01_20:17:28.234000      2595.25        1.12469600e-01       -2.89525755e-08  24.9629  24.3444
0202-11-01_20:17:28.426000      2595.44        1.22459300e-01       -3.63280055e-08  24.9724  24.4706
0202-11-01_20:17:28.633000      2595.64        1.31163700e-01       -3.42207355e-08  24.9724  24.4706
0202-11-01_20:17:28.824000      2595.84        1.42055700e-01       -4.09144055e-08  24.9724  24.4706
0202-11-01_20:17:29.027000      2596.04        1.52054300e-01       -3.81873555e-08  24.9724  24.4706
0202-11-01_20:17:29.223000      2596.24        1.61538700e-01       -4.90955555e-08  24.9724  24.4706
0202-11-01_20:17:29.418000      2596.43        1.72166600e-01       -5.05830355e-08  25.0076  24.3619
0202-11-01_20:17:29.620000      2596.64        1.81828300e-01       -5.52933955e-08  25.0076  24.3619
0202-11-01_20:17:29.816000      2596.83        1.91641300e-01       -5.62850555e-08  25.0076  24.3619
0202-11-01_20:17:30.008000      2597.02        2.02260300e-01       -6.66354455e-08  25.0076  24.3619
0202-11-01_20:17:30.215000      2597.23        2.11853700e-01       -7.02301955e-08  25.0076  24.3619
0202-11-01_20:17:30.410000      2597.42        2.21755800e-01       -7.92790455e-08  24.9851  24.4333
0202-11-01_20:17:30.600000      2597.61        2.31522800e-01       -8.08904855e-08  24.9851  24.4333
0202-11-01_20:17:30.793000      2597.81        2.41801100e-01       -8.00847655e-08  24.9851  24.4333
0202-11-01_20:17:31             2598.01        2.51298000e-01       -8.21920355e-08  24.9851  24.4333
0202-11-01_20:17:31.203000      2598.22        2.60864700e-01       -8.36175355e-08  24.9851  24.4333
0202-11-01_20:17:31.400000      2598.41        2.71458400e-01       -9.27903355e-08  25.0059  24.4145
0202-11-01_20:17:31.594000      2598.61        2.81022100e-01       -9.56413455e-08  25.0059  24.4145
0202-11-01_20:17:31.785000      2598.80        2.90792200e-01       -1.03636566e-07  25.0059  24.4145
0202-11-01_20:17:31.977000      2598.99        3.01292400e-01       -1.00537646e-07  25.0059  24.4145
0202-11-01_20:17:32.234000      2599.25        3.11359200e-01       -1.04876136e-07  25.0059  24.4145
0202-11-01_20:17:32.426000      2599.44        3.21196700e-01       -1.04317516e-07  24.9824  24.3850
0202-11-01_20:17:32.620000      2599.63        3.31027600e-01       -1.10328626e-07  24.9824  24.3850
0202-11-01_20:17:32.820000      2599.83        3.40379100e-01       -1.09460126e-07  24.9824  24.3850
0202-11-01_20:17:33.023000      2600.04        3.50729400e-01       -1.14294176e-07  24.9824  24.3850
0202-11-01_20:17:33.234000      2600.25        3.60889800e-01       -1.13612406e-07  24.9824  24.3850
0202-11-01_20:17:33.434000      2600.45        3.70567800e-01       -1.23528966e-07  24.9505  24.4350
0202-11-01_20:17:33.625000      2600.64        3.80754800e-01       -1.22785226e-07  24.9505  24.4350
0202-11-01_20:17:33.820000      2600.83        3.90661900e-01       -1.26503926e-07  24.9505  24.4350
0202-11-01_20:17:34.023000      2601.04        3.99260900e-01       -1.28053386e-07  24.9505  24.4350
0202-11-01_20:17:34.234000      2601.25        4.10476500e-01       -1.35242896e-07  24.9505  24.4350
0202-11-01_20:17:34.438000      2601.45        4.20547800e-01       -1.38961596e-07  24.9395  24.3989
0202-11-01_20:17:34.633000      2601.64        4.29801300e-01       -1.38651706e-07  24.9395  24.3989
0202-11-01_20:17:34.824000      2601.84        4.40073000e-01       -1.32887706e-07  24.9395  24.3989
0202-11-01_20:17:35.027000      2602.04        4.50147300e-01       -1.29726806e-07  24.9395  24.3989
0202-11-01_20:17:35.246000      2602.26        4.59513600e-01       -1.33445516e-07  24.9395  24.3989
0202-11-01_20:17:35.445000      2602.46        4.69983500e-01       -1.35738716e-07  24.9753  24.3970
0202-11-01_20:17:35.637000      2602.65        4.79391400e-01       -1.35056956e-07  24.9753  24.3970
0202-11-01_20:17:35.840000      2602.85        4.89047100e-01       -1.34561126e-07  24.9753  24.3970
0202-11-01_20:17:36.043000      2603.06        4.99624500e-01       -1.39457426e-07  24.9753  24.3970
0202-11-01_20:17:36.246000      2603.26        5.09835400e-01       -1.41068866e-07  24.9753  24.3970
0202-11-01_20:17:36.450000      2603.46        5.19157200e-01       -1.43857896e-07  24.9533  24.4536
0202-11-01_20:17:36.645000      2603.65        5.29390300e-01       -1.44291746e-07  24.9533  24.4536
0202-11-01_20:17:36.836000      2603.85        5.39403700e-01       -1.47576606e-07  24.9533  24.4536
0202-11-01_20:17:37.040000      2604.05        5.48901300e-01       -1.45903186e-07  24.9533  24.4536
0202-11-01_20:17:37.240000      2604.25        5.58996300e-01       -1.46337036e-07  24.9533  24.4536
0202-11-01_20:17:37.430000      2604.44        5.68916200e-01       -1.43238116e-07  24.9654  24.3474
0202-11-01_20:17:37.637000      2604.65        5.78959300e-01       -1.46770886e-07  24.9654  24.3474
0202-11-01_20:17:37.830000      2604.84        5.89069200e-01       -1.43176136e-07  24.9654  24.3474
0202-11-01_20:17:38.023000      2605.03        5.98806600e-01       -1.40263146e-07  24.9654  24.3474
0202-11-01_20:17:38.227000      2605.24        6.08665700e-01       -1.34623106e-07  24.9654  24.3474
0202-11-01_20:17:38.420000      2605.43        6.18150800e-01       -1.37350966e-07  24.9829  24.4720
0202-11-01_20:17:38.613000      2605.63        6.28749100e-01       -1.38157486e-07  24.9829  24.4720
0202-11-01_20:17:38.816000      2605.83        6.38832300e-01       -1.47207406e-07  24.9829  24.4720
0202-11-01_20:17:39.010000      2606.02        6.48222400e-01       -1.43178816e-07  24.9829  24.4720
0202-11-01_20:17:39.240000      2606.25        6.58835400e-01       -1.50740176e-07  24.9829  24.4720
0202-11-01_20:17:39.434000      2606.44        6.68353100e-01       -1.46649606e-07  24.9619  24.3571
0202-11-01_20:17:39.637000      2606.65        6.78060800e-01       -1.46711586e-07  24.9619  24.3571
0202-11-01_20:17:39.836000      2606.85        6.88069800e-01       -1.46215756e-07  24.9619  24.3571
0202-11-01_20:17:40.030000      2607.04        6.98320700e-01       -1.45533996e-07  24.9619  24.3571
0202-11-01_20:17:40.240000      2607.25        7.07332200e-01       -1.57495826e-07  24.9619  24.3571
0202-11-01_20:17:40.434000      2607.44        7.17838400e-01       -1.57371866e-07  24.9259  24.4303
0202-11-01_20:17:40.625000      2607.64        7.28111500e-01       -1.53653166e-07  24.9259  24.4303
0202-11-01_20:17:40.836000      2607.85        7.36989600e-01       -1.46897516e-07  24.9259  24.4303
0202-11-01_20:17:41.027000      2608.04        7.47587800e-01       -1.52537556e-07  24.9259  24.4303
0202-11-01_20:17:41.240000      2608.25        7.57926200e-01       -1.59851006e-07  24.9259  24.4303
0202-11-01_20:17:41.438000      2608.45        7.67337100e-01       -1.58177586e-07  24.9354  24.4074
0202-11-01_20:17:41.640000      2608.65        7.77786900e-01       -1.57743736e-07  24.9354  24.4074
0202-11-01_20:17:41.832000      2608.85        7.87356900e-01       -1.56318236e-07  24.9354  24.4074
0202-11-01_20:17:42.027000      2609.04        7.96404100e-01       -1.58177586e-07  24.9354  24.4074
0202-11-01_20:17:42.240000      2609.25        8.07618200e-01       -1.54087016e-07  24.9354  24.4074
0202-11-01_20:17:42.434000      2609.45        8.17036500e-01       -1.55264606e-07  24.9007  24.3839
0202-11-01_20:17:42.637000      2609.65        8.26583900e-01       -1.59169246e-07  24.9007  24.3839
0202-11-01_20:17:42.840000      2609.85        8.36866000e-01       -1.60036946e-07  24.9007  24.3839
0202-11-01_20:17:43.030000      2610.04        8.46627100e-01       -1.60842666e-07  24.9007  24.3839
0202-11-01_20:17:43.240000      2610.25        8.56576700e-01       -1.61648386e-07  24.9007  24.3839
0202-11-01_20:17:43.434000      2610.45        8.66439200e-01       -1.63755646e-07  24.8953  24.4271
0202-11-01_20:17:43.625000      2610.64        8.76805800e-01       -1.62640036e-07  24.8953  24.4271
0202-11-01_20:17:43.832000      2610.85        8.86566900e-01       -1.66234786e-07  24.8953  24.4271
0202-11-01_20:17:44.030000      2611.04        8.96372600e-01       -1.62516076e-07  24.8953  24.4271
0202-11-01_20:17:44.223000      2611.24        9.06801600e-01       -1.66978526e-07  24.8953  24.4271
0202-11-01_20:17:44.426000      2611.44        9.16156000e-01       -1.70140466e-07  24.9477  24.3962
0202-11-01_20:17:44.630000      2611.64        9.26133900e-01       -1.68406466e-07  24.9477  24.3962
0202-11-01_20:17:44.820000      2611.83        9.36451500e-01       -1.67167946e-07  24.9477  24.3962
0202-11-01_20:17:45.023000      2612.04        9.46430000e-01       -1.67601796e-07  24.9477  24.3962
0202-11-01_20:17:45.230000      2612.24        9.55916600e-01       -1.68593446e-07  24.9477  24.3962
0202-11-01_20:17:45.420000      2612.43        9.65665800e-01       -1.71630386e-07  24.9159  24.3958
0202-11-01_20:17:45.620000      2612.63        9.76127500e-01       -1.74729306e-07  24.9159  24.3958
0202-11-01_20:17:45.824000      2612.84        9.85219200e-01       -1.76836566e-07  24.9159  24.3958
0202-11-01_20:17:46.016000      2613.03        9.95495400e-01       -1.82724516e-07  24.9159  24.3958
0202-11-01_20:17:46.230000      2613.24        1.00606800e+00       -1.88736416e-07  24.9159  24.3958
0202-11-01_20:17:46.420000      2613.43        1.01531100e+00       -1.91649396e-07  24.9500  24.4428
0202-11-01_20:17:46.613000      2613.63        1.02540900e+00       -1.89480156e-07  24.9500  24.4428
0202-11-01_20:17:46.816000      2613.83        1.03557300e+00       -1.90285876e-07  24.9500  24.4428
0202-11-01_20:17:47.008000      2614.02        1.04543300e+00       -1.90595766e-07  24.9500  24.4428
0202-11-01_20:17:47.220000      2614.23        1.05450900e+00       -1.99582626e-07  24.9500  24.4428
0202-11-01_20:17:47.418000      2614.43        1.06527200e+00       -2.05160676e-07  25.0085  24.3398
0202-11-01_20:17:47.610000      2614.62        1.07555700e+00       -2.12598086e-07  25.0085  24.3398
0202-11-01_20:17:47.812000      2614.83        1.08433900e+00       -2.05284636e-07  25.0085  24.3398
0202-11-01_20:17:48.008000      2615.02        1.09542400e+00       -2.04974746e-07  25.0085  24.3398
0202-11-01_20:17:48.230000      2615.24        1.10542000e+00       -2.05222656e-07  25.0085  24.3398
0202-11-01_20:17:48.430000      2615.44        1.11448600e+00       -2.06958046e-07  25.0065  24.4696
0202-11-01_20:17:48.637000      2615.65        1.12485900e+00       -2.07701786e-07  25.0065  24.4696
0202-11-01_20:17:48.830000      2615.84        1.13460800e+00       -2.08693446e-07  25.0065  24.4696
0202-11-01_20:17:49.023000      2616.03        1.14445200e+00       -2.06214306e-07  25.0065  24.4696
0202-11-01_20:17:49.234000      2616.25        1.15511900e+00       -1.99334716e-07  25.0065  24.4696
0202-11-01_20:17:49.426000      2616.44        1.16448200e+00       -1.98033166e-07  24.9862  24.3463
0202-11-01_20:17:49.620000      2616.63        1.17420200e+00       -1.98405036e-07  24.9862  24.3463
0202-11-01_20:17:49.830000      2616.84        1.18454200e+00       -2.01751866e-07  24.9862  24.3463
0202-11-01_20:17:50.023000      2617.04        1.19435400e+00       -2.05594526e-07  24.9862  24.3463
0202-11-01_20:17:50.220000      2617.23        1.20388500e+00       -2.13341826e-07  24.9862  24.3463
0202-11-01_20:17:50.430000      2617.44        1.21443000e+00       -2.19478246e-07  24.9032  24.4232
0202-11-01_20:17:50.620000      2617.63        1.22410300e+00       -2.21276046e-07  24.9032  24.4232
0202-11-01_20:17:50.812000      2617.83        1.23383200e+00       -2.16937986e-07  24.9032  24.4232
0202-11-01_20:17:51.020000      2618.03        1.24437200e+00       -2.17185896e-07  24.9032  24.4232
0202-11-01_20:17:51.223000      2618.24        1.25422200e+00       -2.14334896e-07  24.9032  24.4232
0202-11-01_20:17:51.438000      2618.45        1.26407900e+00       -2.15450506e-07  24.9204  24.4018
0202-11-01_20:17:51.633000      2618.64        1.27385200e+00       -2.10492236e-07  24.9204  24.4018
0202-11-01_20:17:51.824000      2618.84        1.28380500e+00       -2.12041696e-07  24.9204  24.4018
0202-11-01_20:17:52.016000      2619.03        1.29295200e+00       -2.09624536e-07  24.9204  24.4018
0202-11-01_20:17:52.234000      2619.25        1.30433600e+00       -2.13963026e-07  24.9204  24.4018
0202-11-01_20:17:52.438000      2619.45        1.31332100e+00       -2.12165646e-07  24.8931  24.3705
0202-11-01_20:17:52.640000      2619.65        1.32313900e+00       -2.13467196e-07  24.8931  24.3705
0202-11-01_20:17:52.844000      2619.86        1.33397900e+00       -2.16008306e-07  24.8931  24.3705
0202-11-01_20:17:53.040000      2620.05        1.34332000e+00       -2.16380176e-07  24.8931  24.3705
0202-11-01_20:17:53.234000      2620.25        1.35321600e+00       -2.17371826e-07  24.8931  24.3705
0202-11-01_20:17:53.438000      2620.45        1.36319700e+00       -2.17371826e-07  24.9226  24.4167
0202-11-01_20:17:53.633000      2620.64        1.37302800e+00       -2.18115566e-07  24.9226  24.4167
0202-11-01_20:17:53.824000      2620.84        1.38258100e+00       -2.19417116e-07  24.9226  24.4167
0202-11-01_20:17:54.030000      2621.04        1.39246100e+00       -2.14768736e-07  24.9226  24.4167
0202-11-01_20:17:54.230000      2621.24        1.40329400e+00       -2.14086976e-07  24.9226  24.4167
0202-11-01_20:17:54.426000      2621.44        1.41288700e+00       -2.14520826e-07  24.9684  24.3833
0202-11-01_20:17:54.620000      2621.63        1.42273700e+00       -2.22020206e-07  24.9684  24.3833
0202-11-01_20:17:54.816000      2621.83        1.43265100e+00       -2.24809226e-07  24.9684  24.3833
0202-11-01_20:17:55.008000      2622.02        1.44283000e+00       -2.22082186e-07  24.9684  24.3833
0202-11-01_20:17:55.240000      2622.25        1.45289400e+00       -2.17061936e-07  24.9684  24.3833
0202-11-01_20:17:55.445000      2622.46        1.46288600e+00       -2.15884346e-07  24.9326  24.3811
0202-11-01_20:17:55.645000      2622.66        1.47297000e+00       -2.13157306e-07  24.9326  24.3811
0202-11-01_20:17:55.848000      2622.86        1.48194900e+00       -2.14210936e-07  24.9326  24.3811
0202-11-01_20:17:56.050000      2623.06        1.49252700e+00       -2.18611396e-07  24.9326  24.3811
0202-11-01_20:17:56.246000      2623.26        1.50248800e+00       -2.18921526e-07  24.9326  24.3811
0202-11-01_20:17:56.453000      2623.47        1.51150900e+00       -2.24686206e-07  24.9901  24.4332
0202-11-01_20:17:56.650000      2623.66        1.52203900e+00       -2.24315276e-07  24.9901  24.4332
0202-11-01_20:17:56.840000      2623.85        1.53172600e+00       -2.29831816e-07  24.9901  24.4332
0202-11-01_20:17:57.050000      2624.06        1.54138000e+00       -2.24439706e-07  24.9901  24.4332
0202-11-01_20:17:57.258000      2624.27        1.55225100e+00       -2.22642336e-07  24.9901  24.4332
0202-11-01_20:17:57.450000      2624.46        1.56211200e+00       -2.20411116e-07  24.9795  24.3373
0202-11-01_20:17:57.652000      2624.67        1.57082200e+00       -2.15266916e-07  24.9795  24.3373
0202-11-01_20:17:57.848000      2624.86        1.58149600e+00       -2.19481446e-07  24.9795  24.3373
0202-11-01_20:17:58.040000      2625.05        1.59194500e+00       -2.13965376e-07  24.9795  24.3373
0202-11-01_20:17:58.250000      2625.26        1.60153400e+00       -2.18675726e-07  24.9795  24.3373
0202-11-01_20:17:58.445000      2625.46        1.61168400e+00       -2.15266916e-07  24.9925  24.4621
0202-11-01_20:17:58.637000      2625.65        1.62159900e+00       -2.22828266e-07  24.9925  24.4621
0202-11-01_20:17:58.844000      2625.86        1.63118800e+00       -2.25059486e-07  24.9925  24.4621
0202-11-01_20:17:59.035000      2626.05        1.64099200e+00       -2.22642336e-07  24.9925  24.4621
0202-11-01_20:17:59.250000      2626.26        1.65151600e+00       -2.18179896e-07  24.9925  24.4621
0202-11-01_20:17:59.453000      2626.47        1.66061900e+00       -2.13717456e-07  24.9798  24.3445
0202-11-01_20:17:59.656000      2626.67        1.67122300e+00       -2.17126266e-07  24.9798  24.3445
0202-11-01_20:17:59.848000      2626.86        1.68146200e+00       -2.14151306e-07  24.9798  24.3445
0202-11-01_20:18:00.050000      2627.06        1.68988300e+00       -2.11734156e-07  24.9798  24.3445
0202-11-01_20:18:00.254000      2627.27        1.70090100e+00       -2.10742506e-07  24.9846  24.4319
0202-11-01_20:18:00.453000      2627.47        1.71129500e+00       -2.12849766e-07  24.9846  24.4319
0202-11-01_20:18:00.660000      2627.67        1.72030400e+00       -2.09688866e-07  24.9846  24.4319
0202-11-01_20:18:00.850000      2627.86        1.73099200e+00       -2.09378976e-07  24.9846  24.4319
0202-11-01_20:18:01.043000      2628.06        1.74118700e+00       -2.03614996e-07  24.9846  24.4319
0202-11-01_20:18:01.254000      2628.27        1.74994200e+00       -2.15638786e-07  24.9846  24.4319
0202-11-01_20:18:01.450000      2628.46        1.76063400e+00       -2.10060736e-07  24.9919  24.4025
0202-11-01_20:18:01.640000      2628.65        1.77082800e+00       -2.20101226e-07  24.9919  24.4025
0202-11-01_20:18:01.844000      2628.86        1.77963700e+00       -2.13655486e-07  24.9919  24.4025
0202-11-01_20:18:02.043000      2629.06        1.79053800e+00       -2.12725806e-07  24.9919  24.4025
0202-11-01_20:18:02.254000      2629.26        1.80051400e+00       -2.11052286e-07  24.9919  24.4025
0202-11-01_20:18:02.457000      2629.47        1.80988800e+00       -2.12477376e-07  24.9433  24.3772
0202-11-01_20:18:02.652000      2629.66        1.82058300e+00       -2.16009826e-07  24.9433  24.3772
0202-11-01_20:18:02.844000      2629.86        1.82997900e+00       -2.13468506e-07  24.9433  24.3772
0202-11-01_20:18:03.047000      2630.06        1.83980300e+00       -2.13468506e-07  24.9433  24.3772
0202-11-01_20:18:03.254000      2630.27        1.84951300e+00       -2.10617496e-07  24.9433  24.3772
0202-11-01_20:18:03.445000      2630.46        1.85986200e+00       -2.16567416e-07  24.9347  24.4337
0202-11-01_20:18:03.650000      2630.66        1.86928200e+00       -2.16567416e-07  24.9347  24.4337
0202-11-01_20:18:03.844000      2630.86        1.87915100e+00       -2.20534026e-07  24.9347  24.4337
0202-11-01_20:18:04.035000      2631.05        1.88954000e+00       -2.13034656e-07  24.9347  24.4337
0202-11-01_20:18:04.250000      2631.26        1.89975000e+00       -2.21525686e-07  24.9347  24.4337
0202-11-01_20:18:04.445000      2631.46        1.90943100e+00       -2.24252726e-07  24.9550  24.3882
0202-11-01_20:18:04.650000      2631.66        1.91933300e+00       -2.24190746e-07  24.9550  24.3882
0202-11-01_20:18:04.844000      2631.85        1.92914400e+00       -2.23818876e-07  24.9550  24.3882
0202-11-01_20:18:05.047000      2632.06        1.93853300e+00       -2.18426766e-07  24.9550  24.3882
0202-11-01_20:18:05.254000      2632.26        1.94918000e+00       -2.17930936e-07  24.9550  24.3882
0202-11-01_20:18:05.465000      2632.48        1.95937800e+00       -2.14150266e-07  24.9737  24.3943
0202-11-01_20:18:05.656000      2632.67        1.96903400e+00       -2.14646086e-07  24.9737  24.3943
0202-11-01_20:18:05.850000      2632.86        1.97870000e+00       -2.22827226e-07  24.9737  24.3943
0202-11-01_20:18:06.055000      2633.07        1.98940500e+00       -2.22393376e-07  24.9737  24.3943
0202-11-01_20:18:06.254000      2633.27        1.99885400e+00       -2.23323056e-07  24.9737  24.3943
0202-11-01_20:18:06.450000      2633.46        2.00860100e+00       -2.19170506e-07  24.9193  24.4361
0202-11-01_20:18:06.650000      2633.66        2.01874900e+00       -2.17806986e-07  24.9193  24.4361
0202-11-01_20:18:06.850000      2633.86        2.02855500e+00       -2.21215796e-07  24.9193  24.4361
0202-11-01_20:18:07.043000      2634.06        2.03824300e+00       -2.22207446e-07  24.9193  24.4361
0202-11-01_20:18:07.254000      2634.27        2.04863400e+00       -2.19728316e-07  24.9193  24.4361
0202-11-01_20:18:07.445000      2634.46        2.05807000e+00       -2.12043006e-07  24.9340  24.3381
0202-11-01_20:18:07.640000      2634.65        2.06794200e+00       -2.11919046e-07  24.9340  24.3381
0202-11-01_20:18:07.844000      2634.86        2.07842900e+00       -2.12290916e-07  24.9340  24.3381
0202-11-01_20:18:08.040000      2635.05        2.08824200e+00       -2.16071596e-07  24.9340  24.3381
0202-11-01_20:18:08.234000      2635.25        2.09703100e+00       -2.09687866e-07  24.9340  24.3381
0202-11-01_20:18:08.438000      2635.45        2.10810400e+00       -2.13220796e-07  24.8622  24.4658
0202-11-01_20:18:08.630000      2635.64        2.11826500e+00       -2.13592786e-07  24.8622  24.4658
0202-11-01_20:18:08.824000      2635.84        2.12728100e+00       -2.20534436e-07  24.8622  24.4658
0202-11-01_20:18:09.027000      2636.04        2.13780700e+00       -2.12725166e-07  24.8622  24.4658
0202-11-01_20:18:09.223000      2636.24        2.14782000e+00       -2.10308016e-07  24.8622  24.4658
0202-11-01_20:18:09.418000      2636.43        2.15715200e+00       -2.05101836e-07  24.9091  24.3550
0202-11-01_20:18:09.620000      2636.63        2.16784400e+00       -2.10989776e-07  24.9091  24.3550
0202-11-01_20:18:09.812000      2636.83        2.17795000e+00       -2.16505846e-07  24.9091  24.3550
0202-11-01_20:18:10.008000      2637.02        2.18677600e+00       -2.18861026e-07  24.9091  24.3550
0202-11-01_20:18:10.240000      2637.25        2.19714500e+00       -2.13344956e-07  24.9091  24.3550
0202-11-01_20:18:10.440000      2637.46        2.20715900e+00       -2.14398586e-07  24.9786  24.4362
0202-11-01_20:18:10.645000      2637.66        2.21684600e+00       -2.14336606e-07  24.9786  24.4362
0202-11-01_20:18:10.840000      2637.85        2.22703500e+00       -2.21154216e-07  24.9786  24.4362
0202-11-01_20:18:11.040000      2638.05        2.23686600e+00       -2.11547586e-07  24.9786  24.4362
0202-11-01_20:18:11.234000      2638.25        2.24656200e+00       -2.04791946e-07  24.9786  24.4362
0202-11-01_20:18:11.438000      2638.45        2.25692100e+00       -2.05225796e-07  24.9430  24.3957
0202-11-01_20:18:11.633000      2638.64        2.26677000e+00       -2.09874166e-07  24.9430  24.3957
0202-11-01_20:18:11.824000      2638.84        2.27629300e+00       -2.17497496e-07  24.9430  24.3957
0202-11-01_20:18:12.027000      2639.04        2.28681100e+00       -2.16939696e-07  24.9430  24.3957
0202-11-01_20:18:12.242000      2639.26        2.29663600e+00       -2.23633356e-07  24.9430  24.3957
0202-11-01_20:18:12.438000      2639.45        2.30067600e+00       -2.22765656e-07  24.9695  24.3711
0202-11-01_20:18:12.630000      2639.64        2.31648600e+00       -2.18799046e-07  24.9695  24.3711
0202-11-01_20:18:12.820000      2639.83        2.32625500e+00       -2.15390236e-07  24.9695  24.3711
0202-11-01_20:18:13.016000      2640.03        2.33616800e+00       -2.17187606e-07  24.9695  24.3711
0202-11-01_20:18:13.234000      2640.25        2.34716500e+00       -2.17125626e-07  24.9695  24.3711
0202-11-01_20:18:13.430000      2640.44        2.35616200e+00       -2.19046956e-07  24.9143  24.4139
0202-11-01_20:18:13.620000      2640.63        2.36604200e+00       -2.15576176e-07  24.9143  24.4139
0202-11-01_20:18:13.830000      2640.84        2.37641300e+00       -2.12973086e-07  24.9143  24.4139
0202-11-01_20:18:14.020000      2641.03        2.38623400e+00       -2.16939696e-07  24.9143  24.4139
0202-11-01_20:18:14.220000      2641.23        2.39558400e+00       -2.16195756e-07  24.9143  24.4139
0202-11-01_20:18:14.426000      2641.44        2.40591500e+00       -2.15327276e-07  24.9632  24.3850
0202-11-01_20:18:14.617000      2641.63        2.41595400e+00       -2.10988206e-07  24.9632  24.3850
0202-11-01_20:18:14.810000      2641.82        2.42517900e+00       -2.10553966e-07  24.9632  24.3850
0202-11-01_20:18:15.010000      2642.03        2.43571800e+00       -2.16193996e-07  24.9632  24.3850
0202-11-01_20:18:15.260000      2642.27        2.44645400e+00       -2.16813776e-07  24.9632  24.3850
0202-11-01_20:18:15.457000      2642.47        2.45600600e+00       -2.14210686e-07  24.9848  24.3882
0202-11-01_20:18:15.660000      2642.67        2.46569700e+00       -2.18983016e-07  24.9848  24.3882
0202-11-01_20:18:15.850000      2642.86        2.47510900e+00       -2.17557516e-07  24.9848  24.3882
0202-11-01_20:18:16.043000      2643.06        2.48548400e+00       -2.17991366e-07  24.9848  24.3882
0202-11-01_20:18:16.240000      2643.25        2.49537200e+00       -2.08942526e-07  24.9759  24.4327
0202-11-01_20:18:16.434000      2643.45        2.50498200e+00       -2.12227376e-07  24.9759  24.4327
0202-11-01_20:18:16.625000      2643.64        2.51509900e+00       -2.09748246e-07  24.9759  24.4327
0202-11-01_20:18:16.820000      2643.83        2.52500000e+00       -2.13962776e-07  24.9759  24.4327
0202-11-01_20:18:17.020000      2644.03        2.53492100e+00       -2.14148706e-07  24.9759  24.4327
0202-11-01_20:18:17.242000      2644.26        2.54498200e+00       -2.17805426e-07  24.9759  24.4327
0202-11-01_20:18:17.440000      2644.45        2.55508200e+00       -2.14024746e-07  24.9815  24.3365
0202-11-01_20:18:17.633000      2644.64        2.56478200e+00       -2.10801876e-07  24.9815  24.3365
0202-11-01_20:18:17.836000      2644.85        2.57405600e+00       -2.09934176e-07  24.9815  24.3365
0202-11-01_20:18:18.027000      2645.04        2.58447100e+00       -2.05409756e-07  24.9815  24.3365
0202-11-01_20:18:18.227000      2645.24        2.59477800e+00       -2.11421656e-07  24.9815  24.3365
0202-11-01_20:18:18.426000      2645.44        2.60397600e+00       -2.08260766e-07  24.9759  24.4726
0202-11-01_20:18:18.620000      2645.63        2.61413000e+00       -2.07331086e-07  24.9759  24.4726
0202-11-01_20:18:18.812000      2645.83        2.62450300e+00       -2.01381166e-07  24.9759  24.4726
0202-11-01_20:18:19.004000      2646.02        2.63323400e+00       -1.94687506e-07  24.9759  24.4726
0202-11-01_20:18:19.242000      2646.25        2.64436200e+00       -1.98406206e-07  24.9759  24.4726
0202-11-01_20:18:19.450000      2646.46        2.65401800e+00       -1.98592146e-07  24.9399  24.3514
0202-11-01_20:18:19.645000      2646.66        2.66426700e+00       -2.08384726e-07  24.9399  24.3514
0202-11-01_20:18:19.836000      2646.85        2.67394100e+00       -2.07888896e-07  24.9399  24.3514
0202-11-01_20:18:20.043000      2647.06        2.68367700e+00       -2.04851956e-07  24.9399  24.3514
0202-11-01_20:18:20.242000      2647.25        2.69382300e+00       -2.00761636e-07  24.9399  24.3514
0202-11-01_20:18:20.438000      2647.45        2.70358400e+00       -2.02311456e-07  24.9596  24.4363
0202-11-01_20:18:20.640000      2647.65        2.71395600e+00       -2.00390626e-07  24.9596  24.4363
0202-11-01_20:18:20.832000      2647.85        2.72303800e+00       -2.02993836e-07  24.9596  24.4363
0202-11-01_20:18:21.027000      2648.04        2.73324700e+00       -2.02683946e-07  24.9596  24.4363
0202-11-01_20:18:21.234000      2648.25        2.74334400e+00       -1.99461076e-07  24.9596  24.4363
0202-11-01_20:18:21.430000      2648.44        2.75313500e+00       -1.96362156e-07  24.9186  24.3976
0202-11-01_20:18:21.620000      2648.63        2.76316200e+00       -1.96486116e-07  24.9186  24.3976
0202-11-01_20:18:21.832000      2648.84        2.77301000e+00       -2.03861536e-07  24.9186  24.3976
0202-11-01_20:18:22.027000      2649.04        2.78252500e+00       -2.04357356e-07  24.9186  24.3976
0202-11-01_20:18:22.266000      2649.28        2.79344800e+00       -2.00080856e-07  24.9186  24.3976
0202-11-01_20:18:22.473000      2649.48        2.80230700e+00       -1.97291836e-07  24.8656  24.3803
0202-11-01_20:18:22.670000      2649.69        2.81298700e+00       -1.91341916e-07  24.8656  24.3803
0202-11-01_20:18:22.867000      2649.88        2.82295800e+00       -1.96548096e-07  24.8656  24.3803
0202-11-01_20:18:23.062000      2650.08        2.83133800e+00       -1.97229856e-07  24.8656  24.3803
0202-11-01_20:18:23.266000      2650.28        2.84291600e+00       -1.96424136e-07  24.8656  24.3803
0202-11-01_20:18:23.457000      2650.47        2.85256200e+00       -1.97105896e-07  24.8927  24.4306
0202-11-01_20:18:23.652000      2650.67        2.86142300e+00       -1.90660156e-07  24.8927  24.4306
0202-11-01_20:18:23.848000      2650.86        2.87214500e+00       -1.91713786e-07  24.8927  24.4306
0202-11-01_20:18:24.040000      2651.05        2.88209600e+00       -1.93759066e-07  24.8927  24.4306
0202-11-01_20:18:24.258000      2651.27        2.89167100e+00       -1.99832946e-07  24.8927  24.4306
0202-11-01_20:18:24.450000      2651.46        2.90240400e+00       -1.96300176e-07  24.9853  24.3853
0202-11-01_20:18:24.640000      2651.65        2.91209500e+00       -1.95742376e-07  24.9853  24.3853
0202-11-01_20:18:24.848000      2651.86        2.92179500e+00       -1.91775766e-07  24.9853  24.3853
0202-11-01_20:18:25.040000      2652.05        2.93169600e+00       -1.92705436e-07  24.9853  24.3853
0202-11-01_20:18:25.258000      2652.27        2.94192900e+00       -1.88614866e-07  24.9853  24.3853
0202-11-01_20:18:25.450000      2652.46        2.95081600e+00       -1.91403896e-07  24.9657  24.3896
0202-11-01_20:18:25.640000      2652.65        2.96192800e+00       -1.95494456e-07  24.9657  24.3896
0202-11-01_20:18:25.836000      2652.85        2.97191300e+00       -1.96052266e-07  24.9657  24.3896
0202-11-01_20:18:26.040000      2653.05        2.98135800e+00       -1.94502806e-07  24.9657  24.3896
0202-11-01_20:18:26.240000      2653.25        2.99145000e+00       -1.91961886e-07  24.9657  24.3896
0202-11-01_20:18:26.438000      2653.45        3.00163400e+00       -1.93635596e-07  24.8998  24.4298
0202-11-01_20:18:26.633000      2653.65        3.01112500e+00       -1.94441696e-07  24.8998  24.4298
0202-11-01_20:18:26.830000      2653.84        3.02116200e+00       -1.96796966e-07  24.8998  24.4298
0202-11-01_20:18:27.020000      2654.03        3.03146300e+00       -1.94627726e-07  24.8998  24.4298
0202-11-01_20:18:27.234000      2654.25        3.04157600e+00       -1.94131896e-07  24.8998  24.4298
0202-11-01_20:18:27.430000      2654.44        3.05100200e+00       -1.90785066e-07  24.9610  24.3334
0202-11-01_20:18:27.620000      2654.63        3.06116400e+00       -1.97788616e-07  24.9610  24.3334
0202-11-01_20:18:27.830000      2654.84        3.07127400e+00       -1.99276096e-07  24.9610  24.3334
0202-11-01_20:18:28.020000      2655.03        3.08077200e+00       -2.03862496e-07  24.9610  24.3334
0202-11-01_20:18:28.240000      2655.25        3.09112100e+00       -1.95433446e-07  24.9610  24.3334
0202-11-01_20:18:28.430000      2655.44        3.10060500e+00       -1.94131896e-07  24.9835  24.4607
0202-11-01_20:18:28.620000      2655.64        3.11029200e+00       -1.89483526e-07  24.9835  24.4607
0202-11-01_20:18:28.816000      2655.83        3.12072400e+00       -1.92644416e-07  24.9835  24.4607
0202-11-01_20:18:29.008000      2656.02        3.13052900e+00       -1.87190326e-07  24.9835  24.4607
0202-11-01_20:18:29.242000      2656.26        3.14034000e+00       -1.88120006e-07  24.9835  24.4607
0202-11-01_20:18:29.438000      2656.45        3.15061800e+00       -1.89669456e-07  25.0050  24.3426
0202-11-01_20:18:29.640000      2656.65        3.16039100e+00       -1.98842246e-07  25.0050  24.3426
0202-11-01_20:18:29.836000      2656.85        3.16983300e+00       -1.96982896e-07  25.0050  24.3426
0202-11-01_20:18:30.027000      2657.04        3.18058000e+00       -2.05969756e-07  25.0050  24.3426
0202-11-01_20:18:30.242000      2657.25        3.19037800e+00       -2.11795716e-07  25.0050  24.3426
0202-11-01_20:18:30.434000      2657.45        3.19943600e+00       -2.19047176e-07  24.9828  24.4300
0202-11-01_20:18:30.625000      2657.64        3.21006600e+00       -2.12477476e-07  24.9828  24.4300
0202-11-01_20:18:30.830000      2657.84        3.22024200e+00       -2.17311786e-07  24.9828  24.4300
0202-11-01_20:18:31.030000      2658.04        3.22981800e+00       -2.19543006e-07  24.9828  24.4300
0202-11-01_20:18:31.242000      2658.25        3.24046200e+00       -2.17125846e-07  24.9828  24.4300
0202-11-01_20:18:31.434000      2658.45        3.24990600e+00       -2.09192626e-07  24.9493  24.4002
0202-11-01_20:18:31.630000      2658.64        3.25931500e+00       -2.07147346e-07  24.9493  24.4002
0202-11-01_20:18:31.820000      2658.83        3.27003200e+00       -2.12167586e-07  24.9493  24.4002
0202-11-01_20:18:32.027000      2659.04        3.27959000e+00       -2.16877936e-07  24.9493  24.4002
0202-11-01_20:18:32.227000      2659.24        3.28938000e+00       -2.15761736e-07  24.9493  24.4002
0202-11-01_20:18:32.420000      2659.43        3.29961900e+00       -2.03675066e-07  24.9864  24.3809
0202-11-01_20:18:32.625000      2659.64        3.30953600e+00       -2.04789486e-07  24.9864  24.3809
0202-11-01_20:18:32.820000      2659.83        3.31890500e+00       -2.06834476e-07  24.9864  24.3809
0202-11-01_20:18:33.010000      2660.02        3.32945600e+00       -2.14891656e-07  24.9864  24.3809
0202-11-01_20:18:33.234000      2660.25        3.33965400e+00       -2.13342196e-07  24.9864  24.3809
0202-11-01_20:18:33.430000      2660.44        3.34941500e+00       -2.10739106e-07  24.9938  24.4293
0202-11-01_20:18:33.637000      2660.65        3.35961100e+00       -2.11978676e-07  24.9938  24.4293
0202-11-01_20:18:33.830000      2660.84        3.36853400e+00       -2.10553176e-07  24.9938  24.4293
0202-11-01_20:18:34.030000      2661.04        3.37917100e+00       -2.04541276e-07  24.9938  24.4293
0202-11-01_20:18:34.234000      2661.25        3.38919600e+00       -2.09995366e-07  24.9938  24.4293
0202-11-01_20:18:34.438000      2661.45        3.39851400e+00       -2.08259976e-07  24.8763  24.3878
0202-11-01_20:18:34.640000      2661.65        3.40905400e+00       -2.12536486e-07  24.8763  24.3878
0202-11-01_20:18:34.832000      2661.85        3.41879900e+00       -2.09809436e-07  24.8763  24.3878
0202-11-01_20:18:35.027000      2662.04        3.42796600e+00       -2.10677136e-07  24.8763  24.3878
0202-11-01_20:18:35.234000      2662.25        3.43901300e+00       -2.07764146e-07  24.8763  24.3878
0202-11-01_20:18:35.426000      2662.44        3.44870700e+00       -2.07020406e-07  24.8977  24.3903
0202-11-01_20:18:35.617000      2662.63        3.45879900e+00       -1.95678366e-07  24.8977  24.3903
0202-11-01_20:18:35.812000      2662.82        3.46826700e+00       -1.93261216e-07  24.8977  24.3903
0202-11-01_20:18:36.004000      2663.02        3.47862600e+00       -1.90658126e-07  24.8977  24.3903
0202-11-01_20:18:36.230000      2663.24        3.48867900e+00       -1.88860756e-07  24.8977  24.3903
0202-11-01_20:18:36.434000      2663.45        3.49789100e+00       -1.89356576e-07  25.0076  24.4395
0202-11-01_20:18:36.637000      2663.65        3.50858300e+00       -1.82600936e-07  25.0076  24.4395
0202-11-01_20:18:36.840000      2663.85        3.51805200e+00       -1.88364926e-07  25.0076  24.4395
0202-11-01_20:18:37.043000      2664.06        3.52804700e+00       -1.89356576e-07  25.0076  24.4395
0202-11-01_20:18:37.240000      2664.25        3.53811700e+00       -1.84398306e-07  25.0076  24.4395
0202-11-01_20:18:37.440000      2664.45        3.54762400e+00       -1.81051476e-07  24.9646  24.3337
0202-11-01_20:18:37.637000      2664.65        3.55799500e+00       -1.77828606e-07  24.9646  24.3337
0202-11-01_20:18:37.830000      2664.84        3.56791400e+00       -1.74667706e-07  24.9646  24.3337
0202-11-01_20:18:38.035000      2665.05        3.57761800e+00       -1.70577136e-07  24.9646  24.3337
0202-11-01_20:18:38.234000      2665.25        3.58761000e+00       -1.64007746e-07  24.9646  24.3337
0202-11-01_20:18:38.426000      2665.44        3.59768800e+00       -1.66921056e-07  24.9116  24.4567
0202-11-01_20:18:38.625000      2665.64        3.60723500e+00       -1.48513906e-07  24.9116  24.4567
0202-11-01_20:18:38.816000      2665.83        3.61714500e+00       -1.51550846e-07  24.9116  24.4567
0202-11-01_20:18:39.010000      2666.02        3.62758900e+00       -1.39527046e-07  24.9116  24.4567
0202-11-01_20:18:39.234000      2666.25        3.63767300e+00       -1.47398296e-07  24.9116  24.4567
0202-11-01_20:18:39.438000      2666.45        3.64745700e+00       -1.36738026e-07  25.0046  24.3470
0202-11-01_20:18:39.640000      2666.65        3.65750400e+00       -1.29176666e-07  25.0046  24.3470
0202-11-01_20:18:39.832000      2666.84        3.66622500e+00       -1.24528296e-07  25.0046  24.3470
0202-11-01_20:18:40.040000      2667.05        3.67710400e+00       -1.18826286e-07  25.0046  24.3470
0202-11-01_20:18:40.242000      2667.25        3.68710200e+00       -1.15045606e-07  24.9674  24.4244
0202-11-01_20:18:40.434000      2667.45        3.69639300e+00       -1.02278076e-07  24.9674  24.4244
0202-11-01_20:18:40.633000      2667.64        3.70689200e+00       -8.54199655e-08  24.9674  24.4244
0202-11-01_20:18:40.824000      2667.84        3.71682200e+00       -8.13293955e-08  24.9674  24.4244
0202-11-01_20:18:41.027000      2668.04        3.72601800e+00       -7.53174955e-08  24.9674  24.4244
0202-11-01_20:18:41.254000      2668.27        3.73718700e+00       -6.79420755e-08  24.9674  24.4244
0202-11-01_20:18:41.450000      2668.46        3.74640700e+00       -5.94510455e-08  24.9822  24.3996
0202-11-01_20:18:41.645000      2668.66        3.75642300e+00       -5.05881355e-08  24.9822  24.3996
0202-11-01_20:18:41.844000      2668.86        3.76635100e+00       -4.55678955e-08  24.9822  24.3996
0202-11-01_20:18:42.047000      2669.06        3.77644800e+00       -2.77181355e-08  24.9822  24.3996
0202-11-01_20:18:42.246000      2669.26        3.78592400e+00       -2.23879955e-08  24.9822  24.3996
0202-11-01_20:18:42.453000      2669.46        3.79603700e+00       -6.52154550e-09  24.9675  24.3833
0202-11-01_20:18:42.645000      2669.66        3.80612900e+00        4.01477450e-09  24.9675  24.3833
0202-11-01_20:18:42.840000      2669.85        3.81565500e+00        2.08728845e-08  24.9675  24.3833
0202-11-01_20:18:43.043000      2670.06        3.82511800e+00        4.77714845e-08  24.9675  24.3833
0202-11-01_20:18:43.240000      2670.25        3.83619400e+00        7.08893945e-08  24.9879  24.4303
0202-11-01_20:18:43.430000      2670.44        3.84598600e+00        8.87391645e-08  24.9879  24.4303
0202-11-01_20:18:43.637000      2670.65        3.85492200e+00        1.03923854e-07  24.9879  24.4303
0202-11-01_20:18:43.832000      2670.84        3.86586500e+00        1.19232504e-07  24.9879  24.4303
0202-11-01_20:18:44.023000      2671.04        3.87578300e+00        1.40305134e-07  24.9879  24.4303
0202-11-01_20:18:44.258000      2671.27        3.88550400e+00        1.70054664e-07  24.9879  24.4303
0202-11-01_20:18:44.460000      2671.47        3.89564100e+00        1.86912714e-07  24.9619  24.3895
0202-11-01_20:18:44.664000      2671.68        3.90512400e+00        2.07179564e-07  24.9619  24.3895
0202-11-01_20:18:44.867000      2671.88        3.91507600e+00        2.39036434e-07  24.9619  24.3895
0202-11-01_20:18:45.070000      2672.08        3.92520500e+00        2.72008904e-07  24.9619  24.3895
0202-11-01_20:18:45.266000      2672.28        3.93466600e+00        3.00209044e-07  24.9619  24.3895
0202-11-01_20:18:45.477000      2672.49        3.94497800e+00        3.18306714e-07  24.9148  24.4008
0202-11-01_20:18:45.670000      2672.68        3.95545700e+00        3.58344724e-07  24.9148  24.4008
0202-11-01_20:18:45.863000      2672.88        3.96523900e+00        3.91875004e-07  24.9148  24.4008
0202-11-01_20:18:46.066000      2673.08        3.97405900e+00        4.23050104e-07  24.9148  24.4008
0202-11-01_20:18:46.270000      2673.28        3.98497800e+00        4.62654254e-07  24.9059  24.4381
0202-11-01_20:18:46.465000      2673.48        3.99482200e+00        4.95192884e-07  24.9059  24.4381
0202-11-01_20:18:46.668000      2673.68        4.00370600e+00        5.30582504e-07  24.9059  24.4381
0202-11-01_20:18:46.860000      2673.87        4.01488400e+00        5.77995934e-07  24.9059  24.4381
0202-11-01_20:18:47.050000      2674.07        4.02431300e+00        6.30367624e-07  24.9059  24.4381
0202-11-01_20:18:47.260000      2674.27        4.03367200e+00        6.81065904e-07  24.9059  24.4381
0202-11-01_20:18:47.457000      2674.47        4.04445600e+00        7.44841604e-07  25.0369  24.3454
0202-11-01_20:18:47.650000      2674.66        4.05441900e+00        7.95849774e-07  25.0369  24.3454
0202-11-01_20:18:47.850000      2674.86        4.06395300e+00        8.51754224e-07  25.0369  24.3454
0202-11-01_20:18:48.055000      2675.07        4.07400500e+00        9.13794544e-07  25.0369  24.3454
0202-11-01_20:18:48.250000      2675.26        4.08422700e+00        9.66971944e-07  25.0369  24.3454
0202-11-01_20:18:48.457000      2675.47        4.09425300e+00        1.04326727e-06  24.9865  24.4634
0202-11-01_20:18:48.652000      2675.66        4.10350600e+00        1.11076168e-06  24.9865  24.4634
0202-11-01_20:18:48.844000      2675.86        4.11409900e+00        1.17311188e-06  24.9865  24.4634
0202-11-01_20:18:49.055000      2676.07        4.12398500e+00        1.24234168e-06  24.9865  24.4634
0202-11-01_20:18:49.258000      2676.27        4.13373900e+00        1.33270609e-06  24.9999  24.4289
0202-11-01_20:18:49.450000      2676.46        4.14402700e+00        1.40478689e-06  24.9999  24.4289
0202-11-01_20:18:49.656000      2676.67        4.15379200e+00        1.50562563e-06  24.9999  24.4289
0202-11-01_20:18:49.848000      2676.86        4.16343500e+00        1.58997814e-06  24.9999  24.4289
0202-11-01_20:18:50.040000      2677.05        4.17336600e+00        1.67687177e-06  24.9999  24.4289
0202-11-01_20:18:50.260000      2677.28        4.18376200e+00        1.79766881e-06  24.9999  24.4289
0202-11-01_20:18:50.457000      2677.47        4.19324900e+00        1.89038936e-06  24.9531  24.4267
0202-11-01_20:18:50.650000      2677.66        4.20292200e+00        1.98558906e-06  24.9531  24.4267
0202-11-01_20:18:50.844000      2677.86        4.21323300e+00        2.12318103e-06  24.9531  24.4267
0202-11-01_20:18:51.035000      2678.05        4.22345400e+00        2.22668490e-06  24.9531  24.4267
0202-11-01_20:18:51.234000      2678.25        4.23258900e+00        2.33558089e-06  24.9531  24.4267
0202-11-01_20:18:51.430000      2678.44        4.24318500e+00        2.48234566e-06  24.9856  24.4391
0202-11-01_20:18:51.620000      2678.64        4.25325700e+00        2.61150857e-06  24.9856  24.4391
0202-11-01_20:18:51.816000      2678.83        4.26195100e+00        2.73552728e-06  24.9856  24.4391
0202-11-01_20:18:52.023000      2679.03        4.27317100e+00        2.87975094e-06  24.9856  24.4391
0202-11-01_20:18:52.230000      2679.24        4.28320900e+00        3.05874446e-06  24.9685  24.3692
0202-11-01_20:18:52.420000      2679.43        4.29255900e+00        3.20681077e-06  24.9685  24.3692
0202-11-01_20:18:52.620000      2679.63        4.30301500e+00        3.40588528e-06  24.9685  24.3692
0202-11-01_20:18:52.812000      2679.82        4.31273500e+00        3.50790167e-06  24.9685  24.3692
0202-11-01_20:18:53.008000      2680.02        4.32204600e+00        3.73889504e-06  24.9685  24.3692
0202-11-01_20:18:53.210000      2680.22        4.33273500e+00        3.92278484e-06  24.9685  24.3692
0202-11-01_20:18:53.430000      2680.44        4.34278600e+00        4.17249568e-06  24.9405  24.3967
0202-11-01_20:18:53.625000      2680.64        4.35261500e+00        4.35948440e-06  24.9405  24.3967
0202-11-01_20:18:53.832000      2680.84        4.36256500e+00        4.53829198e-06  24.9405  24.3967
0202-11-01_20:18:54.027000      2681.04        4.37241300e+00        4.79575011e-06  24.9405  24.3967
0202-11-01_20:18:54.234000      2681.25        4.38239400e+00        5.00127037e-06  24.9405  24.3967
0202-11-01_20:18:54.430000      2681.44        4.39212500e+00        5.28934581e-06  24.9685  24.3944
0202-11-01_20:18:54.625000      2681.64        4.40238300e+00        5.51482310e-06  24.9685  24.3944
0202-11-01_20:18:54.812000      2681.83        4.41147800e+00        5.74092017e-06  24.9685  24.3944
0202-11-01_20:18:55.020000      2682.03        4.42199000e+00        6.07064507e-06  24.9685  24.3944
0202-11-01_20:18:55.230000      2682.24        4.43204200e+00        6.32797920e-06  24.9469  24.3566
0202-11-01_20:18:55.434000      2682.45        4.44157800e+00        6.58965190e-06  24.9469  24.3566
0202-11-01_20:18:55.630000      2682.64        4.45196200e+00        6.94038750e-06  24.9469  24.3566
0202-11-01_20:18:55.820000      2682.83        4.46144600e+00        7.22102550e-06  24.9469  24.3566
0202-11-01_20:18:56.010000      2683.02        4.47149100e+00        7.52025700e-06  24.9469  24.3566
0202-11-01_20:18:56.234000      2683.25        4.48174300e+00        7.95019940e-06  24.9469  24.3566
0202-11-01_20:18:56.430000      2683.44        4.49128100e+00        8.26436650e-06  24.9936  24.4502
0202-11-01_20:18:56.633000      2683.64        4.50112200e+00        8.59043350e-06  24.9936  24.4502
0202-11-01_20:18:56.824000      2683.84        4.51144700e+00        9.03723530e-06  24.9936  24.4502
0202-11-01_20:18:57.016000      2684.03        4.52140400e+00        9.40408520e-06  24.9936  24.4502
0202-11-01_20:18:57.246000      2684.26        4.53127400e+00        9.90152330e-06  24.9936  24.4502
0202-11-01_20:18:57.450000      2684.46        4.54120700e+00        1.02780418e-05  24.9480  24.3425
0202-11-01_20:18:57.650000      2684.66        4.55094300e+00        1.07923381e-05  24.9480  24.3425
0202-11-01_20:18:57.840000      2684.85        4.56098800e+00        1.11868302e-05  24.9480  24.3425
0202-11-01_20:18:58.050000      2685.06        4.57088700e+00        1.16107621e-05  24.9480  24.3425
0202-11-01_20:18:58.254000      2685.27        4.58085600e+00        1.22067458e-05  24.9480  24.3425
0202-11-01_20:18:58.450000      2685.46        4.59046600e+00        1.26656955e-05  24.9525  24.4089
0202-11-01_20:18:58.652000      2685.66        4.60107700e+00        1.33024610e-05  24.9525  24.4089
0202-11-01_20:18:58.844000      2685.86        4.61094400e+00        1.46242731e-05  24.9525  24.4089
0202-11-01_20:18:59.047000      2686.06        4.62055800e+00        1.46824707e-05  24.9525  24.4089
0202-11-01_20:18:59.246000      2686.26        4.63052200e+00        1.50229178e-05  24.9525  24.4089
0202-11-01_20:18:59.457000      2686.47        4.64102400e+00        1.64324292e-05  25.0314  24.4398
0202-11-01_20:18:59.650000      2686.66        4.64965300e+00        1.65384122e-05  25.0314  24.4398
0202-11-01_20:18:59.855000      2686.87        4.66042500e+00        1.77717192e-05  25.0314  24.4398
0202-11-01_20:19:00.047000      2687.06        4.67029100e+00        1.79375733e-05  25.0314  24.4398
0202-11-01_20:19:00.250000      2687.26        4.67981600e+00        1.82612242e-05  25.0314  24.4398
0202-11-01_20:19:00.445000      2687.46        4.69025000e+00        1.95076086e-05  25.0600  24.3659
0202-11-01_20:19:00.637000      2687.65        4.70029400e+00        2.08394612e-05  25.0600  24.3659