# Ic = 3.76 A, n = 21.24 , Tavg = 24.92 K, f32-pulse-1ms-2
#datetime                        t_s     iHTS_A                vHTS_V                tHTS_K  tTAR_K
0202-11-01_13:27:41.527000      3101.37        2.13005800e-02       -3.72245600e-09  24.9469  24.3678
0202-11-01_13:27:41.720000      3101.56        1.38487800e-02        3.21911400e-09  24.9469  24.3678
0202-11-01_13:27:41.920000      3101.76        2.30666900e-02        3.68114000e-10  24.9469  24.3678
0202-11-01_13:27:42.120000      3101.96        3.24894000e-02        2.53735400e-09  24.9469  24.3678
0202-11-01_13:27:42.324000      3102.17        4.28990500e-02       -3.75600000e-12  24.9469  24.3678
0202-11-01_13:27:42.530000      3102.37        5.30341400e-02        1.54569400e-09  24.9401  24.4377
0202-11-01_13:27:42.723000      3102.56        6.24723000e-02       -4.96202600e-09  24.9401  24.4377
0202-11-01_13:27:42.914000      3102.76        7.28018100e-02       -9.05258600e-09  24.9401  24.4377
0202-11-01_13:27:43.117000      3102.96        8.22824100e-02       -8.92863600e-09  24.9401  24.4377
0202-11-01_13:27:43.320000      3103.16        9.18624400e-02       -8.06093600e-09  24.9401  24.4377
0202-11-01_13:27:43.516000      3103.35        1.02576300e-01       -8.49478600e-09  24.9129  24.3474
0202-11-01_13:27:43.710000      3103.55        1.12043600e-01       -1.56842660e-08  24.9129  24.3474
0202-11-01_13:27:43.902000      3103.74        1.21975300e-01       -1.27093060e-08  24.9129  24.3474
0202-11-01_13:27:44.098000      3103.94        1.31920500e-01       -1.35770060e-08  24.9129  24.3474
0202-11-01_13:27:44.305000      3104.15        1.42189600e-01       -3.78443600e-09  24.9444  24.4166
0202-11-01_13:27:44.496000      3104.34        1.51961100e-01       -2.48288600e-09  24.9444  24.4166
0202-11-01_13:27:44.700000      3104.54        1.60910300e-01        3.68114000e-10  24.9444  24.4166
0202-11-01_13:27:44.902000      3104.74        1.71413500e-01       -4.59015600e-09  24.9444  24.4166
0202-11-01_13:27:45.098000      3104.94        1.81763800e-01       -5.33389600e-09  24.9444  24.4166
0202-11-01_13:27:45.293000      3105.13        1.90782800e-01       -1.09739160e-08  24.9155  24.3450
0202-11-01_13:27:45.496000      3105.34        2.01752000e-01       -1.09119360e-08  24.9155  24.3450
0202-11-01_13:27:45.688000      3105.53        2.11449300e-01       -1.41348060e-08  24.9155  24.3450
0202-11-01_13:27:45.883000      3105.72        2.21272500e-01       -1.40728360e-08  24.9155  24.3450
0202-11-01_13:27:46.094000      3105.94        2.30846600e-01       -1.43207460e-08  24.9155  24.3450
0202-11-01_13:27:46.330000      3106.17        2.41367600e-01       -9.73435600e-09  24.8831  24.3612
0202-11-01_13:27:46.523000      3106.36        2.50569200e-01       -1.01062260e-08  24.8831  24.3612
0202-11-01_13:27:46.727000      3106.57        2.61078300e-01       -1.19035960e-08  24.8831  24.3612
0202-11-01_13:27:46.930000      3106.77        2.70967000e-01       -1.44446360e-08  24.8831  24.3612
0202-11-01_13:27:47.120000      3106.96        2.80413400e-01       -1.61179860e-08  24.8831  24.3612
0202-11-01_13:27:47.336000      3107.18        2.91062000e-01       -1.46923860e-08  24.9081  24.3941
0202-11-01_13:27:47.527000      3107.37        3.00299300e-01       -1.23991960e-08  24.9081  24.3941
0202-11-01_13:27:47.723000      3107.56        3.10673400e-01       -1.14075360e-08  24.9081  24.3941
0202-11-01_13:27:47.926000      3107.77        3.20801000e-01       -1.05398460e-08  24.9081  24.3941
0202-11-01_13:27:48.117000      3107.96        3.30922800e-01       -1.46304160e-08  24.9081  24.3941
0202-11-01_13:27:48.312000      3108.15        3.40404800e-01       -1.54981060e-08  24.9081  24.3941
0202-11-01_13:27:48.516000      3108.36        3.50139200e-01       -1.61178960e-08  24.8910  24.3835
0202-11-01_13:27:48.710000      3108.55        3.60158500e-01       -1.73574560e-08  24.8910  24.3835
0202-11-01_13:27:48.902000      3108.74        3.70442000e-01       -1.17794060e-08  24.8910  24.3835
0202-11-01_13:27:49.110000      3108.95        3.79159000e-01       -9.85808600e-09  24.8910  24.3835
0202-11-01_13:27:49.305000      3109.14        3.90217300e-01       -9.98203600e-09  24.8910  24.3835
0202-11-01_13:27:49.504000      3109.35        3.99889300e-01       -9.73412600e-09  24.8712  24.4181
0202-11-01_13:27:49.700000      3109.54        4.09499000e-01       -1.43205260e-08  24.8712  24.4181
0202-11-01_13:27:49.890000      3109.73        4.19833000e-01       -1.27090860e-08  24.8712  24.4181
0202-11-01_13:27:50.094000      3109.94        4.29646000e-01       -1.25851260e-08  24.8712  24.4181
0202-11-01_13:27:50.297000      3110.14        4.39374500e-01       -1.63038260e-08  24.8712  24.4181
0202-11-01_13:27:50.490000      3110.33        4.49128200e-01       -1.88449360e-08  24.8541  24.3814
0202-11-01_13:27:50.690000      3110.53        4.59385700e-01       -1.94027460e-08  24.8541  24.3814
0202-11-01_13:27:50.887000      3110.73        4.68996900e-01       -1.00440160e-08  24.8541  24.3814
0202-11-01_13:27:51.082000      3110.92        4.78680900e-01       -1.20893060e-08  24.8541  24.3814
0202-11-01_13:27:51.290000      3111.13        4.89182500e-01       -7.68884600e-09  24.8776  24.3581
0202-11-01_13:27:51.480000      3111.32        4.99031200e-01       -1.56220660e-08  24.8776  24.3581
0202-11-01_13:27:51.676000      3111.52        5.07979000e-01       -1.50022860e-08  24.8776  24.3581
0202-11-01_13:27:51.867000      3111.71        5.18822000e-01       -1.95266960e-08  24.8776  24.3581
0202-11-01_13:27:52.066000      3111.91        5.28850300e-01       -2.12620860e-08  24.8776  24.3581
0202-11-01_13:27:52.270000      3112.11        5.38380900e-01       -1.91548260e-08  24.8776  24.3581
0202-11-01_13:27:52.473000      3112.32        5.48789100e-01       -2.23157260e-08  24.9168  24.4440
0202-11-01_13:27:52.668000      3112.51        5.58646600e-01       -1.98365860e-08  24.9168  24.4440
0202-11-01_13:27:52.860000      3112.70        5.68271200e-01       -2.71495860e-08  24.9168  24.4440
0202-11-01_13:27:53.055000      3112.89        5.77888300e-01       -2.71489160e-08  24.9168  24.4440
0202-11-01_13:27:53.260000      3113.10        5.88281600e-01       -3.26021160e-08  24.9168  24.4440
0202-11-01_13:27:53.453000      3113.29        5.98189700e-01       -2.52884460e-08  24.9195  24.3662
0202-11-01_13:27:53.645000      3113.49        6.07741500e-01       -2.43587760e-08  24.9195  24.3662
0202-11-01_13:27:53.850000      3113.69        6.17253600e-01       -1.43182860e-08  24.9195  24.3662
0202-11-01_13:27:54.047000      3113.89        6.28228700e-01       -1.89046760e-08  24.9195  24.3662
0202-11-01_13:27:54.266000      3114.11        6.38175300e-01       -1.51239960e-08  24.9195  24.3662
0202-11-01_13:27:54.460000      3114.30        6.48028400e-01       -1.76031360e-08  24.9085  24.4089
0202-11-01_13:27:54.652000      3114.49        6.58053700e-01       -1.74791760e-08  24.9085  24.4089
0202-11-01_13:27:54.855000      3114.70        6.67624800e-01       -2.13218360e-08  24.9085  24.4089
0202-11-01_13:27:55.050000      3114.89        6.77342900e-01       -2.57222960e-08  24.9085  24.4089
0202-11-01_13:27:55.254000      3115.09        6.88188900e-01       -2.68998860e-08  24.9085  24.4089
0202-11-01_13:27:55.450000      3115.29        6.97410500e-01       -2.35530560e-08  24.9389  24.4160
0202-11-01_13:27:55.640000      3115.48        7.07247300e-01       -1.79750060e-08  24.9389  24.4160
0202-11-01_13:27:55.832000      3115.67        7.17187900e-01       -1.61776360e-08  24.9389  24.4160
0202-11-01_13:27:56.030000      3115.87        7.25954700e-01       -1.74791760e-08  24.9389  24.4160
0202-11-01_13:27:56.242000      3116.08        7.37156800e-01       -2.05161160e-08  24.9389  24.4160
0202-11-01_13:27:56.445000      3116.29        7.46940200e-01       -2.14457960e-08  24.9248  24.3600
0202-11-01_13:27:56.637000      3116.48        7.57235600e-01       -1.69833560e-08  24.9248  24.3600
0202-11-01_13:27:56.832000      3116.67        7.66162600e-01       -1.25828860e-08  24.9248  24.3600
0202-11-01_13:27:57.035000      3116.88        7.76801900e-01       -1.26448660e-08  24.9248  24.3600
0202-11-01_13:27:57.250000      3117.09        7.86907400e-01       -1.10334260e-08  24.9248  24.3600
0202-11-01_13:27:57.457000      3117.30        7.96790200e-01       -1.45661960e-08  24.9375  24.3843
0202-11-01_13:27:57.650000      3117.49        8.06966800e-01       -1.00417760e-08  24.9375  24.3843
0202-11-01_13:27:57.840000      3117.68        8.16625500e-01       -7.56264600e-09  24.9375  24.3843
0202-11-01_13:27:58.047000      3117.89        8.26327300e-01       -9.05012600e-09  24.9375  24.3843
0202-11-01_13:27:58.260000      3118.10        8.36781400e-01       -1.71073060e-08  24.9375  24.3843
0202-11-01_13:27:58.470000      3118.31        8.46287300e-01       -2.71477960e-08  24.9270  24.3591
0202-11-01_13:27:58.668000      3118.51        8.56158900e-01       -2.55983360e-08  24.9270  24.3591
0202-11-01_13:27:58.870000      3118.71        8.66476500e-01       -2.27473960e-08  24.9270  24.3591
0202-11-01_13:27:59.066000      3118.91        8.75833900e-01       -1.85948960e-08  24.9270  24.3591
0202-11-01_13:27:59.273000      3119.11        8.85449600e-01       -1.48762560e-08  24.9270  24.3591
0202-11-01_13:27:59.470000      3119.31        8.96463300e-01       -1.73554060e-08  24.9334  24.4126
0202-11-01_13:27:59.664000      3119.50        9.05948400e-01       -1.49382560e-08  24.9334  24.4126
0202-11-01_13:27:59.870000      3119.71        9.14914000e-01       -1.86569560e-08  24.9334  24.4126
0202-11-01_13:28:00.066000      3119.91        9.26007800e-01       -1.61778160e-08  24.9334  24.4126
0202-11-01_13:28:00.270000      3120.11        9.36227600e-01       -1.33887960e-08  24.9334  24.4126
0202-11-01_13:28:00.473000      3120.31        9.45353500e-01       -1.10336160e-08  24.9231  24.4202
0202-11-01_13:28:00.668000      3120.51        9.55893700e-01       -1.16533960e-08  24.9231  24.4202
0202-11-01_13:28:00.860000      3120.70        9.65862600e-01       -1.05377860e-08  24.9231  24.4202
0202-11-01_13:28:01.062000      3120.90        9.75321000e-01       -8.12063600e-09  24.9231  24.4202
0202-11-01_13:28:01.258000      3121.10        9.85205300e-01       -4.58786600e-09  24.9231  24.4202
0202-11-01_13:28:01.460000      3121.30        9.95383400e-01       -7.74876600e-09  24.8945  24.3588
0202-11-01_13:28:01.652000      3121.49        1.00505000e+00       -7.56282600e-09  24.8945  24.3588
0202-11-01_13:28:01.848000      3121.69        1.01487400e+00       -6.44721600e-09  24.8945  24.3588
0202-11-01_13:28:02.050000      3121.89        1.02533700e+00       -5.64150600e-09  24.8945  24.3588
0202-11-01_13:28:02.246000      3122.09        1.03529900e+00       -6.26128600e-09  24.8945  24.3588
0202-11-01_13:28:02.438000      3122.28        1.04465200e+00       -1.20252660e-08  24.8908  24.4454
0202-11-01_13:28:02.630000      3122.47        1.05520500e+00       -6.26128600e-09  24.8908  24.4454
0202-11-01_13:28:02.830000      3122.67        1.06493100e+00       -3.59621600e-09  24.8908  24.4454
0202-11-01_13:28:03.020000      3122.86        1.07469800e+00        6.18314000e-10  24.8908  24.4454
0202-11-01_13:28:03.266000      3123.11        1.08564800e+00       -6.38524600e-09  24.8908  24.4454
0202-11-01_13:28:03.473000      3123.31        1.09464300e+00       -1.25210960e-08  24.8839  24.3599
0202-11-01_13:28:03.664000      3123.51        1.10546800e+00       -1.17153760e-08  24.8839  24.3599
0202-11-01_13:28:03.855000      3123.70        1.11498900e+00       -7.31491600e-09  24.8839  24.3599
0202-11-01_13:28:04.062000      3123.90        1.12407200e+00       -6.75711600e-09  24.8839  24.3599
0202-11-01_13:28:04.260000      3124.10        1.13522400e+00       -5.59276000e-10  24.8839  24.3599
0202-11-01_13:28:04.453000      3124.30        1.14457400e+00       -4.64984600e-09  24.8902  24.4129
0202-11-01_13:28:04.660000      3124.50        1.15333100e+00        2.47766400e-09  24.8902  24.4129
0202-11-01_13:28:04.850000      3124.69        1.16430800e+00       -3.03766600e-09  24.8902  24.4129
0202-11-01_13:28:05.047000      3124.89        1.17430500e+00       -1.48745600e-09  24.8902  24.4129
0202-11-01_13:28:05.258000      3125.10        1.18385800e+00       -1.36962060e-08  24.8941  24.4136
0202-11-01_13:28:05.450000      3125.29        1.19435400e+00       -9.85354600e-09  24.8941  24.4136
0202-11-01_13:28:05.650000      3125.49        1.20432500e+00       -1.19608060e-08  24.8941  24.4136
0202-11-01_13:28:05.850000      3125.69        1.21373900e+00        4.09159400e-09  24.8941  24.4136
0202-11-01_13:28:06.062000      3125.90        1.22405700e+00        7.99623400e-09  24.8941  24.4136
0202-11-01_13:28:06.266000      3126.10        1.23429000e+00        1.44419840e-08  24.8539  24.3618
0202-11-01_13:28:06.457000      3126.30        1.24338500e+00        9.11184400e-09  24.8539  24.3618
0202-11-01_13:28:06.650000      3126.49        1.25368700e+00        8.67799400e-09  24.8539  24.3618
0202-11-01_13:28:06.850000      3126.69        1.26384600e+00        6.69468400e-09  24.8539  24.3618
0202-11-01_13:28:07.047000      3126.89        1.27331000e+00        4.33950400e-09  24.8539  24.3618
0202-11-01_13:28:07.240000      3127.08        1.28327900e+00        3.28587400e-09  24.8539  24.3618
0202-11-01_13:28:07.445000      3127.28        1.29354900e+00       -6.81660600e-09  24.8649  24.4424
0202-11-01_13:28:07.650000      3127.49        1.30343700e+00       -4.21351600e-09  24.8649  24.4424
0202-11-01_13:28:07.848000      3127.69        1.31355400e+00       -5.51505600e-09  24.8649  24.4424
0202-11-01_13:28:08.040000      3127.88        1.32332400e+00        3.09993400e-09  24.8649  24.4424
0202-11-01_13:28:08.260000      3128.10        1.33238600e+00       -5.56786000e-10  24.8649  24.4424
0202-11-01_13:28:08.457000      3128.30        1.34352500e+00        5.58824000e-10  24.8729  24.3599
0202-11-01_13:28:08.650000      3128.49        1.35313900e+00       -3.22185600e-09  24.8729  24.3599
0202-11-01_13:28:08.850000      3128.69        1.36272000e+00       -2.46896000e-10  24.8729  24.3599
0202-11-01_13:28:09.050000      3128.89        1.37262400e+00       -5.57703600e-09  24.8729  24.3599
0202-11-01_13:28:09.258000      3129.10        1.38303200e+00       -1.67239600e-09  24.8729  24.3599
0202-11-01_13:28:09.457000      3129.30        1.39202000e+00       -9.48167600e-09  24.9040  24.4315
0202-11-01_13:28:09.650000      3129.49        1.40257800e+00       -5.26714600e-09  24.9040  24.4315
0202-11-01_13:28:09.840000      3129.68        1.41284200e+00       -9.66760600e-09  24.9040  24.4315
0202-11-01_13:28:10.047000      3129.89        1.42147800e+00        9.30694000e-10  24.9040  24.4315
0202-11-01_13:28:10.260000      3130.10        1.43241600e+00       -2.91196600e-09  24.9040  24.4315
0202-11-01_13:28:10.465000      3130.30        1.44195100e+00       -1.11459600e-09  24.8928  24.4162
0202-11-01_13:28:10.656000      3130.50        1.45177200e+00       -6.13484600e-09  24.8928  24.4162
0202-11-01_13:28:10.860000      3130.70        1.46205100e+00       -1.17636600e-09  24.8928  24.4162
0202-11-01_13:28:11.074000      3130.91        1.47211900e+00        2.29470400e-09  24.8928  24.4162
0202-11-01_13:28:11.266000      3131.11        1.48206100e+00        7.19120400e-09  24.9308  24.3645
0202-11-01_13:28:11.465000      3131.30        1.49208600e+00        7.56307400e-09  24.9308  24.3645
0202-11-01_13:28:11.656000      3131.50        1.50154400e+00        8.05889400e-09  24.9308  24.3645
0202-11-01_13:28:11.848000      3131.69        1.51108400e+00        3.84436400e-09  24.9308  24.3645
0202-11-01_13:28:12.060000      3131.90        1.52169100e+00        1.30325400e-09  24.9308  24.3645
0202-11-01_13:28:12.266000      3132.10        1.53167900e+00        5.08393400e-09  24.9048  24.4230
0202-11-01_13:28:12.470000      3132.31        1.54138400e+00        7.43911400e-09  24.9048  24.4230
0202-11-01_13:28:12.676000      3132.52        1.55157300e+00        1.46286040e-08  24.9048  24.4230
0202-11-01_13:28:12.883000      3132.72        1.56181600e+00        1.15296840e-08  24.9048  24.4230
0202-11-01_13:28:13.086000      3132.93        1.57113400e+00        2.03925940e-08  24.9048  24.4230
0202-11-01_13:28:13.293000      3133.13        1.58144300e+00        1.69218040e-08  24.9236  24.3672
0202-11-01_13:28:13.490000      3133.33        1.59117800e+00        2.08264440e-08  24.9236  24.3672
0202-11-01_13:28:13.710000      3133.55        1.60045800e+00        1.81613740e-08  24.9236  24.3672
0202-11-01_13:28:13.918000      3133.76        1.61120100e+00        1.94629240e-08  24.9236  24.3672
0202-11-01_13:28:14.125000      3133.97        1.62082900e+00        1.34510240e-08  24.9236  24.3672
0202-11-01_13:28:14.336000      3134.18        1.63059300e+00        9.67033400e-09  24.8773  24.4681
0202-11-01_13:28:14.530000      3134.37        1.64098200e+00        8.92659400e-09  24.8773  24.4681
0202-11-01_13:28:14.760000      3134.60        1.64999300e+00        1.54343240e-08  24.8773  24.4681
0202-11-01_13:28:14.973000      3134.82        1.66093200e+00        1.54963040e-08  24.8773  24.4681
0202-11-01_13:28:15.227000      3135.07        1.67016400e+00        1.25213440e-08  24.8773  24.4681
0202-11-01_13:28:15.438000      3135.28        1.68054800e+00        1.08479240e-08  24.9037  24.4183
0202-11-01_13:28:15.640000      3135.48        1.69071400e+00        1.53723540e-08  24.9037  24.4183
0202-11-01_13:28:15.840000      3135.68        1.69996400e+00        1.36369540e-08  24.9037  24.4183
0202-11-01_13:28:16.043000      3135.88        1.71028700e+00        1.12197940e-08  24.9037  24.4183
0202-11-01_13:28:16.246000      3136.09        1.72002000e+00        1.29551940e-08  24.8930  24.3681
0202-11-01_13:28:16.450000      3136.29        1.72998300e+00        1.87811640e-08  24.8930  24.3681
0202-11-01_13:28:16.652000      3136.49        1.74053200e+00        1.87190240e-08  24.8930  24.3681
0202-11-01_13:28:16.855000      3136.70        1.74987100e+00        1.36363040e-08  24.8930  24.3681
0202-11-01_13:28:17.060000      3136.90        1.75972500e+00        9.85497400e-09  24.8930  24.3681
0202-11-01_13:28:17.258000      3137.10        1.77033600e+00        1.76019440e-08  24.9555  24.4543
0202-11-01_13:28:17.465000      3137.31        1.77951500e+00        1.36973040e-08  24.9555  24.4543
0202-11-01_13:28:17.670000      3137.51        1.78978200e+00        1.35733440e-08  24.9555  24.4543
0202-11-01_13:28:17.880000      3137.72        1.79948000e+00        9.23486400e-09  24.9555  24.4543
0202-11-01_13:28:18.082000      3137.92        1.80944300e+00        1.41311540e-08  24.9555  24.4543
0202-11-01_13:28:18.297000      3138.14        1.81992600e+00        1.54946740e-08  24.9338  24.3674
0202-11-01_13:28:18.504000      3138.34        1.82949100e+00        1.28296040e-08  24.9338  24.3674
0202-11-01_13:28:18.715000      3138.55        1.83952700e+00        1.51847840e-08  24.9338  24.3674
0202-11-01_13:28:18.906000      3138.75        1.84949100e+00        1.43170840e-08  24.9338  24.3674
0202-11-01_13:28:19.120000      3138.96        1.85893000e+00        1.72920440e-08  24.9338  24.3674
0202-11-01_13:28:19.316000      3139.16        1.86929500e+00        1.61144640e-08  24.9645  24.4238
0202-11-01_13:28:19.523000      3139.36        1.87935300e+00        1.51228040e-08  24.9645  24.4238
0202-11-01_13:28:19.715000      3139.56        1.88880400e+00        1.41931340e-08  24.9645  24.4238
0202-11-01_13:28:19.910000      3139.75        1.89523700e+00        1.51228040e-08  24.9645  24.4238
0202-11-01_13:28:20.117000      3139.96        1.90879900e+00        1.70441340e-08  24.9645  24.4238
0202-11-01_13:28:20.316000      3140.16        1.91863900e+00        8.73903400e-09  24.9645  24.4238
0202-11-01_13:28:20.510000      3140.35        1.92902200e+00        1.26436740e-08  24.9149  24.3829
0202-11-01_13:28:20.720000      3140.56        1.93906800e+00        1.16520140e-08  24.9149  24.3829
0202-11-01_13:28:20.914000      3140.75        1.94799900e+00        1.72920440e-08  24.9149  24.3829
0202-11-01_13:28:21.105000      3140.95        1.95868800e+00        1.22718040e-08  24.9149  24.3829
0202-11-01_13:28:21.316000      3141.16        1.96851700e+00        2.36758240e-08  24.9149  24.3829
0202-11-01_13:28:21.508000      3141.35        1.97746000e+00        1.88415040e-08  24.9158  24.4110
0202-11-01_13:28:21.715000      3141.56        1.98862200e+00        2.52872540e-08  24.9158  24.4110
0202-11-01_13:28:21.910000      3141.75        1.99835100e+00        1.92753540e-08  24.9158  24.4110
0202-11-01_13:28:22.100000      3141.94        2.00738800e+00        2.04529440e-08  24.9158  24.4110
0202-11-01_13:28:22.300000      3142.14        2.01813300e+00        1.38212640e-08  24.8935  24.4127
0202-11-01_13:28:22.492000      3142.33        2.02833100e+00        1.18379540e-08  24.8935  24.4127
0202-11-01_13:28:22.690000      3142.53        2.03799400e+00        1.27053940e-08  24.8935  24.4127
0202-11-01_13:28:22.887000      3142.73        2.04798200e+00        1.31388640e-08  24.8935  24.4127
0202-11-01_13:28:23.090000      3142.93        2.05798800e+00        1.69190440e-08  24.8935  24.4127
0202-11-01_13:28:23.285000      3143.12        2.06758700e+00        1.93360740e-08  24.8935  24.4127
0202-11-01_13:28:23.477000      3143.32        2.07746100e+00        2.05756440e-08  24.9069  24.3644
0202-11-01_13:28:23.684000      3143.52        2.08767500e+00        1.65470440e-08  24.9069  24.3644
0202-11-01_13:28:23.875000      3143.71        2.09759100e+00        1.28283440e-08  24.9069  24.3644
0202-11-01_13:28:24.066000      3143.91        2.10656100e+00        1.07830640e-08  24.9069  24.3644
0202-11-01_13:28:24.273000      3144.12        2.11751800e+00        1.46876940e-08  24.9069  24.3644
0202-11-01_13:28:24.470000      3144.31        2.12727200e+00        1.61132040e-08  24.8775  24.4229
0202-11-01_13:28:24.660000      3144.50        2.13611000e+00        1.72907840e-08  24.8775  24.4229
0202-11-01_13:28:24.867000      3144.71        2.14703500e+00        1.52455040e-08  24.8775  24.4229
0202-11-01_13:28:25.060000      3144.90        2.15733000e+00        1.48736340e-08  24.8775  24.4229
0202-11-01_13:28:25.258000      3145.10        2.16631300e+00        1.47496740e-08  24.8775  24.4229
0202-11-01_13:28:25.450000      3145.29        2.17710300e+00        1.18366940e-08  24.8812  24.4035
0202-11-01_13:28:25.645000      3145.48        2.18707300e+00        6.19666400e-09  24.8812  24.4035
0202-11-01_13:28:25.848000      3145.69        2.19664800e+00       -6.31460000e-11  24.8812  24.4035
0202-11-01_13:28:26.043000      3145.88        2.20670000e+00       -1.36469600e-09  24.8812  24.4035
0202-11-01_13:28:26.258000      3146.10        2.21718100e+00       -2.10843600e-09  24.8812  24.4035
0202-11-01_13:28:26.450000      3146.29        2.22614800e+00       -1.67458600e-09  24.8882  24.3634
0202-11-01_13:28:26.645000      3146.48        2.23719300e+00       -2.97612600e-09  24.8882  24.3634
0202-11-01_13:28:26.836000      3146.68        2.24681800e+00       -4.33965600e-09  24.8882  24.3634
0202-11-01_13:28:27.030000      3146.87        2.25630600e+00       -4.15371600e-09  24.8882  24.3634
0202-11-01_13:28:27.230000      3147.07        2.26630600e+00       -5.58976000e-10  24.8882  24.3634
0202-11-01_13:28:27.426000      3147.27        2.27674600e+00        4.94654000e-10  24.9135  24.4409
0202-11-01_13:28:27.620000      3147.46        2.28621100e+00        1.48631400e-09  24.9135  24.4409
0202-11-01_13:28:27.812000      3147.65        2.29591200e+00       -4.21569600e-09  24.9135  24.4409
0202-11-01_13:28:28.008000      3147.85        2.30665200e+00       -4.27767600e-09  24.9135  24.4409
0202-11-01_13:28:28.242000      3148.08        2.31675300e+00       -6.26098600e-09  24.9135  24.4409
0202-11-01_13:28:28.445000      3148.29        2.32656500e+00       -1.92249600e-09  24.9382  24.3581
0202-11-01_13:28:28.650000      3148.49        2.33639200e+00        1.85791400e-09  24.9382  24.3581
0202-11-01_13:28:28.840000      3148.68        2.34558000e+00        8.11732400e-09  24.9382  24.3581
0202-11-01_13:28:29.050000      3148.89        2.35610400e+00        7.99296400e-09  24.9382  24.3581
0202-11-01_13:28:29.258000      3149.10        2.36585000e+00        8.42654400e-09  24.9382  24.3581
0202-11-01_13:28:29.450000      3149.29        2.37543000e+00       -4.03109600e-09  24.9455  24.4161
0202-11-01_13:28:29.650000      3149.49        2.38609800e+00        4.76982400e-09  24.9455  24.4161
0202-11-01_13:28:29.844000      3149.68        2.39594100e+00       -2.17174600e-09  24.9455  24.4161
0202-11-01_13:28:30.035000      3149.88        2.40515900e+00        8.67445400e-09  24.9455  24.4161
0202-11-01_13:28:30.246000      3150.09        2.41524600e+00       -1.26466000e-10  24.9404  24.4049
0202-11-01_13:28:30.438000      3150.28        2.42561500e+00        4.45993400e-09  24.9404  24.4049
0202-11-01_13:28:30.633000      3150.47        2.43567700e+00       -4.36356000e-10  24.9404  24.4049
0202-11-01_13:28:30.836000      3150.68        2.43992100e+00        8.65194000e-10  24.9404  24.4049
0202-11-01_13:28:31.030000      3150.87        2.45554500e+00       -4.98336000e-10  24.9404  24.4049
0202-11-01_13:28:31.230000      3151.07        2.46530700e+00        4.70784400e-09  24.9404  24.4049
0202-11-01_13:28:31.426000      3151.27        2.45196200e+00        3.03443400e-09  24.9142  24.3577
0202-11-01_13:28:31.617000      3151.46        2.48361300e+00        1.60892400e-09  24.9142  24.3577
0202-11-01_13:28:31.816000      3151.66        2.49546400e+00       -4.46494600e-09  24.9142  24.3577
0202-11-01_13:28:32.008000      3151.85        2.50504100e+00       -5.76649600e-09  24.9142  24.3577
0202-11-01_13:28:32.258000      3152.10        2.51536000e+00       -4.27901600e-09  24.9142  24.3577
0202-11-01_13:28:32.465000      3152.30        2.52487800e+00        4.31344000e-10  24.8968  24.4445
0202-11-01_13:28:32.656000      3152.50        2.53435800e+00        5.69949400e-09  24.8968  24.4445
0202-11-01_13:28:32.850000      3152.69        2.54486300e+00        1.16494140e-08  24.8968  24.4445
0202-11-01_13:28:33.043000      3152.88        2.55445200e+00        9.23226400e-09  24.8968  24.4445
0202-11-01_13:28:33.250000      3153.09        2.56355200e+00       -1.79987600e-09  24.8744  24.3575
0202-11-01_13:28:33.440000      3153.28        2.57450000e+00       -1.88446000e-10  24.8744  24.3575
0202-11-01_13:28:33.637000      3153.48        2.58423300e+00       -3.10142600e-09  24.8744  24.3575
0202-11-01_13:28:33.840000      3153.68        2.59354900e+00        8.65194000e-10  24.8744  24.3575
0202-11-01_13:28:34.043000      3153.88        2.60424400e+00       -6.07638600e-09  24.8744  24.3575
0202-11-01_13:28:34.250000      3154.09        2.61466900e+00        1.48497400e-09  24.8744  24.3575
0202-11-01_13:28:34.440000      3154.28        2.62394100e+00       -2.04779600e-09  24.8517  24.4138
0202-11-01_13:28:34.637000      3154.48        2.63412900e+00        4.21147400e-09  24.8517  24.4138
0202-11-01_13:28:34.830000      3154.67        2.64409500e+00       -4.46629600e-09  24.8517  24.4138
0202-11-01_13:28:35.035000      3154.88        2.65383200e+00        3.52809400e-09  24.8517  24.4138
0202-11-01_13:28:35.254000      3155.09        2.66400000e+00       -3.47599600e-09  24.8517  24.4138
0202-11-01_13:28:35.460000      3155.30        2.67386500e+00        7.38524000e-10  24.8561  24.4036
0202-11-01_13:28:35.652000      3155.49        2.68347600e+00       -3.77086000e-10  24.8561  24.4036
0202-11-01_13:28:35.848000      3155.69        2.69372100e+00       -1.91156000e-10  24.8561  24.4036
0202-11-01_13:28:36.040000      3155.88        2.70418700e+00       -9.34896000e-10  24.8561  24.4036
0202-11-01_13:28:36.250000      3156.09        2.71378500e+00       -3.16610600e-09  24.8553  24.3701
0202-11-01_13:28:36.440000      3156.28        2.72345700e+00       -3.90984600e-09  24.8553  24.3701
0202-11-01_13:28:36.633000      3156.47        2.73341900e+00       -1.02936060e-08  24.8553  24.3701
0202-11-01_13:28:36.844000      3156.68        2.74309400e+00       -1.13472460e-08  24.8553  24.3701
0202-11-01_13:28:37.040000      3156.88        2.75327000e+00       -1.46940660e-08  24.8553  24.3701
0202-11-01_13:28:37.234000      3157.07        2.76343700e+00       -6.51293600e-09  24.8961  24.4453
0202-11-01_13:28:37.434000      3157.27        2.77293300e+00       -5.89315600e-09  24.8961  24.4453
0202-11-01_13:28:37.625000      3157.47        2.78295900e+00       -1.49269600e-09  24.8961  24.4453
0202-11-01_13:28:37.830000      3157.67        2.79303300e+00       -4.77754600e-09  24.8961  24.4453
0202-11-01_13:28:38.030000      3157.87        2.80257700e+00       -3.15106000e-10  24.8961  24.4453
0202-11-01_13:28:38.260000      3158.10        2.81292300e+00       -2.23643600e-09  24.8961  24.4453
0202-11-01_13:28:38.460000      3158.30        2.82253700e+00       -6.86976000e-10  24.8935  24.3615
0202-11-01_13:28:38.660000      3158.50        2.83241000e+00       -8.18634600e-09  24.8935  24.3615
0202-11-01_13:28:38.863000      3158.70        2.84232400e+00       -4.52963600e-09  24.8935  24.3615
0202-11-01_13:28:39.055000      3158.90        2.85277200e+00       -5.70721600e-09  24.8935  24.3615
0202-11-01_13:28:39.260000      3159.10        2.86135200e+00       -6.76084600e-09  24.8703  24.4236
0202-11-01_13:28:39.457000      3159.30        2.87252300e+00       -1.53758260e-08  24.8703  24.4236
0202-11-01_13:28:39.650000      3159.49        2.88214100e+00       -1.43841760e-08  24.8703  24.4236
0202-11-01_13:28:39.855000      3159.70        2.89162500e+00       -1.74211160e-08  24.8703  24.4236
0202-11-01_13:28:40.047000      3159.89        2.90220500e+00       -1.25248260e-08  24.8703  24.4236
0202-11-01_13:28:40.242000      3160.08        2.91168100e+00       -1.67393560e-08  24.8703  24.4236
0202-11-01_13:28:40.440000      3160.28        2.92191400e+00       -1.30826360e-08  24.9300  24.4130
0202-11-01_13:28:40.633000      3160.47        2.93108400e+00       -1.95281260e-08  24.9300  24.4130
0202-11-01_13:28:40.824000      3160.67        2.94184900e+00       -1.41356460e-08  24.9300  24.4130
0202-11-01_13:28:41.027000      3160.87        2.95190200e+00       -1.78539660e-08  24.9300  24.4130
0202-11-01_13:28:41.230000      3161.07        2.96170200e+00       -1.84115160e-08  24.9300  24.4130
0202-11-01_13:28:41.420000      3161.26        2.97092600e+00       -2.08286760e-08  24.9198  24.3750
0202-11-01_13:28:41.625000      3161.47        2.98191200e+00       -1.86594360e-08  24.9198  24.3750
0202-11-01_13:28:41.830000      3161.67        2.99147100e+00       -1.64901960e-08  24.9198  24.3750
0202-11-01_13:28:42.023000      3161.86        3.00152900e+00       -1.46308460e-08  24.9198  24.3750
0202-11-01_13:28:42.230000      3162.07        3.01172300e+00       -1.28954560e-08  24.9198  24.3750
0202-11-01_13:28:42.420000      3162.26        3.02130300e+00       -8.61894600e-09  24.8941  24.4464
0202-11-01_13:28:42.617000      3162.46        3.03104000e+00       -4.90025600e-09  24.8941  24.4464
0202-11-01_13:28:42.816000      3162.66        3.04180700e+00       -6.44970600e-09  24.8941  24.4464
0202-11-01_13:28:43.020000      3162.86        3.05124700e+00       -8.68092600e-09  24.8941  24.4464
0202-11-01_13:28:43.240000      3163.08        3.06103000e+00       -1.84115160e-08  24.8941  24.4464
0202-11-01_13:28:43.430000      3163.27        3.07100800e+00       -1.22136860e-08  24.9733  24.3661
0202-11-01_13:28:43.620000      3163.46        3.08149300e+00       -1.35152360e-08  24.9733  24.3661
0202-11-01_13:28:43.830000      3163.67        3.09051200e+00       -1.07881860e-08  24.9733  24.3661
0202-11-01_13:28:44.020000      3163.86        3.10139100e+00       -8.24707600e-09  24.9733  24.3661
0202-11-01_13:28:44.242000      3164.08        3.11146400e+00       -4.90025600e-09  24.9733  24.3661
0202-11-01_13:28:44.438000      3164.28        3.12067900e+00       -2.79298600e-09  24.9466  24.4262
0202-11-01_13:28:44.630000      3164.47        3.13080300e+00       -1.92529600e-09  24.9466  24.4262
0202-11-01_13:28:44.832000      3164.67        3.14069300e+00       -4.77629600e-09  24.9466  24.4262
0202-11-01_13:28:45.027000      3164.87        3.15035200e+00        5.76001400e-09  24.9466  24.4262
0202-11-01_13:28:45.258000      3165.10        3.16118400e+00        4.83034400e-09  24.9466  24.4262
0202-11-01_13:28:45.453000      3165.29        3.17038100e+00        3.09494400e-09  24.9278  24.4066
0202-11-01_13:28:45.645000      3165.49        3.18009200e+00       -2.42111600e-09  24.9278  24.4066
0202-11-01_13:28:45.850000      3165.69        3.19000100e+00        3.71473400e-09  24.9278  24.4066
0202-11-01_13:28:46.043000      3165.89        3.20039600e+00        5.14023400e-09  24.9278  24.4066
0202-11-01_13:28:46.270000      3166.11        3.21094200e+00        1.38171940e-08  24.9278  24.4066
0202-11-01_13:28:46.460000      3166.30        3.22002400e+00        9.29277400e-09  24.9021  24.3709
0202-11-01_13:28:46.652000      3166.49        3.23020600e+00        9.04459400e-09  24.9021  24.3709
0202-11-01_13:28:46.848000      3166.69        3.24044400e+00        4.20989400e-09  24.9021  24.3709
0202-11-01_13:28:47.043000      3166.89        3.24957600e+00        7.12234400e-09  24.9021  24.3709
0202-11-01_13:28:47.270000      3167.11        3.25970000e+00        5.88264400e-09  24.9021  24.3709
0202-11-01_13:28:47.465000      3167.31        3.27012200e+00        5.26286400e-09  24.8474  24.4420
0202-11-01_13:28:47.668000      3167.51        3.27951100e+00        3.46549400e-09  24.8474  24.4420
0202-11-01_13:28:47.867000      3167.71        3.28964100e+00        3.71340400e-09  24.8474  24.4420
0202-11-01_13:28:48.062000      3167.90        3.29962900e+00        2.47383400e-09  24.8474  24.4420
0202-11-01_13:28:48.273000      3168.12        3.30971400e+00       -1.29246000e-10  24.8977  24.3535
0202-11-01_13:28:48.470000      3168.31        3.31977100e+00        4.20923400e-09  24.8977  24.3535
0202-11-01_13:28:48.660000      3168.50        3.32967100e+00        2.03999400e-09  24.8977  24.3535
0202-11-01_13:28:48.870000      3168.71        3.33911600e+00        7.68001400e-09  24.8977  24.3535
0202-11-01_13:28:49.066000      3168.91        3.34937700e+00        4.64307400e-09  24.8977  24.3535
0202-11-01_13:28:49.273000      3169.11        3.35955800e+00        5.94462400e-09  24.8977  24.3535
0202-11-01_13:28:49.470000      3169.31        3.36861100e+00        4.33318400e-09  24.9402  24.4180
0202-11-01_13:28:49.660000      3169.50        3.37925200e+00        6.00660400e-09  24.9402  24.4180
0202-11-01_13:28:49.850000      3169.69        3.38905200e+00        4.95297400e-09  24.9402  24.4180
0202-11-01_13:28:50.047000      3169.89        3.39847900e+00        2.28790400e-09  24.9402  24.4180
0202-11-01_13:28:50.254000      3170.10        3.40910700e+00        2.47383400e-09  24.9402  24.4180
0202-11-01_13:28:50.457000      3170.30        3.41863900e+00        8.67166400e-09  24.8919  24.4030
0202-11-01_13:28:50.652000      3170.49        3.42815700e+00        1.46215840e-08  24.8919  24.4030
0202-11-01_13:28:50.844000      3170.68        3.43838300e+00        2.00756640e-08  24.8919  24.4030
0202-11-01_13:28:51.035000      3170.88        3.44900400e+00        1.79064240e-08  24.8919  24.4030
0202-11-01_13:28:51.250000      3171.09        3.45887700e+00        1.98277540e-08  24.8919  24.4030
0202-11-01_13:28:51.450000      3171.29        3.46835000e+00        2.14391940e-08  24.9079  24.3641
0202-11-01_13:28:51.656000      3171.50        3.47830200e+00        2.83187740e-08  24.9079  24.3641
0202-11-01_13:28:51.860000      3171.70        3.48749200e+00        2.76989940e-08  24.9079  24.3641
0202-11-01_13:28:52.062000      3171.90        3.49834500e+00        2.62115140e-08  24.9079  24.3641
0202-11-01_13:28:52.258000      3172.10        3.50830500e+00        3.30291240e-08  24.8661  24.4416
0202-11-01_13:28:52.465000      3172.31        3.51743300e+00        4.05904740e-08  24.8661  24.4416
0202-11-01_13:28:52.664000      3172.50        3.52817200e+00        4.36898240e-08  24.8661  24.4416
0202-11-01_13:28:52.863000      3172.70        3.53783900e+00        3.86080340e-08  24.8661  24.4416
0202-11-01_13:28:53.066000      3172.91        3.54718200e+00        4.24511140e-08  24.8661  24.4416
0202-11-01_13:28:53.277000      3173.12        3.55803700e+00        4.40007140e-08  24.8661  24.4416
0202-11-01_13:28:53.470000      3173.31        3.56757100e+00        5.28016340e-08  24.8491  24.3598
0202-11-01_13:28:53.670000      3173.51        3.57732400e+00        5.31735040e-08  24.8491  24.3598
0202-11-01_13:28:53.867000      3173.71        3.58755600e+00        6.31520140e-08  24.8491  24.3598
0202-11-01_13:28:54.062000      3173.90        3.59754900e+00        6.34619040e-08  24.8491  24.3598
0202-11-01_13:28:54.270000      3174.11        3.60680500e+00        7.12711640e-08  24.8491  24.3598
0202-11-01_13:28:54.465000      3174.31        3.61742100e+00        7.10232540e-08  24.9018  24.4229
0202-11-01_13:28:54.660000      3174.50        3.62730200e+00        8.11257140e-08  24.9018  24.4229
0202-11-01_13:28:54.867000      3174.71        3.63651000e+00        8.73855240e-08  24.9018  24.4229
0202-11-01_13:28:55.062000      3174.90        3.64695200e+00        1.00772834e-07  24.9018  24.4229
0202-11-01_13:28:55.277000      3175.12        3.65743100e+00        1.00524924e-07  24.9018  24.4229
0202-11-01_13:28:55.473000      3175.31        3.66664600e+00        1.13168494e-07  24.9240  24.4083
0202-11-01_13:28:55.668000      3175.51        3.67734800e+00        1.16639284e-07  24.9240  24.4083
0202-11-01_13:28:55.880000      3175.72        3.68703600e+00        1.27423504e-07  24.9240  24.4083
0202-11-01_13:28:56.074000      3175.91        3.69657600e+00        1.29902634e-07  24.9240  24.4083
0202-11-01_13:28:56.277000      3176.12        3.70670700e+00        1.36534314e-07  24.9240  24.4083
0202-11-01_13:28:56.477000      3176.32        3.71624900e+00        1.42856104e-07  24.9011  24.3742
0202-11-01_13:28:56.684000      3176.52        3.72636400e+00        1.51842954e-07  24.9011  24.3742
0202-11-01_13:28:56.883000      3176.72        3.73664700e+00        1.60333984e-07  24.9011  24.3742
0202-11-01_13:28:57.082000      3176.92        3.74654600e+00        1.71118204e-07  24.9011  24.3742
0202-11-01_13:28:57.300000      3177.14        3.75640000e+00        1.80229014e-07  24.8995  24.4489
0202-11-01_13:28:57.500000      3177.34        3.76654100e+00        1.94793914e-07  24.8995  24.4489
0202-11-01_13:28:57.710000      3177.55        3.77557900e+00        1.99132394e-07  24.8995  24.4489
0202-11-01_13:28:57.902000      3177.74        3.78631700e+00        2.16548294e-07  24.8995  24.4489
0202-11-01_13:28:58.110000      3177.95        3.79640600e+00        2.31547044e-07  24.8995  24.4489
0202-11-01_13:28:58.312000      3178.15        3.80585200e+00        2.47103594e-07  24.8995  24.4489
0202-11-01_13:28:58.504000      3178.34        3.81612300e+00        2.62846084e-07  24.8612  24.4051
0202-11-01_13:28:58.700000      3178.54        3.82617000e+00        2.83176504e-07  24.8612  24.4051
0202-11-01_13:28:58.900000      3178.74        3.83574100e+00        3.01027414e-07  24.8612  24.4051
0202-11-01_13:28:59.110000      3178.95        3.84581800e+00        3.17824694e-07  24.8612  24.4051
0202-11-01_13:28:59.312000      3179.15        3.85592100e+00        3.37781724e-07  24.8409  24.4256
0202-11-01_13:28:59.504000      3179.34        3.86533000e+00        3.55507534e-07  24.8409  24.4256
0202-11-01_13:28:59.707000      3179.55        3.87498100e+00        3.67655294e-07  24.8409  24.4256
0202-11-01_13:28:59.900000      3179.74        3.88541600e+00        3.95669514e-07  24.8409  24.4256
0202-11-01_13:29:00.098000      3179.94        3.89540400e+00        4.10916184e-07  24.8409  24.4256
0202-11-01_13:29:00.305000      3180.14        3.90510900e+00        4.36141384e-07  24.9787  24.4178
0202-11-01_13:29:00.500000      3180.34        3.91548600e+00        4.63845704e-07  24.9787  24.4178
0202-11-01_13:29:00.703000      3180.54        3.92521000e+00        4.87025614e-07  24.9787  24.4178
0202-11-01_13:29:00.906000      3180.75        3.93549400e+00        5.22229314e-07  24.9787  24.4178
0202-11-01_13:29:01.113000      3180.95        3.94478000e+00        5.39831174e-07  24.9787  24.4178
0202-11-01_13:29:01.316000      3181.16        3.95517600e+00        5.70944304e-07  24.9787  24.4178
0202-11-01_13:29:01.510000      3181.35        3.96492200e+00        6.07325604e-07  24.9274  24.4161
0202-11-01_13:29:01.707000      3181.55        3.97501600e+00        6.52569804e-07  24.9274  24.4161
0202-11-01_13:29:01.902000      3181.74        3.98504200e+00        6.86348004e-07  24.9274  24.4161
0202-11-01_13:29:02.098000      3181.94        3.99411000e+00        7.13680464e-07  24.9274  24.4161
0202-11-01_13:29:02.297000      3182.14        4.00489400e+00        7.67601634e-07  24.9111  24.4044
0202-11-01_13:29:02.492000      3182.33        4.01502100e+00        8.10118784e-07  24.9111  24.4044
0202-11-01_13:29:02.688000      3182.53        4.02408900e+00        8.51024504e-07  24.9111  24.4044
0202-11-01_13:29:02.895000      3182.73        4.03476600e+00        9.08230524e-07  24.9111  24.4044
0202-11-01_13:29:03.094000      3182.93        4.04486800e+00        9.45975344e-07  24.9111  24.4044
0202-11-01_13:29:03.290000      3183.13        4.05409800e+00        9.94256484e-07  24.8883  24.3612
0202-11-01_13:29:03.496000      3183.34        4.06459400e+00        1.06416807e-06  24.8883  24.3612
0202-11-01_13:29:03.690000      3183.53        4.07492100e+00        1.11839913e-06  24.8883  24.3612
0202-11-01_13:29:03.890000      3183.73        4.08456200e+00        1.18031551e-06  24.8883  24.3612
0202-11-01_13:29:04.090000      3183.93        4.09472500e+00        1.25047501e-06  24.8883  24.3612
0202-11-01_13:29:04.285000      3184.13        4.10471300e+00        1.31468459e-06  24.8898  24.4219
0202-11-01_13:29:04.480000      3184.32        4.11367500e+00        1.37077500e-06  24.8898  24.4219
0202-11-01_13:29:04.680000      3184.52        4.12418400e+00        1.46739928e-06  24.8898  24.4219
0202-11-01_13:29:04.875000      3184.72        4.13418100e+00        1.53830253e-06  24.8898  24.4219
0202-11-01_13:29:05.074000      3184.91        4.14328300e+00        1.61218075e-06  24.8898  24.4219
0202-11-01_13:29:05.285000      3185.12        4.15394200e+00        1.71692417e-06  24.9203  24.4001
0202-11-01_13:29:05.480000      3185.32        4.16370900e+00        1.79427316e-06  24.9203  24.4001
0202-11-01_13:29:05.688000      3185.53        4.17353400e+00        1.88073297e-06  24.9203  24.4001
0202-11-01_13:29:05.887000      3185.73        4.18417800e+00        1.99564084e-06  24.9203  24.4001
0202-11-01_13:29:06.100000      3185.94        4.19401500e+00        2.10968102e-06  24.9203  24.4001
0202-11-01_13:29:06.297000      3186.14        4.20357600e+00        2.20463186e-06  24.9203  24.4001
0202-11-01_13:29:06.500000      3186.34        4.21367100e+00        2.29679368e-06  24.9326  24.4455
0202-11-01_13:29:06.700000      3186.54        4.22385000e+00        2.44052149e-06  24.9326  24.4455
0202-11-01_13:29:06.902000      3186.74        4.23373300e+00        2.54086445e-06  24.9326  24.4455
0202-11-01_13:29:07.110000      3186.95        4.24358600e+00        2.69822750e-06  24.9326  24.4455
0202-11-01_13:29:07.305000      3187.15        4.25313200e+00        2.78140246e-06  24.9326  24.4455
0202-11-01_13:29:07.508000      3187.35        4.26302100e+00        2.91484186e-06  24.9635  24.3735
0202-11-01_13:29:07.703000      3187.54        4.27335900e+00        3.10821433e-06  24.9635  24.3735
0202-11-01_13:29:07.910000      3187.75        4.28350800e+00        3.24314122e-06  24.9635  24.3735
0202-11-01_13:29:08.113000      3187.95        4.29285800e+00        3.43750534e-06  24.9635  24.3735
0202-11-01_13:29:08.324000      3188.16        4.30311300e+00        3.58073733e-06  24.9635  24.3735
0202-11-01_13:29:08.520000      3188.36        4.31273200e+00        3.78477008e-06  24.9305  24.3964
0202-11-01_13:29:08.715000      3188.55        4.32257700e+00        3.93884827e-06  24.9305  24.3964
0202-11-01_13:29:08.918000      3188.76        4.33273600e+00        4.11121008e-06  24.9305  24.3964
0202-11-01_13:29:09.117000      3188.96        4.34303000e+00        4.35013665e-06  24.9305  24.3964
0202-11-01_13:29:09.320000      3189.16        4.35219900e+00        4.53731128e-06  24.9305  24.3964
0202-11-01_13:29:09.527000      3189.37        4.36285800e+00        4.79229024e-06  24.8877  24.4262
0202-11-01_13:29:09.720000      3189.56        4.37280800e+00        4.99167461e-06  24.8877  24.4262
0202-11-01_13:29:09.910000      3189.75        4.38171500e+00        5.19347614e-06  24.8877  24.4262
0202-11-01_13:29:10.117000      3189.96        4.39276700e+00        5.47987813e-06  24.8877  24.4262
0202-11-01_13:29:10.320000      3190.16        4.40232000e+00        5.70516945e-06  24.9063  24.3803
0202-11-01_13:29:10.520000      3190.36        4.41181000e+00        5.94254662e-06  24.9063  24.3803
0202-11-01_13:29:10.710000      3190.55        4.42222000e+00        6.26148752e-06  24.9063  24.3803
0202-11-01_13:29:10.906000      3190.75        4.43225100e+00        6.51968957e-06  24.9063  24.3803
0202-11-01_13:29:11.098000      3190.94        4.44175200e+00        6.78557683e-06  24.9063  24.3803
0202-11-01_13:29:11.305000      3191.15        4.45145400e+00        7.15905843e-06  24.8844  24.3695
0202-11-01_13:29:11.496000      3191.34        4.46194800e+00        7.44310533e-06  24.8844  24.3695
0202-11-01_13:29:11.690000      3191.53        4.47200200e+00        7.74345243e-06  24.8844  24.3695
0202-11-01_13:29:11.900000      3191.74        4.48096900e+00        8.14662163e-06  24.8844  24.3695
0202-11-01_13:29:12.090000      3191.93        4.49177100e+00        8.47058253e-06  24.8844  24.3695
0202-11-01_13:29:12.285000      3192.12        4.50188500e+00        8.81084373e-06  24.9305  24.4463
0202-11-01_13:29:12.490000      3192.33        4.51124100e+00        9.28473023e-06  24.9305  24.4463
0202-11-01_13:29:12.684000      3192.52        4.52162700e+00        9.64110583e-06  24.9305  24.4463
0202-11-01_13:29:12.880000      3192.72        4.53180100e+00        1.00086375e-05  24.9305  24.4463
0202-11-01_13:29:13.082000      3192.92        4.54198600e+00        1.05416514e-05  24.9305  24.4463
0202-11-01_13:29:13.277000      3193.12        4.55112500e+00        1.08203061e-05  24.9428  24.3633
0202-11-01_13:29:13.490000      3193.33        4.56121100e+00        1.12613441e-05  24.9428  24.3633
0202-11-01_13:29:13.695000      3193.54        4.57149000e+00        1.18658190e-05  24.9428  24.3633
0202-11-01_13:29:13.900000      3193.74        4.58120800e+00        1.24600055e-05  24.9428  24.3633
0202-11-01_13:29:14.098000      3193.94        4.59139400e+00        1.28991222e-05  24.9428  24.3633
0202-11-01_13:29:14.305000      3194.14        4.60161000e+00        1.35238021e-05  24.8860  24.4325
0202-11-01_13:29:14.496000      3194.34        4.61057600e+00        1.39973167e-05  24.8860  24.4325
0202-11-01_13:29:14.688000      3194.53        4.62110900e+00        1.53367930e-05  24.8860  24.4325
0202-11-01_13:29:14.895000      3194.73        4.63093900e+00        1.55273765e-05  24.8860  24.4325
0202-11-01_13:29:15.090000      3194.93        4.64073100e+00        1.58534446e-05  24.8860  24.4325
0202-11-01_13:29:15.285000      3195.12        4.65049500e+00        1.72134977e-05  24.9206  24.4108
0202-11-01_13:29:15.492000      3195.33        4.66094200e+00        1.74424457e-05  24.9206  24.4108
0202-11-01_13:29:15.684000      3195.53        4.67061700e+00        1.88044821e-05  24.9206  24.4108
0202-11-01_13:29:15.900000      3195.74        4.68029000e+00        1.88712328e-05  24.9206  24.4108
0202-11-01_13:29:16.098000      3195.94        4.69081900e+00        2.02789472e-05  24.9206  24.4108