# Ic = 3.78 A, n = 21.69 , Tavg = 24.91 K, f23-pulse-4ms-3
#datetime                        t_s     iHTS_A                vHTS_V                tHTS_K  tTAR_K
0202-11-01_17:46:27.906000      5029.13        1.66457400e-02       -4.55741850e-09  24.9214  24.4590
0202-11-01_17:46:28.105000      5029.33        1.34385300e-02       -3.37932850e-09  24.9214  24.4590
0202-11-01_17:46:28.310000      5029.53        2.24674600e-02       -3.19338850e-09  24.9214  24.4590
0202-11-01_17:46:28.510000      5029.73        3.27688100e-02       -1.70590850e-09  24.9214  24.4590
0202-11-01_17:46:28.715000      5029.94        4.27481000e-02        1.39301150e-09  24.9214  24.4590
0202-11-01_17:46:28.918000      5030.14        5.21960700e-02       -7.76238500e-10  24.9245  24.3827
0202-11-01_17:46:29.110000      5030.33        6.25048300e-02       -5.42461850e-09  24.9245  24.3827
0202-11-01_17:46:29.305000      5030.53        7.23624200e-02       -4.55691850e-09  24.9245  24.3827
0202-11-01_17:46:29.508000      5030.73        8.19128000e-02       -5.85846850e-09  24.9245  24.3827
0202-11-01_17:46:29.746000      5030.97        9.26232600e-02        6.41326150e-09  24.9245  24.3827
0202-11-01_17:46:29.940000      5031.16        1.01817400e-01        1.53441500e-10  25.0002  24.4199
0202-11-01_17:46:30.133000      5031.36        1.11537000e-01        3.68621150e-09  25.0002  24.4199
0202-11-01_17:46:30.332000      5031.56        1.21933300e-01        2.15421500e-10  25.0002  24.4199
0202-11-01_17:46:30.527000      5031.75        1.32209500e-01        4.05808150e-09  25.0002  24.4199
0202-11-01_17:46:30.742000      5031.96        1.41434800e-01        8.97181500e-10  25.0002  24.4199
0202-11-01_17:46:30.934000      5032.16        1.51673800e-01       -7.14258500e-10  24.9287  24.4388
0202-11-01_17:46:31.130000      5032.35        1.61890600e-01       -1.82986850e-09  24.9287  24.4388
0202-11-01_17:46:31.332000      5032.56        1.70346200e-01       -5.28318500e-10  24.9287  24.4388
0202-11-01_17:46:31.527000      5032.75        1.81653800e-01       -1.70590850e-09  24.9287  24.4388
0202-11-01_17:46:31.740000      5032.96        1.91308100e-01       -2.01579850e-09  24.9287  24.4388
0202-11-01_17:46:31.938000      5033.16        2.01312600e-01       -6.29230850e-09  24.9273  24.3704
0202-11-01_17:46:32.145000      5033.37        2.11357200e-01       -5.11471850e-09  24.9273  24.3704
0202-11-01_17:46:32.360000      5033.58        2.20403000e-01       -2.80408500e-10  24.9273  24.3704
0202-11-01_17:46:32.555000      5033.78        2.31217800e-01       -8.38208500e-10  24.9273  24.3704
0202-11-01_17:46:32.766000      5033.99        2.41281700e-01       -5.05274850e-09  24.9273  24.3704
0202-11-01_17:46:32.977000      5034.20        2.50405400e-01       -1.26760885e-08  24.9015  24.4489
0202-11-01_17:46:33.170000      5034.40        2.60996100e-01       -1.88119485e-08  24.9015  24.4489
0202-11-01_17:46:33.383000      5034.61        2.70987300e-01       -2.21587885e-08  24.9015  24.4489
0202-11-01_17:46:33.594000      5034.82        2.80365500e-01       -2.81709485e-08  24.9015  24.4489
0202-11-01_17:46:33.785000      5035.01        2.90699500e-01       -2.43905285e-08  24.9498  24.3758
0202-11-01_17:46:33.992000      5035.22        3.00233500e-01       -1.94945885e-08  24.9498  24.3758
0202-11-01_17:46:34.188000      5035.41        3.10668400e-01       -2.01763485e-08  24.9498  24.3758
0202-11-01_17:46:34.387000      5035.61        3.20266300e-01       -1.97424985e-08  24.9498  24.3758
0202-11-01_17:46:34.586000      5035.81        3.29461200e-01       -2.36471385e-08  24.9498  24.3758
0202-11-01_17:46:34.780000      5036.01        3.40522500e-01       -2.58163785e-08  24.9200  24.4074
0202-11-01_17:46:35.016000      5036.24        3.50458700e-01       -3.03407985e-08  24.9200  24.4074
0202-11-01_17:46:35.220000      5036.44        3.60108500e-01       -3.00309085e-08  24.9200  24.4074
0202-11-01_17:46:35.426000      5036.65        3.69897800e-01       -2.29653785e-08  24.9200  24.4074
0202-11-01_17:46:35.620000      5036.84        3.79851900e-01       -2.63741885e-08  24.9200  24.4074
0202-11-01_17:46:35.820000      5037.04        3.89994400e-01       -3.49271985e-08  24.9783  24.3949
0202-11-01_17:46:36.027000      5037.25        3.99731100e-01       -4.12489985e-08  24.9783  24.3949
0202-11-01_17:46:36.220000      5037.44        4.09523400e-01       -4.13109785e-08  24.9783  24.3949
0202-11-01_17:46:36.414000      5037.64        4.19725300e-01       -3.51131385e-08  24.9783  24.3949
0202-11-01_17:46:36.613000      5037.84        4.29707600e-01       -3.96995385e-08  24.9783  24.3949
0202-11-01_17:46:36.805000      5038.03        4.38932900e-01       -4.50916585e-08  24.9146  24.4065
0202-11-01_17:46:37.004000      5038.23        4.49485100e-01       -4.81285985e-08  24.9146  24.4065
0202-11-01_17:46:37.200000      5038.42        4.59761200e-01       -4.67650785e-08  24.9146  24.4065
0202-11-01_17:46:37.395000      5038.62        4.68630400e-01       -5.24051085e-08  24.9146  24.4065
0202-11-01_17:46:37.600000      5038.82        4.79234700e-01       -5.50081985e-08  24.9146  24.4065
0202-11-01_17:46:37.797000      5039.02        4.89249600e-01       -5.55660085e-08  24.9430  24.4461
0202-11-01_17:46:37.990000      5039.21        4.98383000e-01       -5.73013985e-08  24.9430  24.4461
0202-11-01_17:46:38.195000      5039.42        5.08954400e-01       -5.81690985e-08  24.9430  24.4461
0202-11-01_17:46:38.387000      5039.61        5.18831300e-01       -5.39545685e-08  24.9430  24.4461
0202-11-01_17:46:38.582000      5039.81        5.28338600e-01       -5.03598185e-08  24.9430  24.4461
0202-11-01_17:46:38.790000      5040.01        5.38844800e-01       -4.36661585e-08  24.9413  24.3822
0202-11-01_17:46:38.980000      5040.20        5.48637100e-01       -4.67650785e-08  24.9413  24.3822
0202-11-01_17:46:39.180000      5040.40        5.57750900e-01       -4.01953685e-08  24.9413  24.3822
0202-11-01_17:46:39.387000      5040.61        5.68331200e-01       -4.81285985e-08  24.9413  24.3822
0202-11-01_17:46:39.580000      5040.80        5.78384700e-01       -4.49056085e-08  24.9413  24.3822
0202-11-01_17:46:39.773000      5041.00        5.87810400e-01       -4.57731785e-08  24.9413  24.3822
0202-11-01_17:46:39.980000      5041.20        5.98343300e-01       -3.80877085e-08  24.9268  24.4166
0202-11-01_17:46:40.170000      5041.40        6.08192000e-01       -3.75298985e-08  24.9268  24.4166
0202-11-01_17:46:40.363000      5041.59        6.17314900e-01       -4.40376285e-08  24.9268  24.4166
0202-11-01_17:46:40.574000      5041.80        6.27908600e-01       -4.38516985e-08  24.9268  24.4166
0202-11-01_17:46:40.770000      5041.99        6.38119900e-01       -5.04833785e-08  24.9268  24.4166
0202-11-01_17:46:40.965000      5042.19        6.46908900e-01       -4.83141385e-08  24.8799  24.3589
0202-11-01_17:46:41.176000      5042.40        6.57879600e-01       -4.89339185e-08  24.8799  24.3589
0202-11-01_17:46:41.367000      5042.59        6.67183600e-01       -5.04833785e-08  24.8799  24.3589
0202-11-01_17:46:41.566000      5042.79        6.77149500e-01       -4.88099685e-08  24.8799  24.3589
0202-11-01_17:46:41.773000      5043.00        6.87510200e-01       -4.27360885e-08  24.8799  24.3589
0202-11-01_17:46:41.970000      5043.19        6.97529600e-01       -4.05668385e-08  24.9561  24.3674
0202-11-01_17:46:42.168000      5043.39        7.06355700e-01       -3.75918785e-08  24.9561  24.3674
0202-11-01_17:46:42.363000      5043.59        7.17608900e-01       -3.50507585e-08  24.9561  24.3674
0202-11-01_17:46:42.555000      5043.78        7.27301800e-01       -3.67861585e-08  24.9561  24.3674
0202-11-01_17:46:42.746000      5043.97        7.36571700e-01       -3.94512285e-08  24.9675  24.4544
0202-11-01_17:46:42.940000      5044.17        7.46326800e-01       -4.15584985e-08  24.9675  24.4544
0202-11-01_17:46:43.137000      5044.36        7.56849300e-01       -4.68886385e-08  24.9675  24.4544
0202-11-01_17:46:43.330000      5044.55        7.66968100e-01       -4.17444285e-08  24.9675  24.4544
0202-11-01_17:46:43.535000      5044.76        7.75875800e-01       -4.08767285e-08  24.9675  24.4544
0202-11-01_17:46:43.734000      5044.96        7.86793100e-01       -4.31699285e-08  24.9675  24.4544
0202-11-01_17:46:43.926000      5045.15        7.96647900e-01       -4.68266585e-08  24.9014  24.3752
0202-11-01_17:46:44.120000      5045.34        8.06205700e-01       -4.57730285e-08  24.9014  24.3752
0202-11-01_17:46:44.316000      5045.54        8.16288900e-01       -3.92033185e-08  24.9014  24.3752
0202-11-01_17:46:44.508000      5045.73        8.26346800e-01       -3.94512285e-08  24.9014  24.3752
0202-11-01_17:46:44.754000      5045.98        8.36622900e-01       -3.69101185e-08  24.9014  24.3752
0202-11-01_17:46:44.957000      5046.18        8.46293500e-01       -3.51127385e-08  24.8942  24.4080
0202-11-01_17:46:45.150000      5046.37        8.56109600e-01       -2.95346885e-08  24.8942  24.4080
0202-11-01_17:46:45.350000      5046.58        8.65215600e-01       -3.17659085e-08  24.8942  24.4080
0202-11-01_17:46:45.555000      5046.78        8.76208500e-01       -3.19514885e-08  24.8942  24.4080
0202-11-01_17:46:45.758000      5046.98        8.86348100e-01       -2.68688985e-08  24.8942  24.4080
0202-11-01_17:46:45.965000      5047.19        8.95751500e-01       -2.94715085e-08  24.9042  24.4266
0202-11-01_17:46:46.156000      5047.38        9.06042500e-01       -2.92235985e-08  24.9042  24.4266
0202-11-01_17:46:46.350000      5047.57        9.16204300e-01       -3.40579185e-08  24.9042  24.4266
0202-11-01_17:46:46.555000      5047.78        9.25656700e-01       -2.82939185e-08  24.9042  24.4266
0202-11-01_17:46:46.777000      5048.00        9.35592900e-01       -2.43892785e-08  24.9042  24.4266
0202-11-01_17:46:46.980000      5048.20        9.45599800e-01       -2.42653285e-08  24.9449  24.3580
0202-11-01_17:46:47.170000      5048.40        9.54549100e-01       -2.74262285e-08  24.9449  24.3580
0202-11-01_17:46:47.380000      5048.60        9.65732000e-01       -2.32736685e-08  24.9449  24.3580
0202-11-01_17:46:47.570000      5048.79        9.75755800e-01       -1.93070485e-08  24.9449  24.3580
0202-11-01_17:46:47.770000      5048.99        9.84194600e-01       -1.15597485e-08  24.9449  24.3580
0202-11-01_17:46:47.965000      5049.19        9.95427900e-01       -1.76956085e-08  24.9127  24.4474
0202-11-01_17:46:48.156000      5049.38        1.00540700e+00       -2.00507885e-08  24.9127  24.4474
0202-11-01_17:46:48.350000      5049.58        1.01460100e+00       -2.40174085e-08  24.9127  24.4474
0202-11-01_17:46:48.547000      5049.77        1.02496700e+00       -2.25299285e-08  24.9127  24.4474
0202-11-01_17:46:48.760000      5049.99        1.03523700e+00       -2.32116885e-08  24.9127  24.4474
0202-11-01_17:46:48.957000      5050.18        1.04518400e+00       -1.47206485e-08  24.8776  24.3718
0202-11-01_17:46:49.150000      5050.37        1.05496700e+00       -1.22415085e-08  24.8776  24.3718
0202-11-01_17:46:49.340000      5050.56        1.06497400e+00       -5.05201850e-09  24.8776  24.3718
0202-11-01_17:46:49.547000      5050.77        1.07415700e+00       -7.96499850e-09  24.8776  24.3718
0202-11-01_17:46:49.742000      5050.97        1.08535400e+00       -1.39149285e-08  24.8776  24.3718
0202-11-01_17:46:49.938000      5051.16        1.09509200e+00       -1.65180185e-08  24.9156  24.4050
0202-11-01_17:46:50.133000      5051.36        1.10364500e+00       -1.68279185e-08  24.9156  24.4050
0202-11-01_17:46:50.324000      5051.55        1.11487100e+00       -1.07540285e-08  24.9156  24.4050
0202-11-01_17:46:50.520000      5051.74        1.12483000e+00       -3.87442850e-09  24.9156  24.4050
0202-11-01_17:46:50.730000      5051.96        1.13435200e+00       -3.25463850e-09  24.9156  24.4050
0202-11-01_17:46:50.926000      5052.15        1.14467100e+00        3.12913150e-09  24.9282  24.4302
0202-11-01_17:46:51.117000      5052.34        1.15457800e+00       -3.13068850e-09  24.9282  24.4302
0202-11-01_17:46:51.324000      5052.55        1.16442800e+00       -1.08539850e-09  24.9282  24.4302
0202-11-01_17:46:51.516000      5052.74        1.17425600e+00       -2.75884850e-09  24.9282  24.4302
0202-11-01_17:46:51.750000      5052.97        1.18484500e+00       -3.25471850e-09  24.9282  24.4302
0202-11-01_17:46:51.940000      5053.17        1.19395300e+00        1.33165150e-09  24.9182  24.3625
0202-11-01_17:46:52.150000      5053.37        1.20386800e+00        8.08730150e-09  24.9182  24.3625
0202-11-01_17:46:52.340000      5053.56        1.21398700e+00        1.37893215e-08  24.9182  24.3625
0202-11-01_17:46:52.530000      5053.76        1.22268200e+00        1.20539215e-08  24.9182  24.3625
0202-11-01_17:46:52.742000      5053.97        1.23405400e+00        8.45917150e-09  24.9182  24.3625
0202-11-01_17:46:52.938000      5054.16        1.24389700e+00        1.01945715e-08  24.9204  24.4478
0202-11-01_17:46:53.130000      5054.35        1.25273200e+00        1.03805015e-08  24.9204  24.4478
0202-11-01_17:46:53.340000      5054.56        1.26382100e+00        1.13721615e-08  24.9204  24.4478
0202-11-01_17:46:53.535000      5054.76        1.27349700e+00        8.21126150e-09  24.9204  24.4478
0202-11-01_17:46:53.750000      5054.97        1.28287700e+00        8.76906150e-09  24.9204  24.4478
0202-11-01_17:46:53.940000      5055.17        1.29333100e+00        1.07523715e-08  24.9288  24.3694
0202-11-01_17:46:54.145000      5055.37        1.30334300e+00        1.43471215e-08  24.9288  24.3694
0202-11-01_17:46:54.340000      5055.56        1.31273500e+00        1.44091015e-08  24.9288  24.3694
0202-11-01_17:46:54.530000      5055.75        1.32341700e+00        9.82270150e-09  24.9288  24.3694
0202-11-01_17:46:54.746000      5055.97        1.33333400e+00        5.11234150e-09  24.9288  24.3694
0202-11-01_17:46:54.940000      5056.16        1.34305400e+00        4.86442150e-09  24.9397  24.4294
0202-11-01_17:46:55.133000      5056.36        1.35335400e+00        6.72378150e-09  24.9397  24.4294
0202-11-01_17:46:55.324000      5056.55        1.36241200e+00        1.32315115e-08  24.9397  24.4294
0202-11-01_17:46:55.530000      5056.75        1.37207900e+00        1.59585615e-08  24.9397  24.4294
0202-11-01_17:46:55.742000      5056.97        1.38283800e+00        1.38512915e-08  24.9397  24.4294
0202-11-01_17:46:55.953000      5057.17        1.39251300e+00        7.46752150e-09  24.9264  24.4236
0202-11-01_17:46:56.145000      5057.37        1.39907000e+00        7.46752150e-09  24.9264  24.4236
0202-11-01_17:46:56.350000      5057.57        1.41240700e+00        1.00086315e-08  24.9264  24.4236
0202-11-01_17:46:56.543000      5057.77        1.42224500e+00        1.13721615e-08  24.9264  24.4236
0202-11-01_17:46:56.750000      5057.97        1.43220300e+00        6.47586150e-09  24.9264  24.4236
0202-11-01_17:46:56.945000      5058.17        1.44276300e+00        6.78575150e-09  24.8678  24.3545
0202-11-01_17:46:57.137000      5058.36        1.45266800e+00        2.57122150e-09  24.8678  24.3545
0202-11-01_17:46:57.332000      5058.55        1.46135100e+00        5.48421150e-09  24.8678  24.3545
0202-11-01_17:46:57.530000      5058.76        1.47208300e+00       -1.20946850e-09  24.8678  24.3545
0202-11-01_17:46:57.740000      5058.96        1.48227700e+00        5.17429150e-09  24.8678  24.3545
0202-11-01_17:46:57.930000      5059.15        1.49155200e+00        4.80241150e-09  24.9226  24.4411
0202-11-01_17:46:58.133000      5059.36        1.50226600e+00        7.21957150e-09  24.9226  24.4411
0202-11-01_17:46:58.336000      5059.56        1.51231900e+00        5.54615150e-09  24.9226  24.4411
0202-11-01_17:46:58.530000      5059.75        1.52117300e+00        6.72374150e-09  24.9226  24.4411
0202-11-01_17:46:58.740000      5059.96        1.53220900e+00        1.51755150e-09  24.9226  24.4411
0202-11-01_17:46:58.934000      5060.16        1.54177300e+00        4.18263150e-09  24.9109  24.3663
0202-11-01_17:46:59.125000      5060.35        1.55086900e+00        5.67011150e-09  24.9109  24.3663
0202-11-01_17:46:59.332000      5060.55        1.56141100e+00        1.33554315e-08  24.9109  24.3663
0202-11-01_17:46:59.523000      5060.75        1.57153000e+00        1.49048915e-08  24.9109  24.3663
0202-11-01_17:46:59.720000      5060.94        1.58099100e+00        9.88464150e-09  24.9109  24.3663
0202-11-01_17:46:59.934000      5061.16        1.59136800e+00        8.95496150e-09  24.8536  24.4008
0202-11-01_17:47:00.125000      5061.35        1.60120300e+00        4.49252150e-09  24.8536  24.4008
0202-11-01_17:47:00.320000      5061.54        1.61082800e+00        1.45330215e-08  24.8536  24.4008
0202-11-01_17:47:00.516000      5061.74        1.62168100e+00        1.52147815e-08  24.8536  24.4008
0202-11-01_17:47:00.742000      5061.97        1.63115900e+00        1.85616215e-08  24.8536  24.4008
0202-11-01_17:47:00.938000      5062.16        1.64119800e+00        1.75079915e-08  24.8849  24.4224
0202-11-01_17:47:01.140000      5062.36        1.65096600e+00        1.27976315e-08  24.8849  24.4224
0202-11-01_17:47:01.340000      5062.56        1.66055900e+00        1.26736715e-08  24.8849  24.4224
0202-11-01_17:47:01.530000      5062.76        1.67025200e+00        1.34793915e-08  24.8849  24.4224
0202-11-01_17:47:01.740000      5062.96        1.68077900e+00        1.68262215e-08  24.8849  24.4224
0202-11-01_17:47:01.934000      5063.15        1.69036900e+00        2.21563715e-08  24.9135  24.3584
0202-11-01_17:47:02.125000      5063.35        1.70023600e+00        2.35198915e-08  24.9135  24.3584
0202-11-01_17:47:02.332000      5063.55        1.71040500e+00        2.64328815e-08  24.9135  24.3584
0202-11-01_17:47:02.523000      5063.75        1.72060200e+00        2.34579115e-08  24.9135  24.3584
0202-11-01_17:47:02.723000      5063.95        1.73009900e+00        2.17845015e-08  24.9135  24.3584
0202-11-01_17:47:02.918000      5064.14        1.74075400e+00        1.98631715e-08  24.9192  24.4517
0202-11-01_17:47:03.113000      5064.34        1.75064600e+00        2.15365815e-08  24.9192  24.4517
0202-11-01_17:47:03.305000      5064.53        1.75917100e+00        2.03589915e-08  24.9192  24.4517
0202-11-01_17:47:03.508000      5064.73        1.77035200e+00        2.35819415e-08  24.9192  24.4517
0202-11-01_17:47:03.715000      5064.94        1.77660800e+00        2.74866815e-08  24.9192  24.4517
0202-11-01_17:47:03.906000      5065.13        1.78983100e+00        2.76107115e-08  24.9021  24.3745
0202-11-01_17:47:04.110000      5065.33        1.79993200e+00        2.69909315e-08  24.9021  24.3745
0202-11-01_17:47:04.312000      5065.53        1.81000600e+00        2.15368315e-08  24.9021  24.3745
0202-11-01_17:47:04.504000      5065.73        1.81928400e+00        2.16607815e-08  24.9021  24.3745
0202-11-01_17:47:04.715000      5065.94        1.82991600e+00        2.69909315e-08  24.9021  24.3745
0202-11-01_17:47:04.934000      5066.16        1.83939600e+00        3.20731615e-08  24.9570  24.4028
0202-11-01_17:47:05.137000      5066.36        1.84951100e+00        3.26929415e-08  24.9570  24.4028
0202-11-01_17:47:05.340000      5066.56        1.85973500e+00        3.05856815e-08  24.9570  24.4028
0202-11-01_17:47:05.543000      5066.77        1.86903900e+00        3.13914015e-08  24.9570  24.4028
0202-11-01_17:47:05.740000      5066.96        1.87918300e+00        3.07716115e-08  24.9570  24.4028
0202-11-01_17:47:05.940000      5067.16        1.88920100e+00        3.25070115e-08  24.9226  24.4302
0202-11-01_17:47:06.133000      5067.36        1.89899500e+00        3.12054615e-08  24.9226  24.4302
0202-11-01_17:47:06.324000      5067.55        1.90830200e+00        3.03997415e-08  24.9226  24.4302
0202-11-01_17:47:06.530000      5067.76        1.91907300e+00        3.60397815e-08  24.9226  24.4302
0202-11-01_17:47:06.734000      5067.96        1.92876600e+00        4.01303515e-08  24.9226  24.4302
0202-11-01_17:47:06.926000      5068.15        1.93828000e+00        4.00064015e-08  24.8883  24.3567
0202-11-01_17:47:07.125000      5068.35        1.94860700e+00        3.83329815e-08  24.8883  24.3567
0202-11-01_17:47:07.320000      5068.54        1.95883700e+00        3.15153515e-08  24.8883  24.3567
0202-11-01_17:47:07.510000      5068.74        1.96769900e+00        3.31267915e-08  24.8883  24.3567
0202-11-01_17:47:07.734000      5068.96        1.97883500e+00        3.74652815e-08  24.8883  24.3567
0202-11-01_17:47:07.934000      5069.16        1.98860200e+00        3.97584815e-08  24.9019  24.4393
0202-11-01_17:47:08.137000      5069.36        1.99796500e+00        3.91387015e-08  24.9019  24.4393
0202-11-01_17:47:08.330000      5069.55        2.00827000e+00        3.96965015e-08  24.9019  24.4393
0202-11-01_17:47:08.523000      5069.75        2.01855800e+00        4.36631215e-08  24.9019  24.4393
0202-11-01_17:47:08.750000      5069.97        2.02800100e+00        4.22996015e-08  24.9019  24.4393
0202-11-01_17:47:08.953000      5070.18        2.03816700e+00        3.71553915e-08  24.9445  24.3709
0202-11-01_17:47:09.156000      5070.38        2.04746500e+00        3.92006815e-08  24.9445  24.3709
0202-11-01_17:47:09.350000      5070.57        2.05773500e+00        3.56057715e-08  24.9445  24.3709
0202-11-01_17:47:09.550000      5070.78        2.06785300e+00        4.32906115e-08  24.9445  24.3709
0202-11-01_17:47:09.760000      5070.98        2.07749000e+00        4.05629315e-08  24.8682  24.3999
0202-11-01_17:47:09.953000      5071.18        2.08780400e+00        4.13063515e-08  24.8682  24.3999
0202-11-01_17:47:10.160000      5071.38        2.09767800e+00        3.75256715e-08  24.8682  24.3999
0202-11-01_17:47:10.350000      5071.58        2.10789100e+00        3.14517815e-08  24.8682  24.3999
0202-11-01_17:47:10.543000      5071.77        2.11726200e+00        3.81454515e-08  24.8682  24.3999
0202-11-01_17:47:10.766000      5071.99        2.12739600e+00        3.89511715e-08  24.8773  24.4237
0202-11-01_17:47:10.957000      5072.18        2.13729200e+00        4.01907415e-08  24.8773  24.4237
0202-11-01_17:47:11.160000      5072.38        2.14683200e+00        3.31871815e-08  24.8773  24.4237
0202-11-01_17:47:11.350000      5072.58        2.15727600e+00        3.61001615e-08  24.8773  24.4237
0202-11-01_17:47:11.547000      5072.77        2.16726700e+00        4.24219615e-08  24.8773  24.4237
0202-11-01_17:47:11.760000      5072.99        2.17626600e+00        4.10584315e-08  24.8773  24.4237
0202-11-01_17:47:11.957000      5073.18        2.18687500e+00        4.29177915e-08  24.9013  24.3542
0202-11-01_17:47:12.160000      5073.38        2.19707400e+00        4.19261315e-08  24.9013  24.3542
0202-11-01_17:47:12.363000      5073.59        2.20635300e+00        4.90536515e-08  24.9013  24.3542
0202-11-01_17:47:12.566000      5073.79        2.21704500e+00        4.95494715e-08  24.9013  24.3542
0202-11-01_17:47:12.773000      5074.00        2.22699700e+00        4.00667815e-08  24.9013  24.3542
0202-11-01_17:47:12.965000      5074.19        2.23663200e+00        3.77735815e-08  24.8794  24.4426
0202-11-01_17:47:13.168000      5074.39        2.24663500e+00        3.44267515e-08  24.8794  24.4426
0202-11-01_17:47:13.370000      5074.59        2.25657300e+00        4.02527215e-08  24.8794  24.4426
0202-11-01_17:47:13.562000      5074.79        2.26591100e+00        4.20500915e-08  24.8794  24.4426
0202-11-01_17:47:13.770000      5074.99        2.27672800e+00        4.37235115e-08  24.8794  24.4426
0202-11-01_17:47:13.965000      5075.19        2.28636400e+00        4.63266015e-08  24.9390  24.3756
0202-11-01_17:47:14.156000      5075.38        2.29549700e+00        4.19261315e-08  24.9390  24.3756
0202-11-01_17:47:14.363000      5075.59        2.30617500e+00        4.12443715e-08  24.9390  24.3756
0202-11-01_17:47:14.560000      5075.78        2.31616900e+00        3.02122215e-08  24.9390  24.3756
0202-11-01_17:47:14.760000      5075.99        2.32605600e+00        3.05221115e-08  24.9390  24.3756
0202-11-01_17:47:14.957000      5076.18        2.33603600e+00        2.66174715e-08  24.9472  24.4013
0202-11-01_17:47:15.152000      5076.37        2.34591300e+00        3.59142315e-08  24.9472  24.4013
0202-11-01_17:47:15.344000      5076.57        2.35492300e+00        3.28152515e-08  24.9472  24.4013
0202-11-01_17:47:15.547000      5076.77        2.36596500e+00        3.52322315e-08  24.9472  24.4013
0202-11-01_17:47:15.750000      5076.97        2.37602700e+00        2.90961415e-08  24.9472  24.4013
0202-11-01_17:47:15.940000      5077.17        2.38503200e+00        3.25668115e-08  24.8865  24.4250
0202-11-01_17:47:16.145000      5077.37        2.39543000e+00        2.96538315e-08  24.8865  24.4250
0202-11-01_17:47:16.348000      5077.57        2.40582900e+00        3.11413115e-08  24.8865  24.4250
0202-11-01_17:47:16.540000      5077.76        2.41518800e+00        3.28147215e-08  24.8865  24.4250
0202-11-01_17:47:16.746000      5077.97        2.42561900e+00        3.57277115e-08  24.8865  24.4250
0202-11-01_17:47:16.950000      5078.17        2.43527900e+00        3.75870615e-08  24.9025  24.3507
0202-11-01_17:47:17.145000      5078.37        2.44458000e+00        3.31865915e-08  24.9025  24.3507
0202-11-01_17:47:17.348000      5078.57        2.45537900e+00        3.39923115e-08  24.9025  24.3507
0202-11-01_17:47:17.543000      5078.77        2.46506500e+00        3.09553715e-08  24.9025  24.3507
0202-11-01_17:47:17.740000      5078.96        2.47480000e+00        3.59756215e-08  24.9025  24.3507
0202-11-01_17:47:17.940000      5079.17        2.48515200e+00        2.85382215e-08  24.9278  24.4382
0202-11-01_17:47:18.137000      5079.36        2.49524400e+00        2.89100915e-08  24.9278  24.4382
0202-11-01_17:47:18.340000      5079.56        2.50431300e+00        2.25263115e-08  24.9278  24.4382
0202-11-01_17:47:18.530000      5079.75        2.51480700e+00        2.21544415e-08  24.9278  24.4382
0202-11-01_17:47:18.746000      5079.97        2.52512400e+00        1.52748415e-08  24.9278  24.4382
0202-11-01_17:47:18.950000      5080.17        2.53430300e+00        1.92414615e-08  24.8819  24.3627
0202-11-01_17:47:19.152000      5080.38        2.54457800e+00        2.02331115e-08  24.8819  24.3627
0202-11-01_17:47:19.355000      5080.58        2.55419200e+00        2.40757715e-08  24.8819  24.3627
0202-11-01_17:47:19.547000      5080.77        2.56388300e+00        2.06049815e-08  24.8819  24.3627
0202-11-01_17:47:19.758000      5080.98        2.57479200e+00        1.42831915e-08  24.8819  24.3627
0202-11-01_17:47:19.950000      5081.17        2.58435100e+00        1.86216715e-08  24.8478  24.3935
0202-11-01_17:47:20.145000      5081.37        2.59401400e+00        2.26502715e-08  24.8478  24.3935
0202-11-01_17:47:20.348000      5081.57        2.60421900e+00        2.37658815e-08  24.8478  24.3935
0202-11-01_17:47:20.543000      5081.76        2.61420400e+00        2.53153415e-08  24.8478  24.3935
0202-11-01_17:47:20.760000      5081.99        2.62369300e+00        2.22164215e-08  24.8478  24.3935
0202-11-01_17:47:20.957000      5082.18        2.63422800e+00        2.71746915e-08  24.9049  24.4266
0202-11-01_17:47:21.150000      5082.37        2.64408400e+00        2.38898415e-08  24.9049  24.4266
0202-11-01_17:47:21.350000      5082.57        2.65354000e+00        2.65551915e-08  24.9049  24.4266
0202-11-01_17:47:21.543000      5082.77        2.66314300e+00        2.06683615e-08  24.9049  24.4266
0202-11-01_17:47:21.760000      5082.98        2.67420800e+00        2.17228415e-08  24.9049  24.4266
0202-11-01_17:47:21.965000      5083.19        2.68295700e+00        2.06697615e-08  24.9108  24.3577
0202-11-01_17:47:22.156000      5083.38        2.69369500e+00        2.58759515e-08  24.9108  24.3577
0202-11-01_17:47:22.363000      5083.58        2.70350800e+00        2.83550915e-08  24.9108  24.3577
0202-11-01_17:47:22.555000      5083.78        2.71289100e+00        2.76113515e-08  24.9108  24.3577
0202-11-01_17:47:22.760000      5083.99        2.72363000e+00        2.61858415e-08  24.9264  24.4456
0202-11-01_17:47:22.953000      5084.18        2.73324000e+00        3.12680815e-08  24.9264  24.4456
0202-11-01_17:47:23.150000      5084.37        2.74243700e+00        3.22597315e-08  24.9264  24.4456
0202-11-01_17:47:23.340000      5084.56        2.75320700e+00        3.54206315e-08  24.9264  24.4456
0202-11-01_17:47:23.547000      5084.77        2.76309000e+00        3.35612815e-08  24.9264  24.4456
0202-11-01_17:47:23.750000      5084.97        2.77215100e+00        3.48008515e-08  24.9264  24.4456
0202-11-01_17:47:23.945000      5085.17        2.78322500e+00        3.12061015e-08  24.9538  24.3765
0202-11-01_17:47:24.140000      5085.36        2.79321000e+00        3.26935815e-08  24.9538  24.3765
0202-11-01_17:47:24.332000      5085.56        2.80225900e+00        3.05863115e-08  24.9538  24.3765
0202-11-01_17:47:24.543000      5085.76        2.81305000e+00        2.97805915e-08  24.9538  24.3765
0202-11-01_17:47:24.742000      5085.96        2.82269000e+00        3.24456715e-08  24.9538  24.3765
0202-11-01_17:47:24.934000      5086.16        2.83193600e+00        2.82311315e-08  24.8923  24.3989
0202-11-01_17:47:25.145000      5086.37        2.84273000e+00        3.29414915e-08  24.8923  24.3989
0202-11-01_17:47:25.336000      5086.56        2.85276200e+00        2.75493715e-08  24.8923  24.3989
0202-11-01_17:47:25.530000      5086.75        2.86164200e+00        3.57305215e-08  24.8923  24.3989
0202-11-01_17:47:25.740000      5086.96        2.87215600e+00        3.27555615e-08  24.8923  24.3989
0202-11-01_17:47:25.934000      5087.16        2.88214100e+00        4.15565015e-08  24.8915  24.4284
0202-11-01_17:47:26.130000      5087.35        2.89129600e+00        3.75898815e-08  24.8915  24.4284
0202-11-01_17:47:26.336000      5087.56        2.90206800e+00        3.57305215e-08  24.8915  24.4284
0202-11-01_17:47:26.535000      5087.76        2.91217700e+00        2.55660615e-08  24.8915  24.4284
0202-11-01_17:47:26.746000      5087.97        2.92151900e+00        2.47603415e-08  24.8915  24.4284
0202-11-01_17:47:26.940000      5088.17        2.93205900e+00        2.19713115e-08  24.9365  24.3524
0202-11-01_17:47:27.145000      5088.37        2.94196400e+00        2.54421015e-08  24.9365  24.3524
0202-11-01_17:47:27.348000      5088.57        2.95145300e+00        1.45342115e-08  24.9365  24.3524
0202-11-01_17:47:27.540000      5088.76        2.96177000e+00        1.35430315e-08  24.9365  24.3524
0202-11-01_17:47:27.754000      5088.98        2.97166600e+00        7.53175150e-09  24.8888  24.4435
0202-11-01_17:47:27.945000      5089.17        2.98135600e+00        1.36677715e-08  24.8888  24.4435
0202-11-01_17:47:28.137000      5089.36        2.99157500e+00        1.28000715e-08  24.8888  24.4435
0202-11-01_17:47:28.344000      5089.57        3.00172400e+00        1.83781315e-08  24.8888  24.4435
0202-11-01_17:47:28.540000      5089.76        3.01039300e+00        1.19943515e-08  24.8888  24.4435
0202-11-01_17:47:28.734000      5089.96        3.02131600e+00        6.60223150e-09  24.8888  24.4435
0202-11-01_17:47:28.940000      5090.17        3.03125400e+00        1.70593150e-09  24.8619  24.3718
0202-11-01_17:47:29.133000      5090.36        3.04056500e+00        4.92881150e-09  24.8619  24.3718
0202-11-01_17:47:29.332000      5090.56        3.05126900e+00        7.77982150e-09  24.8619  24.3718
0202-11-01_17:47:29.535000      5090.76        3.06127500e+00        1.41016215e-08  24.8619  24.3718
0202-11-01_17:47:29.742000      5090.97        3.07093500e+00        1.27381015e-08  24.9101  24.3967
0202-11-01_17:47:29.940000      5091.16        3.08119200e+00        1.42255815e-08  24.9101  24.3967
0202-11-01_17:47:30.133000      5091.36        3.09090500e+00        8.64752150e-09  24.9101  24.3967
0202-11-01_17:47:30.336000      5091.56        3.10047100e+00        3.00748150e-09  24.9101  24.3967
0202-11-01_17:47:30.530000      5091.75        3.11039700e+00        1.02417150e-09  24.9101  24.3967
0202-11-01_17:47:30.734000      5091.96        3.12055900e+00       -1.39298850e-09  24.9101  24.3967
0202-11-01_17:47:30.950000      5092.17        3.13034200e+00       -4.01338500e-10  24.9028  24.4347
0202-11-01_17:47:31.150000      5092.37        3.14047900e+00       -4.80180850e-09  24.9028  24.4347
0202-11-01_17:47:31.355000      5092.58        3.15076300e+00       -3.39358500e-10  24.9028  24.4347
0202-11-01_17:47:31.547000      5092.77        3.15994900e+00        3.42401500e-10  24.9028  24.4347
0202-11-01_17:47:31.758000      5092.98        3.17044900e+00        2.63561150e-09  24.9028  24.4347
0202-11-01_17:47:31.953000      5093.18        3.18046500e+00        4.37100150e-09  24.9133  24.3552
0202-11-01_17:47:32.152000      5093.37        3.18942300e+00        6.41629150e-09  24.9133  24.3552
0202-11-01_17:47:32.344000      5093.57        3.20033300e+00        2.20176150e-09  24.9133  24.3552
0202-11-01_17:47:32.550000      5093.77        3.21033500e+00        2.75956150e-09  24.9133  24.3552
0202-11-01_17:47:32.742000      5093.97        3.21982000e+00        4.37100150e-09  24.9133  24.3552
0202-11-01_17:47:32.945000      5094.17        3.22991300e+00        2.75956150e-09  24.9191  24.3975
0202-11-01_17:47:33.137000      5094.36        3.23975600e+00        5.05277150e-09  24.9191  24.3975
0202-11-01_17:47:33.332000      5094.56        3.24912100e+00       -5.25418500e-10  24.9191  24.3975
0202-11-01_17:47:33.527000      5094.75        3.25984600e+00        5.98214150e-09  24.9191  24.3975
0202-11-01_17:47:33.734000      5094.96        3.27005900e+00        5.11420150e-09  24.9191  24.3975
0202-11-01_17:47:33.934000      5095.16        3.27938300e+00        8.83284150e-09  24.8716  24.3758
0202-11-01_17:47:34.125000      5095.35        3.28963600e+00        4.24644150e-09  24.8716  24.3758
0202-11-01_17:47:34.324000      5095.55        3.29956300e+00        7.53130150e-09  24.8716  24.3758
0202-11-01_17:47:34.520000      5095.74        3.30924400e+00        9.88648150e-09  24.8716  24.3758
0202-11-01_17:47:34.730000      5095.96        3.31909100e+00        1.23656215e-08  24.8716  24.3758
0202-11-01_17:47:34.926000      5096.15        3.32954000e+00        8.70889150e-09  24.8867  24.3856
0202-11-01_17:47:35.117000      5096.34        3.33927000e+00        8.46097150e-09  24.8867  24.3856
0202-11-01_17:47:35.312000      5096.53        3.34805000e+00        8.33702150e-09  24.8867  24.3856
0202-11-01_17:47:35.508000      5096.73        3.35925200e+00        1.28614415e-08  24.8867  24.3856
0202-11-01_17:47:35.740000      5096.96        3.36944100e+00        1.63322415e-08  24.8867  24.3856
0202-11-01_17:47:35.934000      5097.16        3.37887200e+00        1.47208015e-08  24.8629  24.4297
0202-11-01_17:47:36.140000      5097.36        3.38894500e+00        1.62702615e-08  24.8629  24.4297
0202-11-01_17:47:36.332000      5097.55        3.39782500e+00        1.20557215e-08  24.8629  24.4297
0202-11-01_17:47:36.523000      5097.75        3.40878400e+00        1.92452215e-08  24.8629  24.4297
0202-11-01_17:47:36.740000      5097.96        3.41865600e+00        1.83155515e-08  24.8629  24.4297
0202-11-01_17:47:36.934000      5098.16        3.42821000e+00        1.85634615e-08  24.8678  24.3529
0202-11-01_17:47:37.125000      5098.35        3.43832000e+00        1.94311615e-08  24.8678  24.3529
0202-11-01_17:47:37.332000      5098.55        3.44849300e+00        2.37076715e-08  24.8678  24.3529
0202-11-01_17:47:37.527000      5098.75        3.45783300e+00        2.90998015e-08  24.8678  24.3529
0202-11-01_17:47:37.727000      5098.95        3.46840000e+00        2.92857315e-08  24.8678  24.3529
0202-11-01_17:47:37.920000      5099.14        3.47845600e+00        2.82321015e-08  24.9342  24.4419
0202-11-01_17:47:38.113000      5099.34        3.48748000e+00        2.77362715e-08  24.9342  24.4419
0202-11-01_17:47:38.305000      5099.53        3.49831000e+00        2.90998015e-08  24.9342  24.4419
0202-11-01_17:47:38.510000      5099.74        3.50854900e+00        2.94716715e-08  24.9342  24.4419
0202-11-01_17:47:38.727000      5099.95        3.51705500e+00        3.32523515e-08  24.9342  24.4419
0202-11-01_17:47:38.940000      5100.17        3.52847900e+00        3.65372115e-08  24.8700  24.3388
0202-11-01_17:47:39.140000      5100.36        3.53858800e+00        4.24871415e-08  24.8700  24.3388
0202-11-01_17:47:39.336000      5100.56        3.54743600e+00        4.53381115e-08  24.8700  24.3388
0202-11-01_17:47:39.527000      5100.75        3.55829600e+00        4.80031215e-08  24.8700  24.3388
0202-11-01_17:47:39.734000      5100.96        3.56807000e+00        5.38290115e-08  24.8700  24.3388
0202-11-01_17:47:39.930000      5101.15        3.57785700e+00        5.82294615e-08  24.9386  24.3989
0202-11-01_17:47:40.125000      5101.35        3.58797700e+00        6.67205115e-08  24.9386  24.3989
0202-11-01_17:47:40.332000      5101.56        3.59788200e+00        6.04606815e-08  24.9386  24.3989
0202-11-01_17:47:40.527000      5101.75        3.60746100e+00        6.91376715e-08  24.9386  24.3989
0202-11-01_17:47:40.723000      5101.95        3.61746800e+00        6.83939215e-08  24.9386  24.3989
0202-11-01_17:47:40.930000      5102.15        3.62773200e+00        7.65750815e-08  24.9281  24.4336
0202-11-01_17:47:41.120000      5102.35        3.63722600e+00        8.41984315e-08  24.9281  24.4336
0202-11-01_17:47:41.316000      5102.54        3.64724700e+00        8.69254815e-08  24.9281  24.4336
0202-11-01_17:47:41.520000      5102.74        3.65737100e+00        9.29373915e-08  24.9281  24.4336
0202-11-01_17:47:41.740000      5102.96        3.66695300e+00        9.72758815e-08  24.9281  24.4336
0202-11-01_17:47:41.938000      5103.16        3.67721400e+00        1.01056562e-07  24.8833  24.3496
0202-11-01_17:47:42.140000      5103.36        3.68688300e+00        1.07750242e-07  24.8833  24.3496
0202-11-01_17:47:42.340000      5103.56        3.69708200e+00        1.12150702e-07  24.8833  24.3496
0202-11-01_17:47:42.530000      5103.76        3.70722500e+00        1.21695382e-07  24.8833  24.3496
0202-11-01_17:47:42.746000      5103.97        3.71687900e+00        1.37375932e-07  24.8833  24.3496
0202-11-01_17:47:42.938000      5104.16        3.72705800e+00        1.48903922e-07  24.9293  24.4322
0202-11-01_17:47:43.133000      5104.35        3.73673500e+00        1.56899142e-07  24.9293  24.4322
0202-11-01_17:47:43.336000      5104.56        3.74645300e+00        1.65762062e-07  24.9293  24.4322
0202-11-01_17:47:43.530000      5104.75        3.75656300e+00        1.76608282e-07  24.9293  24.4322
0202-11-01_17:47:43.746000      5104.97        3.76691000e+00        1.91854982e-07  24.9293  24.4322
0202-11-01_17:47:43.938000      5105.16        3.77617900e+00        2.05118372e-07  24.8614  24.3774
0202-11-01_17:47:44.133000      5105.35        3.78629400e+00        2.18381752e-07  24.8614  24.3774
0202-11-01_17:47:44.340000      5105.56        3.79652000e+00        2.23216072e-07  24.8614  24.3774
0202-11-01_17:47:44.570000      5105.79        3.80687100e+00        2.38028922e-07  24.8614  24.3774
0202-11-01_17:47:44.766000      5105.99        3.81640500e+00        2.56746412e-07  24.8894  24.3917
0202-11-01_17:47:44.960000      5106.18        3.82593200e+00        2.63873932e-07  24.8894  24.3917
0202-11-01_17:47:45.168000      5106.39        3.83549700e+00        2.90090812e-07  24.8894  24.3917
0202-11-01_17:47:45.363000      5106.59        3.84599000e+00        3.02424072e-07  24.8894  24.3917
0202-11-01_17:47:45.562000      5106.79        3.85611800e+00        3.22566602e-07  24.8894  24.3917
0202-11-01_17:47:45.770000      5106.99        3.86562400e+00        3.40291832e-07  24.9012  24.4376
0202-11-01_17:47:45.973000      5107.19        3.87554700e+00        3.59071292e-07  24.9012  24.4376
0202-11-01_17:47:46.180000      5107.40        3.88542300e+00        3.92291722e-07  24.9012  24.4376
0202-11-01_17:47:46.400000      5107.62        3.89484500e+00        4.13302402e-07  24.9012  24.4376
0202-11-01_17:47:46.598000      5107.82        3.90547500e+00        4.39395322e-07  24.9012  24.4376
0202-11-01_17:47:46.800000      5108.03        3.91561300e+00        4.61645572e-07  24.9334  24.3579
0202-11-01_17:47:47.004000      5108.23        3.92504700e+00        4.98274812e-07  24.9334  24.3579
0202-11-01_17:47:47.210000      5108.43        3.93543500e+00        5.23933882e-07  24.9334  24.3579
0202-11-01_17:47:47.410000      5108.64        3.94506100e+00        5.59819382e-07  24.9334  24.3579
0202-11-01_17:47:47.605000      5108.83        3.95449000e+00        5.85726362e-07  24.9334  24.3579
0202-11-01_17:47:47.820000      5109.04        3.96492900e+00        6.15352052e-07  24.9359  24.4438
0202-11-01_17:47:48.040000      5109.26        3.97461900e+00        6.47085002e-07  24.9359  24.4438
0202-11-01_17:47:48.266000      5109.49        3.98496900e+00        6.95180252e-07  24.9359  24.4438
0202-11-01_17:47:48.470000      5109.69        3.99444100e+00        7.45382772e-07  24.9359  24.4438
0202-11-01_17:47:48.703000      5109.93        4.00449400e+00        7.79099032e-07  24.9359  24.4438
0202-11-01_17:47:48.930000      5110.15        4.01492300e+00        8.18455322e-07  24.8784  24.3791
0202-11-01_17:47:49.130000      5110.35        4.02474600e+00        8.74235902e-07  24.8784  24.3791
0202-11-01_17:47:49.332000      5110.55        4.03449000e+00        9.15451552e-07  24.8784  24.3791
0202-11-01_17:47:49.547000      5110.77        4.04406600e+00        9.70612342e-07  24.8784  24.3791
0202-11-01_17:47:49.773000      5111.00        4.05449000e+00        1.03445011e-06  24.9241  24.3865
0202-11-01_17:47:49.965000      5111.19        4.06349600e+00        1.08229745e-06  24.9241  24.3865
0202-11-01_17:47:50.176000      5111.40        4.07439500e+00        1.15512209e-06  24.9241  24.3865
0202-11-01_17:47:50.370000      5111.60        4.08435100e+00        1.20718396e-06  24.9241  24.3865
0202-11-01_17:47:50.570000      5111.79        4.09345000e+00        1.26339839e-06  24.9241  24.3865
0202-11-01_17:47:50.773000      5112.00        4.10408400e+00        1.34161515e-06  24.9241  24.3865
0202-11-01_17:47:50.977000      5112.20        4.11438100e+00        1.40892371e-06  24.8701  24.4277
0202-11-01_17:47:51.188000      5112.41        4.12381800e+00        1.50406048e-06  24.8701  24.4277
0202-11-01_17:47:51.395000      5112.62        4.13390900e+00        1.57006717e-06  24.8701  24.4277
0202-11-01_17:47:51.598000      5112.82        4.14398300e+00        1.66514163e-06  24.8701  24.4277
0202-11-01_17:47:51.797000      5113.02        4.15363300e+00        1.73375151e-06  24.8922  24.3535
0202-11-01_17:47:52             5113.22        4.16372700e+00        1.81618279e-06  24.8922  24.3535
0202-11-01_17:47:52.200000      5113.42        4.17335400e+00        1.92669029e-06  24.8922  24.3535
0202-11-01_17:47:52.395000      5113.62        4.18337800e+00        2.01352203e-06  24.8922  24.3535
0202-11-01_17:47:52.600000      5113.82        4.19350500e+00        2.13468982e-06  24.8922  24.3535
0202-11-01_17:47:52.797000      5114.02        4.20316200e+00        2.22691368e-06  24.9234  24.4433
0202-11-01_17:47:52.992000      5114.21        4.21311100e+00        2.32645100e-06  24.9234  24.4433
0202-11-01_17:47:53.195000      5114.42        4.22338800e+00        2.47110860e-06  24.9234  24.4433
0202-11-01_17:47:53.400000      5114.62        4.23365700e+00        2.58105829e-06  24.9234  24.4433
0202-11-01_17:47:53.590000      5114.81        4.24240000e+00        2.69336316e-06  24.9234  24.4433
0202-11-01_17:47:53.785000      5115.01        4.25269400e+00        2.85066435e-06  24.9422  24.3869
0202-11-01_17:47:53.980000      5115.20        4.26311000e+00        2.93650444e-06  24.9422  24.3869
0202-11-01_17:47:54.190000      5115.41        4.27190800e+00        3.12677815e-06  24.9422  24.3869
0202-11-01_17:47:54.400000      5115.62        4.28293100e+00        3.27093992e-06  24.9422  24.3869
0202-11-01_17:47:54.600000      5115.82        4.29319500e+00        3.46462243e-06  24.9422  24.3869
0202-11-01_17:47:54.805000      5116.03        4.30260300e+00        3.60965190e-06  24.9422  24.3869
0202-11-01_17:47:55.008000      5116.23        4.31268600e+00        3.81560614e-06  24.9694  24.3926
0202-11-01_17:47:55.203000      5116.43        4.32263900e+00        3.97619219e-06  24.9694  24.3926
0202-11-01_17:47:55.402000      5116.62        4.33167400e+00        4.13888550e-06  24.9694  24.3926
0202-11-01_17:47:55.605000      5116.83        4.34254400e+00        4.36832955e-06  24.9694  24.3926
0202-11-01_17:47:55.800000      5117.03        4.35229300e+00        4.54998826e-06  24.8821  24.3893
0202-11-01_17:47:55.996000      5117.22        4.36138500e+00        4.74788530e-06  24.8821  24.3893
0202-11-01_17:47:56.190000      5117.41        4.37230800e+00        5.01662366e-06  24.8821  24.3893
0202-11-01_17:47:56.387000      5117.61        4.38233500e+00        5.23869229e-06  24.8821  24.3893
0202-11-01_17:47:56.590000      5117.81        4.39208300e+00        5.45735210e-06  24.8821  24.3893
0202-11-01_17:47:56.785000      5118.01        4.40131400e+00        5.75800934e-06  24.9575  24.3513
0202-11-01_17:47:56.992000      5118.21        4.41233200e+00        5.99148199e-06  24.9575  24.3513
0202-11-01_17:47:57.195000      5118.42        4.42147000e+00        6.23016040e-06  24.9575  24.3513
0202-11-01_17:47:57.390000      5118.61        4.43111800e+00        6.57085394e-06  24.9575  24.3513
0202-11-01_17:47:57.600000      5118.83        4.44197900e+00        6.82955041e-06  24.9575  24.3513
0202-11-01_17:47:57.810000      5119.03        4.45179000e+00        7.19670951e-06  24.9420  24.4475
0202-11-01_17:47:58             5119.22        4.46146500e+00        7.47697571e-06  24.9420  24.4475
0202-11-01_17:47:58.207000      5119.43        4.47170600e+00        7.86954681e-06  24.9420  24.4475
0202-11-01_17:47:58.406000      5119.63        4.48140600e+00        8.17739341e-06  24.9420  24.4475
0202-11-01_17:47:58.605000      5119.83        4.49133900e+00        8.49298731e-06  24.9420  24.4475
0202-11-01_17:47:58.805000      5120.03        4.50198300e+00        8.93198011e-06  24.9420  24.4475
0202-11-01_17:47:58.996000      5120.22        4.51172000e+00        9.27248931e-06  24.8999  24.3395
0202-11-01_17:47:59.210000      5120.44        4.52123700e+00        9.74773951e-06  24.8999  24.3395
0202-11-01_17:47:59.418000      5120.64        4.53123800e+00        1.01022558e-05  24.8999  24.3395
0202-11-01_17:47:59.620000      5120.84        4.54109900e+00        1.06076275e-05  24.8999  24.3395
0202-11-01_17:47:59.832000      5121.05        4.55068200e+00        1.08636602e-05  24.9160  24.4677
0202-11-01_17:48:00.030000      5121.25        4.56144200e+00        1.14232630e-05  24.9160  24.4677
0202-11-01_17:48:00.250000      5121.47        4.57065200e+00        1.20005915e-05  24.9160  24.4677
0202-11-01_17:48:00.470000      5121.69        4.58094200e+00        1.24566284e-05  24.9160  24.4677
0202-11-01_17:48:00.746000      5121.97        4.59063500e+00        1.30127604e-05  24.9160  24.4677
0202-11-01_17:48:00.950000      5122.17        4.60075800e+00        1.36969397e-05  24.9512  24.4432
0202-11-01_17:48:01.168000      5122.39        4.61023600e+00        1.42504066e-05  24.9512  24.4432
0202-11-01_17:48:01.367000      5122.59        4.62046100e+00        1.55547415e-05  24.9512  24.4432
0202-11-01_17:48:01.566000      5122.79        4.63055500e+00        1.56428128e-05  24.9512  24.4432
0202-11-01_17:48:01.760000      5122.98        4.64007100e+00        1.60100967e-05  24.9512  24.4432
0202-11-01_17:48:01.965000      5123.19        4.65059100e+00        1.75622211e-05  24.9696  24.3591
0202-11-01_17:48:02.176000      5123.40        4.66038800e+00        1.76295296e-05  24.9696  24.3591
0202-11-01_17:48:02.370000      5123.59        4.67011300e+00        1.88972353e-05  24.9696  24.3591
0202-11-01_17:48:02.570000      5123.79        4.68028400e+00        1.90107177e-05  24.9696  24.3591
0202-11-01_17:48:02.780000      5124.01        4.69047300e+00        2.04547518e-05  24.9093  24.4330