# Ic = 3.33 A, n = 21.24 , Tavg = 39.99 K, f29-140Kanneal-40K
#datetime                        t_s     iHTS_A                vHTS_V                tHTS_K  tTAR_K
0202-02-11_17:31:52.348000      26499.19        4.91556000e-02        2.63411100e-09  39.9744  39.4586
0202-02-11_17:31:52.586000      26499.42        1.32840200e-02        2.08552210e-08  39.9744  39.4586
0202-02-11_17:31:52.793000      26499.63        2.30303400e-02        1.80656010e-08  39.9808  39.3786
0202-02-11_17:31:52.996000      26499.83        3.25050700e-02        1.26869100e-09  39.9808  39.3786
0202-02-11_17:31:53.195000      26500.04        4.24903400e-02       -7.76619000e-10  39.9808  39.3786
0202-02-11_17:31:53.400000      26500.24        5.25943500e-02        2.63223100e-09  39.9808  39.3786
0202-02-11_17:31:53.620000      26500.46        6.22427200e-02        3.62390100e-09  39.9808  39.3786
0202-02-11_17:31:53.816000      26500.65        7.26628500e-02        8.21036100e-09  39.9647  39.3634
0202-02-11_17:31:54.008000      26500.85        8.22640300e-02        7.15671100e-09  39.9647  39.3634
0202-02-11_17:31:54.200000      26501.04        9.14241200e-02        3.25203100e-09  39.9647  39.3634
0202-02-11_17:31:54.406000      26501.24        1.02262800e-01        3.80984100e-09  39.9647  39.3634
0202-02-11_17:31:54.605000      26501.45        1.12058100e-01        1.76453100e-09  39.9854  39.3766
0202-02-11_17:31:54.830000      26501.67        1.22009200e-01        5.91713100e-09  39.9854  39.3766
0202-02-11_17:31:55.023000      26501.86        1.32001900e-01        2.75619100e-09  39.9854  39.3766
0202-02-11_17:31:55.223000      26502.06        1.41948600e-01        9.44994100e-09  39.9854  39.3766
0202-02-11_17:31:55.418000      26502.25        1.51475300e-01        2.69421100e-09  39.9854  39.3766
0202-02-11_17:31:55.633000      26502.47        1.61621800e-01        4.55359100e-09  39.9647  39.3608
0202-02-11_17:31:55.830000      26502.67        1.71265700e-01        2.50828100e-09  39.9647  39.3608
0202-02-11_17:31:56.020000      26502.86        1.81387500e-01        2.32234100e-09  39.9647  39.3608
0202-02-11_17:31:56.223000      26503.06        1.91169500e-01        2.01244100e-09  39.9647  39.3608
0202-02-11_17:31:56.418000      26503.25        2.01407100e-01        3.00411100e-09  39.9647  39.3608
0202-02-11_17:31:56.613000      26503.45        2.10636900e-01        8.33431100e-09  39.9776  39.3775
0202-02-11_17:31:56.820000      26503.66        2.21677400e-01        8.33431100e-09  39.9776  39.3775
0202-02-11_17:31:57.010000      26503.85        2.31224800e-01        1.14332710e-08  39.9776  39.3775
0202-02-11_17:31:57.203000      26504.04        2.40549000e-01        9.14004100e-09  39.9776  39.3775
0202-02-11_17:31:57.410000      26504.25        2.51185800e-01        9.26400100e-09  39.9776  39.3775
0202-02-11_17:31:57.613000      26504.45        2.60926200e-01        3.49994100e-09  39.9678  39.3583
0202-02-11_17:31:57.810000      26504.65        2.70386100e-01        3.06609100e-09  39.9678  39.3583
0202-02-11_17:31:58             26504.84        2.80629600e-01        1.39265100e-09  39.9678  39.3583
0202-02-11_17:31:58.195000      26505.03        2.90846400e-01       -1.02452900e-09  39.9678  39.3583
0202-02-11_17:31:58.387000      26505.22        2.99731900e-01        3.12809100e-09  39.9678  39.3583
0202-02-11_17:31:58.613000      26505.45        3.10952000e-01        8.39642100e-09  39.9678  39.3583
0202-02-11_17:31:58.832000      26505.67        3.20451700e-01        1.07517210e-08  39.9716  39.3790
0202-02-11_17:31:59.027000      26505.86        3.30414700e-01        1.30449810e-08  39.9716  39.3790
0202-02-11_17:31:59.220000      26506.06        3.40560200e-01        1.21152910e-08  39.9716  39.3790
0202-02-11_17:31:59.418000      26506.26        3.50081000e-01        1.42845610e-08  39.9716  39.3790
0202-02-11_17:31:59.630000      26506.47        3.60152300e-01        1.58340410e-08  39.9867  39.3612
0202-02-11_17:31:59.830000      26506.67        3.70315700e-01        1.10616410e-08  39.9867  39.3612
0202-02-11_17:32:00.023000      26506.86        3.79361500e-01        6.66113100e-09  39.9867  39.3612
0202-02-11_17:32:00.215000      26507.05        3.89884000e-01        8.35091000e-10  39.9867  39.3612
0202-02-11_17:32:00.410000      26507.25        3.99918600e-01        7.71477100e-09  39.9867  39.3612
0202-02-11_17:32:00.630000      26507.47        4.09271600e-01        9.88404100e-09  39.9735  39.3809
0202-02-11_17:32:00.830000      26507.67        4.19970800e-01        1.73215410e-08  39.9735  39.3809
0202-02-11_17:32:01.023000      26507.86        4.29849200e-01        1.21772710e-08  39.9735  39.3809
0202-02-11_17:32:01.227000      26508.06        4.39031500e-01        1.22392510e-08  39.9735  39.3809
0202-02-11_17:32:01.426000      26508.27        4.49690600e-01        1.06277910e-08  39.9735  39.3809
0202-02-11_17:32:01.630000      26508.47        4.59291500e-01        1.49663310e-08  39.9844  39.3636
0202-02-11_17:32:01.832000      26508.67        4.68709800e-01        1.09376910e-08  39.9844  39.3636
0202-02-11_17:32:02.027000      26508.86        4.79303300e-01        9.01633100e-09  39.9844  39.3636
0202-02-11_17:32:02.220000      26509.06        4.88994700e-01        5.25191000e-10  39.9844  39.3636
0202-02-11_17:32:02.426000      26509.26        4.98488700e-01        6.90904100e-09  39.9844  39.3636
0202-02-11_17:32:02.625000      26509.46        5.09113700e-01        6.72311100e-09  39.9917  39.3797
0202-02-11_17:32:02.816000      26509.65        5.18719000e-01        1.50902910e-08  39.9917  39.3797
0202-02-11_17:32:03.010000      26509.85        5.27923600e-01        1.18053910e-08  39.9917  39.3797
0202-02-11_17:32:03.207000      26510.04        5.39032400e-01        1.70116410e-08  39.9917  39.3797
0202-02-11_17:32:03.400000      26510.24        5.48627300e-01        1.33548710e-08  39.9917  39.3797
0202-02-11_17:32:03.605000      26510.44        5.57537700e-01        1.44085210e-08  39.9917  39.3797
0202-02-11_17:32:03.810000      26510.65        5.68952200e-01        1.14955010e-08  39.9745  39.3623
0202-02-11_17:32:04             26510.84        5.78470000e-01        1.62059110e-08  39.9745  39.3623
0202-02-11_17:32:04.195000      26511.03        5.87947700e-01        1.88090310e-08  39.9745  39.3623
0202-02-11_17:32:04.390000      26511.23        5.98056100e-01        2.38918910e-08  39.9745  39.3623
0202-02-11_17:32:04.613000      26511.45        6.08626100e-01        1.62073110e-08  39.9745  39.3623
0202-02-11_17:32:04.810000      26511.65        6.17915300e-01        8.39907100e-09  39.9805  39.3790
0202-02-11_17:32:05             26511.84        6.27554800e-01        8.08945100e-09  39.9805  39.3790
0202-02-11_17:32:05.190000      26512.03        6.38011600e-01        1.09404910e-08  39.9805  39.3790
0202-02-11_17:32:05.400000      26512.24        6.48022100e-01        1.54029910e-08  39.9805  39.3790
0202-02-11_17:32:05.617000      26512.45        6.57667500e-01        1.41634110e-08  39.9805  39.3790
0202-02-11_17:32:05.824000      26512.66        6.67924300e-01        1.72623710e-08  39.9563  39.3617
0202-02-11_17:32:06.020000      26512.86        6.77351600e-01        1.73243410e-08  39.9563  39.3617
0202-02-11_17:32:06.210000      26513.05        6.87081600e-01        1.92457010e-08  39.9563  39.3617
0202-02-11_17:32:06.402000      26513.24        6.97521000e-01        2.11670510e-08  39.9563  39.3617
0202-02-11_17:32:06.617000      26513.45        7.07506200e-01        1.73863210e-08  39.9563  39.3617
0202-02-11_17:32:06.824000      26513.66        7.16820100e-01        1.68904910e-08  39.9751  39.3799
0202-02-11_17:32:07.020000      26513.86        7.27284800e-01        1.19941410e-08  39.9751  39.3799
0202-02-11_17:32:07.223000      26514.06        7.37086000e-01        1.45352810e-08  39.9751  39.3799
0202-02-11_17:32:07.420000      26514.26        7.46618600e-01        1.31717410e-08  39.9751  39.3799
0202-02-11_17:32:07.625000      26514.46        7.56785000e-01        1.95555910e-08  39.9683  39.3603
0202-02-11_17:32:07.832000      26514.67        7.67135300e-01        1.31097610e-08  39.9683  39.3603
0202-02-11_17:32:08.023000      26514.86        7.76161900e-01        1.54029910e-08  39.9683  39.3603
0202-02-11_17:32:08.215000      26515.05        7.86622000e-01        1.19321610e-08  39.9683  39.3603
0202-02-11_17:32:08.420000      26515.26        7.96473200e-01        1.26139310e-08  39.9683  39.3603
0202-02-11_17:32:08.625000      26515.46        8.05919700e-01        8.15143100e-09  39.9761  39.3823
0202-02-11_17:32:08.832000      26515.67        8.16699000e-01        7.71758100e-09  39.9761  39.3823
0202-02-11_17:32:09.023000      26515.86        8.26678400e-01        9.82487100e-09  39.9761  39.3823
0202-02-11_17:32:09.215000      26516.05        8.35580200e-01        1.50931010e-08  39.9761  39.3823
0202-02-11_17:32:09.418000      26516.26        8.46228900e-01        1.99274710e-08  39.9761  39.3823
0202-02-11_17:32:09.625000      26516.46        8.56307700e-01        2.23446610e-08  39.9874  39.3648
0202-02-11_17:32:09.832000      26516.67        8.65746800e-01        2.51957010e-08  39.9874  39.3648
0202-02-11_17:32:10.035000      26516.87        8.76120600e-01        2.47618410e-08  39.9874  39.3648
0202-02-11_17:32:10.240000      26517.08        8.85705100e-01        2.69930910e-08  39.9874  39.3648
0202-02-11_17:32:10.440000      26517.28        8.95533100e-01        2.64340710e-08  39.9874  39.3648
0202-02-11_17:32:10.637000      26517.48        9.06020000e-01        2.40776610e-08  39.9922  39.3834
0202-02-11_17:32:10.848000      26517.69        9.15757400e-01        1.95515710e-08  39.9922  39.3834
0202-02-11_17:32:11.040000      26517.88        9.25564600e-01        1.94276210e-08  39.9922  39.3834
0202-02-11_17:32:11.234000      26518.07        9.35603300e-01        1.68244910e-08  39.9922  39.3834
0202-02-11_17:32:11.438000      26518.28        9.45306500e-01        1.95515710e-08  39.9922  39.3834
0202-02-11_17:32:11.633000      26518.47        9.55400200e-01        1.67005310e-08  39.9765  39.3665
0202-02-11_17:32:11.830000      26518.67        9.65582800e-01        2.15349010e-08  39.9765  39.3665
0202-02-11_17:32:12.027000      26518.86        9.75612600e-01        2.07911610e-08  39.9765  39.3665
0202-02-11_17:32:12.220000      26519.06        9.84613900e-01        2.53156310e-08  39.9765  39.3665
0202-02-11_17:32:12.410000      26519.25        9.95464400e-01        2.09770910e-08  39.9765  39.3665
0202-02-11_17:32:12.625000      26519.46        1.00540100e+00        2.32703210e-08  39.9716  39.3785
0202-02-11_17:32:12.830000      26519.66        1.01533400e+00        2.17828210e-08  39.9716  39.3785
0202-02-11_17:32:13.030000      26519.87        1.02555100e+00        2.48198010e-08  39.9716  39.3785
0202-02-11_17:32:13.223000      26520.06        1.03478100e+00        2.40760510e-08  39.9716  39.3785
0202-02-11_17:32:13.414000      26520.25        1.04445400e+00        2.12250110e-08  39.9716  39.3785
0202-02-11_17:32:13.617000      26520.45        1.05487600e+00        2.11010510e-08  39.9888  39.3667
0202-02-11_17:32:13.816000      26520.65        1.06492200e+00        2.12250110e-08  39.9888  39.3667
0202-02-11_17:32:14.008000      26520.85        1.07376300e+00        2.27744910e-08  39.9888  39.3667
0202-02-11_17:32:14.200000      26521.04        1.08466500e+00        2.02333410e-08  39.9888  39.3667
0202-02-11_17:32:14.400000      26521.24        1.09477700e+00        1.62666810e-08  39.9888  39.3667
0202-02-11_17:32:14.598000      26521.43        1.10439400e+00        1.90557410e-08  39.9888  39.3667
0202-02-11_17:32:14.797000      26521.64        1.11450300e+00        2.51296910e-08  39.9767  39.3794
0202-02-11_17:32:14.990000      26521.83        1.12450600e+00        3.24432310e-08  39.9767  39.3794
0202-02-11_17:32:15.184000      26522.02        1.13437600e+00        2.63073010e-08  39.9767  39.3794
0202-02-11_17:32:15.375000      26522.21        1.14353900e+00        2.34562610e-08  39.9767  39.3794
0202-02-11_17:32:15.598000      26522.44        1.15504700e+00        2.55015710e-08  39.9767  39.3794
0202-02-11_17:32:15.793000      26522.63        1.16401300e+00        2.91583310e-08  39.9816  39.3650
0202-02-11_17:32:16             26522.84        1.17354400e+00        2.65552110e-08  39.9816  39.3650
0202-02-11_17:32:16.190000      26523.03        1.18410800e+00        2.91583310e-08  39.9816  39.3650
0202-02-11_17:32:16.387000      26523.22        1.19406200e+00        3.04593710e-08  39.9816  39.3650
0202-02-11_17:32:16.590000      26523.43        1.20307500e+00        3.57887710e-08  39.9816  39.3650
0202-02-11_17:32:16.790000      26523.63        1.21399700e+00        3.67174010e-08  39.9766  39.3824
0202-02-11_17:32:16.980000      26523.82        1.22365000e+00        3.97541110e-08  39.9766  39.3824
0202-02-11_17:32:17.170000      26524.01        1.23262100e+00        3.91343210e-08  39.9766  39.3824
0202-02-11_17:32:17.380000      26524.22        1.24363900e+00        3.78947410e-08  39.9766  39.3824
0202-02-11_17:32:17.590000      26524.43        1.25385800e+00        3.69650510e-08  39.9766  39.3824
0202-02-11_17:32:17.797000      26524.63        1.26312800e+00        3.68410910e-08  39.9878  39.3657
0202-02-11_17:32:17.990000      26524.83        1.27339900e+00        4.20473310e-08  39.9878  39.3657
0202-02-11_17:32:18.180000      26525.02        1.28294800e+00        3.96921310e-08  39.9878  39.3657
0202-02-11_17:32:18.383000      26525.22        1.29276900e+00        4.46504510e-08  39.9878  39.3657
0202-02-11_17:32:18.586000      26525.43        1.30329600e+00        4.07457710e-08  39.9992  39.3876
0202-02-11_17:32:18.793000      26525.63        1.31322100e+00        4.50843110e-08  39.9992  39.3876
0202-02-11_17:32:18.984000      26525.82        1.32240700e+00        3.77707810e-08  39.9992  39.3876
0202-02-11_17:32:19.188000      26526.03        1.33300100e+00        3.25025610e-08  39.9992  39.3876
0202-02-11_17:32:19.390000      26526.23        1.34271300e+00        2.51890310e-08  39.9992  39.3876
0202-02-11_17:32:19.610000      26526.45        1.35261800e+00        2.33296510e-08  39.9992  39.3876
0202-02-11_17:32:19.805000      26526.64        1.36270000e+00        2.35155910e-08  39.9822  39.3673
0202-02-11_17:32:19.996000      26526.84        1.37241900e+00        2.41353810e-08  39.9822  39.3673
0202-02-11_17:32:20.190000      26527.03        1.38171000e+00        2.60567310e-08  39.9822  39.3673
0202-02-11_17:32:20.387000      26527.23        1.39248900e+00        2.89077710e-08  39.9822  39.3673
0202-02-11_17:32:20.586000      26527.43        1.40226500e+00        2.84739210e-08  39.9822  39.3673
0202-02-11_17:32:20.780000      26527.62        1.41167300e+00        2.98374610e-08  39.9901  39.3847
0202-02-11_17:32:20.977000      26527.82        1.42243600e+00        2.92176710e-08  39.9901  39.3847
0202-02-11_17:32:21.170000      26528.01        1.43234400e+00        3.03952710e-08  39.9901  39.3847
0202-02-11_17:32:21.363000      26528.20        1.44127900e+00        2.40734010e-08  39.9901  39.3847
0202-02-11_17:32:21.600000      26528.44        1.45219500e+00        2.64905910e-08  39.9901  39.3847
0202-02-11_17:32:21.812000      26528.65        1.46121100e+00        2.68624610e-08  39.9876  39.3636
0202-02-11_17:32:22.004000      26528.84        1.47166800e+00        2.33296510e-08  39.9876  39.3636
0202-02-11_17:32:22.207000      26529.04        1.48165000e+00        2.44452810e-08  39.9876  39.3636
0202-02-11_17:32:22.410000      26529.25        1.49118900e+00        2.22135910e-08  39.9876  39.3636
0202-02-11_17:32:22.620000      26529.46        1.50186500e+00        2.52501310e-08  39.9817  39.3822
0202-02-11_17:32:22.824000      26529.66        1.51175500e+00        2.43198610e-08  39.9817  39.3822
0202-02-11_17:32:23.016000      26529.85        1.52130000e+00        2.92162110e-08  39.9817  39.3822
0202-02-11_17:32:23.207000      26530.05        1.53162000e+00        3.41745310e-08  39.9817  39.3822
0202-02-11_17:32:23.414000      26530.25        1.54188000e+00        3.03938110e-08  39.9817  39.3822
0202-02-11_17:32:23.610000      26530.45        1.55092300e+00        2.51255910e-08  39.9817  39.3822
0202-02-11_17:32:23.805000      26530.64        1.56091600e+00        2.22125710e-08  39.9794  39.3695
0202-02-11_17:32:24.008000      26530.85        1.57106000e+00        2.55594410e-08  39.9794  39.3695
0202-02-11_17:32:24.203000      26531.04        1.58112600e+00        2.67990210e-08  39.9794  39.3695
0202-02-11_17:32:24.395000      26531.23        1.59038700e+00        2.88443310e-08  39.9794  39.3695
0202-02-11_17:32:24.613000      26531.45        1.60107000e+00        2.73568410e-08  39.9794  39.3695
0202-02-11_17:32:24.810000      26531.65        1.61102400e+00        2.30183010e-08  39.9928  39.3835
0202-02-11_17:32:25.010000      26531.85        1.62040700e+00        2.53735110e-08  39.9928  39.3835
0202-02-11_17:32:25.207000      26532.04        1.63098300e+00        1.92375810e-08  39.9928  39.3835
0202-02-11_17:32:25.400000      26532.24        1.64088900e+00        2.01052910e-08  39.9928  39.3835
0202-02-11_17:32:25.613000      26532.45        1.65049500e+00        2.28323610e-08  39.9928  39.3835
0202-02-11_17:32:25.805000      26532.64        1.66060100e+00        2.60552810e-08  39.9844  39.3672
0202-02-11_17:32:26.008000      26532.85        1.67080400e+00        2.79146510e-08  39.9844  39.3672
0202-02-11_17:32:26.210000      26533.05        1.67997900e+00        2.38240310e-08  39.9844  39.3672
0202-02-11_17:32:26.414000      26533.25        1.69003900e+00        2.49396510e-08  39.9844  39.3672
0202-02-11_17:32:26.630000      26533.47        1.70043300e+00        2.59933010e-08  39.9972  39.3865
0202-02-11_17:32:26.836000      26533.67        1.70963400e+00        2.51255910e-08  39.9972  39.3865
0202-02-11_17:32:27.027000      26533.87        1.72058500e+00        2.74807910e-08  39.9972  39.3865
0202-02-11_17:32:27.223000      26534.06        1.73023200e+00        2.66130910e-08  39.9972  39.3865
0202-02-11_17:32:27.414000      26534.25        1.74029800e+00        2.65511110e-08  39.9972  39.3865
0202-02-11_17:32:27.625000      26534.46        1.74973100e+00        2.74807910e-08  39.9838  39.3666
0202-02-11_17:32:27.820000      26534.66        1.76036400e+00        2.64891310e-08  39.9838  39.3666
0202-02-11_17:32:28.023000      26534.86        1.77024400e+00        2.72328810e-08  39.9838  39.3666
0202-02-11_17:32:28.220000      26535.05        1.77909500e+00        2.61792310e-08  39.9838  39.3666
0202-02-11_17:32:28.410000      26535.25        1.78983400e+00        2.26450310e-08  39.9838  39.3666
0202-02-11_17:32:28.613000      26535.45        1.79986900e+00        2.61144610e-08  39.9839  39.3873
0202-02-11_17:32:28.805000      26535.64        1.80915900e+00        2.89016610e-08  39.9839  39.3873
0202-02-11_17:32:29             26535.84        1.81979700e+00        3.00792610e-08  39.9839  39.3873
0202-02-11_17:32:29.190000      26536.03        1.82985700e+00        2.22079310e-08  39.9839  39.3873
0202-02-11_17:32:29.395000      26536.23        1.83937500e+00        2.46251110e-08  39.9839  39.3873
0202-02-11_17:32:29.600000      26536.44        1.84992200e+00        2.76001010e-08  39.9839  39.3873
0202-02-11_17:32:29.812000      26536.65        1.86003500e+00        3.14428010e-08  39.9810  39.3679
0202-02-11_17:32:30.008000      26536.85        1.86864800e+00        2.96454110e-08  39.9810  39.3679
0202-02-11_17:32:30.207000      26537.05        1.87968800e+00        3.01412410e-08  39.9810  39.3679
0202-02-11_17:32:30.410000      26537.25        1.88922200e+00        2.75381210e-08  39.9810  39.3679
0202-02-11_17:32:30.620000      26537.46        1.89890400e+00        2.90256210e-08  39.9830  39.3852
0202-02-11_17:32:30.820000      26537.66        1.90912900e+00        2.65464610e-08  39.9830  39.3852
0202-02-11_17:32:31.010000      26537.85        1.91904000e+00        2.80959310e-08  39.9830  39.3852
0202-02-11_17:32:31.203000      26538.04        1.92859000e+00        2.98313510e-08  39.9830  39.3852
0202-02-11_17:32:31.400000      26538.24        1.93835600e+00        3.39219610e-08  39.9830  39.3852
0202-02-11_17:32:31.617000      26538.46        1.94896900e+00        3.15047810e-08  39.9830  39.3852
0202-02-11_17:32:31.812000      26538.65        1.95860800e+00        2.81579110e-08  39.9858  39.3670
0202-02-11_17:32:32.016000      26538.85        1.96798800e+00        2.15881410e-08  39.9858  39.3670
0202-02-11_17:32:32.215000      26539.05        1.97879300e+00        2.25178210e-08  39.9858  39.3670
0202-02-11_17:32:32.410000      26539.25        1.98868900e+00        2.23318910e-08  39.9858  39.3670
0202-02-11_17:32:32.630000      26539.47        1.99728000e+00        2.12782410e-08  39.9832  39.3827
0202-02-11_17:32:32.824000      26539.66        2.00858100e+00        2.81579110e-08  39.9832  39.3827
0202-02-11_17:32:33.027000      26539.87        2.01818700e+00        2.43771910e-08  39.9832  39.3827
0202-02-11_17:32:33.220000      26540.06        2.02768400e+00        2.41912610e-08  39.9832  39.3827
0202-02-11_17:32:33.414000      26540.25        2.03841600e+00        1.78074210e-08  39.9832  39.3827
0202-02-11_17:32:33.633000      26540.47        2.04844900e+00        2.01626210e-08  39.9834  39.3702
0202-02-11_17:32:33.840000      26540.68        2.05779800e+00        2.41912610e-08  39.9834  39.3702
0202-02-11_17:32:34.030000      26540.87        2.06772500e+00        1.97907510e-08  39.9834  39.3702
0202-02-11_17:32:34.227000      26541.06        2.07807000e+00        2.20224310e-08  39.9834  39.3702
0202-02-11_17:32:34.426000      26541.27        2.08759200e+00        2.01023910e-08  39.9834  39.3702
0202-02-11_17:32:34.633000      26541.47        2.09796900e+00        2.47525610e-08  39.9856  39.3878
0202-02-11_17:32:34.830000      26541.67        2.10782200e+00        2.14685510e-08  39.9856  39.3878
0202-02-11_17:32:35.035000      26541.87        2.11657900e+00        2.48154210e-08  39.9856  39.3878
0202-02-11_17:32:35.227000      26542.07        2.12747400e+00        1.89893910e-08  39.9856  39.3878
0202-02-11_17:32:35.420000      26542.26        2.13746100e+00        2.07248010e-08  39.9856  39.3878
0202-02-11_17:32:35.630000      26542.47        2.14715800e+00        2.12206310e-08  39.9772  39.3693
0202-02-11_17:32:35.832000      26542.67        2.15717500e+00        2.24602110e-08  39.9772  39.3693
0202-02-11_17:32:36.030000      26542.87        2.16730500e+00        2.50013510e-08  39.9772  39.3693
0202-02-11_17:32:36.227000      26543.06        2.17663000e+00        1.63862710e-08  39.9772  39.3693
0202-02-11_17:32:36.418000      26543.26        2.18683500e+00        1.84315810e-08  39.9772  39.3693
0202-02-11_17:32:36.625000      26543.46        2.19699600e+00        2.07867810e-08  39.9889  39.3856
0202-02-11_17:32:36.820000      26543.66        2.20662000e+00        2.38857310e-08  39.9889  39.3856
0202-02-11_17:32:37.023000      26543.86        2.21697000e+00        2.59310410e-08  39.9889  39.3856
0202-02-11_17:32:37.227000      26544.06        2.22697600e+00        2.98357210e-08  39.9889  39.3856
0202-02-11_17:32:37.430000      26544.27        2.23631800e+00        3.16331110e-08  39.9889  39.3856
0202-02-11_17:32:37.633000      26544.47        2.24683900e+00        2.86581210e-08  39.9842  39.3653
0202-02-11_17:32:37.836000      26544.67        2.25692100e+00        2.86581210e-08  39.9842  39.3653
0202-02-11_17:32:38.035000      26544.87        2.26599100e+00        3.25628010e-08  39.9842  39.3653
0202-02-11_17:32:38.227000      26545.06        2.27651800e+00        3.29966510e-08  39.9842  39.3653
0202-02-11_17:32:38.418000      26545.26        2.28636300e+00        3.08273910e-08  39.9842  39.3653
0202-02-11_17:32:38.630000      26545.47        2.29543500e+00        2.90919710e-08  39.9889  39.3868
0202-02-11_17:32:38.830000      26545.66        2.30630400e+00        2.55591710e-08  39.9889  39.3868
0202-02-11_17:32:39.020000      26545.86        2.31642100e+00        3.04555110e-08  39.9889  39.3868
0202-02-11_17:32:39.223000      26546.06        2.32509400e+00        2.53112510e-08  39.9889  39.3868
0202-02-11_17:32:39.418000      26546.26        2.33598900e+00        2.40716710e-08  39.9889  39.3868
0202-02-11_17:32:39.625000      26546.46        2.34642700e+00        2.36378210e-08  39.9792  39.3671
0202-02-11_17:32:39.830000      26546.67        2.35581200e+00        2.87201010e-08  39.9792  39.3671
0202-02-11_17:32:40.020000      26546.86        2.36577500e+00        3.58476910e-08  39.9792  39.3671
0202-02-11_17:32:40.215000      26547.05        2.37595800e+00        3.30589010e-08  39.9792  39.3671
0202-02-11_17:32:40.418000      26547.26        2.38535100e+00        3.26881010e-08  39.9792  39.3671
0202-02-11_17:32:40.613000      26547.45        2.39547000e+00        2.64909910e-08  39.9832  39.3847
0202-02-11_17:32:40.810000      26547.65        2.40588200e+00        2.64295510e-08  39.9832  39.3847
0202-02-11_17:32:41.016000      26547.85        2.41547900e+00        2.68014210e-08  39.9832  39.3847
0202-02-11_17:32:41.207000      26548.05        2.42514600e+00        3.16357910e-08  39.9832  39.3847
0202-02-11_17:32:41.400000      26548.24        2.43514900e+00        3.29373510e-08  39.9832  39.3847
0202-02-11_17:32:41.620000      26548.46        2.44552100e+00        2.65535110e-08  39.9832  39.3847
0202-02-11_17:32:41.836000      26548.68        2.45555800e+00        2.50040310e-08  39.9835  39.3705
0202-02-11_17:32:42.040000      26548.88        2.46549900e+00        2.94045510e-08  39.9835  39.3705
0202-02-11_17:32:42.230000      26549.07        2.47460400e+00        3.18217310e-08  39.9835  39.3705
0202-02-11_17:32:42.438000      26549.28        2.48490700e+00        3.00243410e-08  39.9835  39.3705
0202-02-11_17:32:42.645000      26549.48        2.49514200e+00        2.22769510e-08  39.9903  39.3855
0202-02-11_17:32:42.840000      26549.68        2.50442800e+00        2.25868510e-08  39.9903  39.3855
0202-02-11_17:32:43.030000      26549.87        2.51468200e+00        2.48180910e-08  39.9903  39.3855
0202-02-11_17:32:43.227000      26550.06        2.52481000e+00        2.09753910e-08  39.9903  39.3855
0202-02-11_17:32:43.430000      26550.27        2.53359000e+00        2.12233110e-08  39.9903  39.3855
0202-02-11_17:32:43.637000      26550.47        2.54500300e+00        2.01696610e-08  39.9704  39.3697
0202-02-11_17:32:43.830000      26550.67        2.55469300e+00        2.04175810e-08  39.9704  39.3697
0202-02-11_17:32:44.020000      26550.86        2.56416600e+00        2.21529910e-08  39.9704  39.3697
0202-02-11_17:32:44.210000      26551.05        2.57400300e+00        1.78144610e-08  39.9704  39.3697
0202-02-11_17:32:44.406000      26551.24        2.58435300e+00        2.22769510e-08  39.9704  39.3697
0202-02-11_17:32:44.613000      26551.45        2.59428800e+00        2.53139310e-08  39.9889  39.3850
0202-02-11_17:32:44.812000      26551.65        2.60406400e+00        2.34545510e-08  39.9889  39.3850
0202-02-11_17:32:45.004000      26551.84        2.61391500e+00        2.48800710e-08  39.9889  39.3850
0202-02-11_17:32:45.203000      26552.04        2.62389500e+00        1.80623710e-08  39.9889  39.3850
0202-02-11_17:32:45.395000      26552.23        2.63308100e+00        2.53139310e-08  39.9889  39.3850
0202-02-11_17:32:45.598000      26552.44        2.64393900e+00        2.40123710e-08  39.9889  39.3850
0202-02-11_17:32:45.800000      26552.64        2.65416800e+00        2.78550710e-08  39.9868  39.3698
0202-02-11_17:32:45.996000      26552.83        2.66322000e+00        2.54378810e-08  39.9868  39.3698
0202-02-11_17:32:46.188000      26553.03        2.67366800e+00        2.71114810e-08  39.9868  39.3698
0202-02-11_17:32:46.390000      26553.23        2.68384900e+00        2.76699310e-08  39.9868  39.3698
0202-02-11_17:32:46.600000      26553.44        2.69355400e+00        2.57490610e-08  39.9868  39.3698
0202-02-11_17:32:46.820000      26553.66        2.70352300e+00        2.81045810e-08  39.9818  39.3889
0202-02-11_17:32:47.010000      26553.85        2.71346000e+00        2.21545910e-08  39.9818  39.3889
0202-02-11_17:32:47.220000      26554.06        2.72232100e+00        2.16587510e-08  39.9818  39.3889
0202-02-11_17:32:47.410000      26554.25        2.73327000e+00        2.35181310e-08  39.9818  39.3889
0202-02-11_17:32:47.610000      26554.45        2.74330300e+00        2.12249010e-08  39.9825  39.3673
0202-02-11_17:32:47.812000      26554.65        2.75276700e+00        2.01092810e-08  39.9825  39.3673
0202-02-11_17:32:48.008000      26554.84        2.76312200e+00        1.94275110e-08  39.9825  39.3673
0202-02-11_17:32:48.200000      26555.04        2.77289300e+00        1.93035510e-08  39.9825  39.3673
0202-02-11_17:32:48.402000      26555.24        2.78246500e+00        1.67624110e-08  39.9825  39.3673
0202-02-11_17:32:48.625000      26555.46        2.79292900e+00        1.27337610e-08  39.9895  39.3891
0202-02-11_17:32:48.830000      26555.67        2.80313000e+00        1.63905310e-08  39.9895  39.3891
0202-02-11_17:32:49.023000      26555.86        2.81225800e+00        1.48410510e-08  39.9895  39.3891
0202-02-11_17:32:49.223000      26556.06        2.82262900e+00        1.94275110e-08  39.9895  39.3891
0202-02-11_17:32:49.418000      26556.26        2.83257700e+00        1.93035510e-08  39.9895  39.3891
0202-02-11_17:32:49.625000      26556.46        2.84215100e+00        2.41999010e-08  39.9770  39.3701
0202-02-11_17:32:49.830000      26556.67        2.85220100e+00        2.49436510e-08  39.9770  39.3701
0202-02-11_17:32:50.023000      26556.86        2.86214000e+00        2.53155210e-08  39.9770  39.3701
0202-02-11_17:32:50.215000      26557.05        2.87189400e+00        1.81259510e-08  39.9770  39.3701
0202-02-11_17:32:50.406000      26557.24        2.88159400e+00        1.48410510e-08  39.9770  39.3701
0202-02-11_17:32:50.613000      26557.45        2.89187400e+00        1.31056410e-08  39.9861  39.3874
0202-02-11_17:32:50.810000      26557.65        2.90201800e+00        2.28983410e-08  39.9861  39.3874
0202-02-11_17:32:51.004000      26557.84        2.91110300e+00        2.41379210e-08  39.9861  39.3874
0202-02-11_17:32:51.207000      26558.05        2.92174500e+00        2.28363610e-08  39.9861  39.3874
0202-02-11_17:32:51.402000      26558.24        2.93202700e+00        2.07910510e-08  39.9861  39.3874
0202-02-11_17:32:51.610000      26558.45        2.94109700e+00        2.09769810e-08  39.9784  39.3712
0202-02-11_17:32:51.805000      26558.64        2.95178800e+00        2.41379210e-08  39.9784  39.3712
0202-02-11_17:32:52             26558.84        2.96162200e+00        2.33941710e-08  39.9784  39.3712
0202-02-11_17:32:52.190000      26559.03        2.97037300e+00        2.40140010e-08  39.9784  39.3712
0202-02-11_17:32:52.400000      26559.23        2.98130900e+00        2.51298110e-08  39.9784  39.3712
0202-02-11_17:32:52.610000      26559.45        2.99141800e+00        2.62455610e-08  39.9784  39.3712
0202-02-11_17:32:52.816000      26559.65        3.00104100e+00        1.94899310e-08  39.9876  39.3850
0202-02-11_17:32:53.008000      26559.85        3.01117200e+00        2.51300310e-08  39.9876  39.3850
0202-02-11_17:32:53.210000      26560.05        3.02072600e+00        2.48821110e-08  39.9876  39.3850
0202-02-11_17:32:53.414000      26560.25        3.03078600e+00        2.74232510e-08  39.9876  39.3850
0202-02-11_17:32:53.617000      26560.46        3.04118600e+00        2.55638810e-08  39.9742  39.3679
0202-02-11_17:32:53.824000      26560.66        3.05033700e+00        2.33946110e-08  39.9742  39.3679
0202-02-11_17:32:54.016000      26560.85        3.06075400e+00        2.76091910e-08  39.9742  39.3679
0202-02-11_17:32:54.207000      26561.05        3.07067600e+00        2.98404410e-08  39.9742  39.3679
0202-02-11_17:32:54.410000      26561.25        3.07980600e+00        3.80216810e-08  39.9742  39.3679
0202-02-11_17:32:54.625000      26561.46        3.09075600e+00        4.52732410e-08  39.9838  39.3839
0202-02-11_17:32:54.820000      26561.66        3.10020300e+00        4.44055310e-08  39.9838  39.3839
0202-02-11_17:32:55.016000      26561.85        3.11006200e+00        4.19883410e-08  39.9838  39.3839
0202-02-11_17:32:55.207000      26562.05        3.12041400e+00        4.39716810e-08  39.9838  39.3839
0202-02-11_17:32:55.414000      26562.25        3.13019700e+00        4.73805310e-08  39.9838  39.3839
0202-02-11_17:32:55.617000      26562.45        3.13987200e+00        5.10992710e-08  39.9787  39.3689
0202-02-11_17:32:55.810000      26562.65        3.15009200e+00        4.99216710e-08  39.9787  39.3689
0202-02-11_17:32:56.008000      26562.84        3.16007000e+00        5.44461410e-08  39.9787  39.3689
0202-02-11_17:32:56.200000      26563.04        3.16909600e+00        5.46940610e-08  39.9787  39.3689
0202-02-11_17:32:56.390000      26563.23        3.17983800e+00        5.92185410e-08  39.9787  39.3689
0202-02-11_17:32:56.605000      26563.44        3.18982600e+00        6.34331210e-08  39.9787  39.3689
0202-02-11_17:32:56.805000      26563.64        3.19898300e+00        6.79575910e-08  39.9905  39.3879
0202-02-11_17:32:57.008000      26563.84        3.20981300e+00        7.06226910e-08  39.9905  39.3879
0202-02-11_17:32:57.200000      26564.04        3.21962100e+00        7.17383210e-08  39.9905  39.3879
0202-02-11_17:32:57.390000      26564.23        3.22873300e+00        7.56430010e-08  39.9905  39.3879
0202-02-11_17:32:57.610000      26564.45        3.23961700e+00        7.58909210e-08  39.9905  39.3879
0202-02-11_17:32:57.805000      26564.64        3.24903300e+00        8.48778910e-08  39.9794  39.3683
0202-02-11_17:32:58.010000      26564.85        3.25888800e+00        9.44846510e-08  39.9794  39.3683
0202-02-11_17:32:58.203000      26565.04        3.26916700e+00        1.11280511e-07  39.9794  39.3683
0202-02-11_17:32:58.400000      26565.24        3.27922800e+00        1.18407391e-07  39.9794  39.3683
0202-02-11_17:32:58.613000      26565.45        3.28896800e+00        1.31669971e-07  39.9794  39.3683
0202-02-11_17:32:58.810000      26565.65        3.29922500e+00        1.38735341e-07  39.9905  39.3797
0202-02-11_17:32:59.010000      26565.85        3.30882500e+00        1.53114491e-07  39.9905  39.3797
0202-02-11_17:32:59.207000      26566.04        3.31807500e+00        1.69043121e-07  39.9905  39.3797
0202-02-11_17:32:59.400000      26566.24        3.32879300e+00        1.79269661e-07  39.9905  39.3797
0202-02-11_17:32:59.613000      26566.45        3.33915200e+00        1.89186321e-07  39.9897  39.3674
0202-02-11_17:32:59.810000      26566.65        3.34822100e+00        2.10817021e-07  39.9897  39.3674
0202-02-11_17:33:00.010000      26566.85        3.35853600e+00        2.25072211e-07  39.9897  39.3674
0202-02-11_17:33:00.215000      26567.05        3.36873800e+00        2.43541971e-07  39.9897  39.3674
0202-02-11_17:33:00.418000      26567.26        3.37773800e+00        2.56929451e-07  39.9897  39.3674
0202-02-11_17:33:00.630000      26567.47        3.38844900e+00        2.79985671e-07  39.9883  39.3779
0202-02-11_17:33:00.832000      26567.67        3.39862300e+00        2.90398161e-07  39.9883  39.3779
0202-02-11_17:33:01.027000      26567.86        3.40770300e+00        3.16243441e-07  39.9883  39.3779
0202-02-11_17:33:01.220000      26568.06        3.41787400e+00        3.45559541e-07  39.9883  39.3779
0202-02-11_17:33:01.420000      26568.26        3.42826100e+00        3.64339201e-07  39.9883  39.3779
0202-02-11_17:33:01.625000      26568.46        3.43758200e+00        3.99419361e-07  39.9910  39.3798
0202-02-11_17:33:01.832000      26568.67        3.44812200e+00        4.21731831e-07  39.9910  39.3798
0202-02-11_17:33:02.035000      26568.87        3.45759100e+00        4.61212511e-07  39.9910  39.3798
0202-02-11_17:33:02.240000      26569.08        3.46732500e+00        4.89412991e-07  39.9910  39.3798
0202-02-11_17:33:02.438000      26569.28        3.47778400e+00        5.29017621e-07  39.9910  39.3798
0202-02-11_17:33:02.640000      26569.48        3.48765700e+00        5.56536341e-07  39.9811  39.3834
0202-02-11_17:33:02.844000      26569.68        3.49702000e+00        5.99363881e-07  39.9811  39.3834
0202-02-11_17:33:03.040000      26569.88        3.50719100e+00        6.34072171e-07  39.9811  39.3834
0202-02-11_17:33:03.230000      26570.07        3.51720300e+00        6.70020041e-07  39.9811  39.3834
0202-02-11_17:33:03.434000      26570.27        3.52665600e+00        7.21772571e-07  39.9811  39.3834
0202-02-11_17:33:03.640000      26570.48        3.53752700e+00        7.58092311e-07  39.9793  39.3679
0202-02-11_17:33:03.844000      26570.68        3.54693300e+00        8.02717251e-07  39.9793  39.3679
0202-02-11_17:33:04.040000      26570.88        3.55676100e+00        8.69220801e-07  39.9793  39.3679
0202-02-11_17:33:04.230000      26571.07        3.56695500e+00        9.24877521e-07  39.9793  39.3679
0202-02-11_17:33:04.420000      26571.26        3.57717600e+00        9.79852451e-07  39.9793  39.3679
0202-02-11_17:33:04.630000      26571.47        3.58638800e+00        1.05267719e-06  39.9761  39.3770
0202-02-11_17:33:04.830000      26571.66        3.59682000e+00        1.11174324e-06  39.9761  39.3770
0202-02-11_17:33:05.020000      26571.86        3.60669900e+00        1.17341241e-06  39.9761  39.3770
0202-02-11_17:33:05.227000      26572.06        3.61656800e+00        1.26229039e-06  39.9761  39.3770
0202-02-11_17:33:05.418000      26572.26        3.62606200e+00        1.33350434e-06  39.9761  39.3770
0202-02-11_17:33:05.617000      26572.46        3.63663700e+00        1.40614380e-06  39.9734  39.3757
0202-02-11_17:33:05.820000      26572.66        3.64627400e+00        1.50946291e-06  39.9734  39.3757
0202-02-11_17:33:06.016000      26572.85        3.65613400e+00        1.58830028e-06  39.9734  39.3757
0202-02-11_17:33:06.207000      26573.04        3.66664600e+00        1.67742617e-06  39.9734  39.3757
0202-02-11_17:33:06.410000      26573.25        3.67632000e+00        1.79915306e-06  39.9734  39.3757
0202-02-11_17:33:06.610000      26573.45        3.68585900e+00        1.89813362e-06  39.9871  39.3781
0202-02-11_17:33:06.820000      26573.66        3.69567800e+00        1.98955275e-06  39.9871  39.3781
0202-02-11_17:33:07.023000      26573.86        3.70621600e+00        2.09993746e-06  39.9871  39.3781
0202-02-11_17:33:07.227000      26574.06        3.71565800e+00        2.24447264e-06  39.9871  39.3781
0202-02-11_17:33:07.418000      26574.26        3.72539400e+00        2.36743911e-06  39.9871  39.3781
0202-02-11_17:33:07.633000      26574.47        3.73593400e+00        2.52548572e-06  39.9857  39.3780
0202-02-11_17:33:07.830000      26574.67        3.74554900e+00        2.65018760e-06  39.9857  39.3780
0202-02-11_17:33:08.023000      26574.86        3.75534100e+00        2.77842229e-06  39.9857  39.3780
0202-02-11_17:33:08.227000      26575.06        3.76585200e+00        2.95964907e-06  39.9857  39.3780
0202-02-11_17:33:08.418000      26575.26        3.77550600e+00        3.10461811e-06  39.9857  39.3780
0202-02-11_17:33:08.625000      26575.46        3.78447400e+00        3.25783036e-06  39.9859  39.3791
0202-02-11_17:33:08.820000      26575.66        3.79514200e+00        3.47196802e-06  39.9859  39.3791
0202-02-11_17:33:09.016000      26575.85        3.80527400e+00        3.64550941e-06  39.9859  39.3791
0202-02-11_17:33:09.207000      26576.05        3.81437400e+00        3.82016641e-06  39.9859  39.3791
0202-02-11_17:33:09.410000      26576.25        3.82514700e+00        4.06851652e-06  39.9859  39.3791
0202-02-11_17:33:09.620000      26576.46        3.83518400e+00        4.26474224e-06  39.9733  39.3800
0202-02-11_17:33:09.830000      26576.67        3.84453700e+00        4.45979036e-06  39.9733  39.3800
0202-02-11_17:33:10.023000      26576.86        3.85510700e+00        4.73503938e-06  39.9733  39.3800
0202-02-11_17:33:10.215000      26577.05        3.86489800e+00        4.95221306e-06  39.9733  39.3800
0202-02-11_17:33:10.410000      26577.25        3.87450800e+00        5.18878626e-06  39.9733  39.3800
0202-02-11_17:33:10.630000      26577.47        3.88486600e+00        5.52396776e-06  39.9882  39.3785
0202-02-11_17:33:10.836000      26577.67        3.89439000e+00        5.77535476e-06  39.9882  39.3785
0202-02-11_17:33:11.040000      26577.88        3.90447300e+00        6.09702606e-06  39.9882  39.3785
0202-02-11_17:33:11.230000      26578.07        3.91475500e+00        6.34432246e-06  39.9882  39.3785
0202-02-11_17:33:11.438000      26578.27        3.92406000e+00        6.70336706e-06  39.9882  39.3785
0202-02-11_17:33:11.633000      26578.47        3.93398000e+00        6.99863516e-06  39.9796  39.3696
0202-02-11_17:33:11.840000      26578.68        3.94434400e+00        7.29700236e-06  39.9796  39.3696
0202-02-11_17:33:12.035000      26578.87        3.95385700e+00        7.71151816e-06  39.9796  39.3696
0202-02-11_17:33:12.227000      26579.06        3.96360000e+00        8.03374726e-06  39.9796  39.3696
0202-02-11_17:33:12.430000      26579.27        3.97422800e+00        8.37841276e-06  39.9796  39.3696
0202-02-11_17:33:12.630000      26579.47        3.98390500e+00        8.86091956e-06  39.9974  39.3858
0202-02-11_17:33:12.832000      26579.67        3.99346600e+00        9.11373216e-06  39.9974  39.3858
0202-02-11_17:33:13.023000      26579.86        4.00409600e+00        9.66565556e-06  39.9974  39.3858
0202-02-11_17:33:13.220000      26580.06        4.01404000e+00        1.01133302e-05  39.9974  39.3858
0202-02-11_17:33:13.418000      26580.26        4.02326400e+00        1.05562325e-05  39.9974  39.3858
0202-02-11_17:33:13.617000      26580.46        4.03356200e+00        1.11365423e-05  39.9918  39.3717
0202-02-11_17:33:13.824000      26580.66        4.04337800e+00        1.15801883e-05  39.9918  39.3717
0202-02-11_17:33:14.023000      26580.86        4.05304000e+00        1.21988631e-05  39.9918  39.3717
0202-02-11_17:33:14.220000      26581.05        4.06322800e+00        1.26732507e-05  39.9918  39.3717
0202-02-11_17:33:14.420000      26581.26        4.07357900e+00        1.41067640e-05  39.9918  39.3717
0202-02-11_17:33:14.620000      26581.46        4.08329200e+00        1.42264455e-05  39.9816  39.3787
0202-02-11_17:33:14.816000      26581.65        4.09284100e+00        1.45116111e-05  39.9816  39.3787
0202-02-11_17:33:15.010000      26581.85        4.10314800e+00        1.59816301e-05  39.9816  39.3787
0202-02-11_17:33:15.203000      26582.04        4.11296700e+00        1.61351522e-05  39.9816  39.3787
0202-02-11_17:33:15.395000      26582.23        4.12278500e+00        1.73480201e-05  39.9816  39.3787
0202-02-11_17:33:15.610000      26582.45        4.13335600e+00        1.75788300e-05  39.9860  39.3777
0202-02-11_17:33:15.824000      26582.66        4.14325900e+00        1.89672846e-05  39.9860  39.3777
0202-02-11_17:33:16.016000      26582.85        4.15288200e+00        1.91274401e-05  39.9860  39.3777
0202-02-11_17:33:16.220000      26583.06        4.16305700e+00        2.06513967e-05  39.9860  39.3777