date                timestamp           time_s              setpt_K             sampleT_K           targetT_K           holderT_K           spareT_K            heaterPower_W       
2024-02-08 18:30:06.933220	0.03253054618835449	77.0	78.5238	76.8097	0.0	0.0	205.48179692307684
2024-02-08 18:30:09.284544	2.3838610649108887	77.0	78.5196	76.8539	0.0	0.0	203.6753723076923
2024-02-08 18:30:10.224586	3.3238942623138428	77.0	78.5204	76.829	0.0	0.0	203.6753723076923
2024-02-08 18:30:11.250112	4.349430084228516	77.0	78.5339	76.842	0.0	0.0	204.87876923076922
2024-02-08 18:30:12.255053	5.354361057281494	77.0	78.5288	76.8452	0.0	0.0	203.6753723076923
2024-02-08 18:30:13.228866	6.328175067901611	77.0	78.5171	76.8778	0.0	0.0	204.2766276923077
2024-02-08 18:30:14.238334	7.337642431259155	77.0	78.5528	76.8499	0.0	0.0	204.87876923076922
2024-02-08 18:30:15.228448	8.32775616645813	77.0	78.5704	76.8853	0.0	0.0	203.6753723076923
2024-02-08 18:30:16.232976	9.332282066345215	77.0	78.5449	76.8391	0.0	0.0	204.87876923076922
2024-02-08 18:30:17.231838	10.331156730651855	77.0	78.5277	76.8714	0.0	0.0	205.48179692307684
2024-02-08 18:30:18.240487	11.339792251586914	77.0	78.4921	76.8323	0.0	0.0	204.87876923076922
2024-02-08 18:30:19.242985	12.342294216156006	77.0	78.5325	76.8643	0.0	0.0	205.48179692307684
2024-02-08 18:30:20.275484	13.374791622161865	77.0	78.5343	76.8803	0.0	0.0	204.2766276923077
2024-02-08 18:30:21.223060	14.32236623764038	77.0	78.5351	76.8768	0.0	0.0	205.48179692307684
2024-02-08 18:30:22.233024	15.332332372665405	77.0	78.5217	76.8498	0.0	0.0	204.87876923076922
2024-02-08 18:30:23.238144	16.33745312690735	77.0	78.5548	76.8779	0.0	0.0	205.48179692307684
2024-02-08 18:30:24.224017	17.323325395584106	77.0	78.4633	76.8408	0.0	0.0	205.48179692307684
2024-02-08 18:30:25.225078	18.324387073516846	77.0	78.5367	76.8889	0.0	0.0	206.0857107692308
2024-02-08 18:30:26.229113	19.328432083129883	77.0	78.5215	76.8521	0.0	0.0	204.87876923076922
2024-02-08 18:30:27.225063	20.324368715286255	77.0	78.5338	76.8871	0.0	0.0	206.0857107692308
2024-02-08 18:30:28.230083	21.329391956329346	77.0	78.49	76.8557	0.0	0.0	204.87876923076922
2024-02-08 18:30:29.223220	22.32252597808838	77.0	78.5394	76.8803	0.0	0.0	206.69051076923074
2024-02-08 18:30:30.232816	23.332122087478638	77.0	78.5229	76.8563	0.0	0.0	206.0857107692308
2024-02-08 18:30:31.225524	24.32483220100403	77.0	78.5473	76.8978	0.0	0.0	204.87876923076922
2024-02-08 18:30:32.224591	25.32389998435974	77.0	78.5141	76.8503	0.0	0.0	205.48179692307684
2024-02-08 18:30:33.232695	26.332000732421875	77.0	78.4592	76.8632	0.0	0.0	206.69051076923074
2024-02-08 18:30:34.225380	27.32468581199646	77.0	78.5629	76.8722	0.0	0.0	205.48179692307684
2024-02-08 18:30:35.240402	28.339709281921387	77.0	78.5321	76.8934	0.0	0.0	207.29619692307693
2024-02-08 18:30:36.222699	29.322006702423096	77.0	78.4992	76.8796	0.0	0.0	205.48179692307684
2024-02-08 18:30:37.224436	30.32374119758606	77.0	78.5195	76.8896	0.0	0.0	206.0857107692308
2024-02-08 18:30:38.222701	31.322006225585938	77.0	78.4753	76.8542	0.0	0.0	206.0857107692308
2024-02-08 18:30:39.222711	32.32201671600342	77.0	78.4906	76.9	0.0	0.0	206.0857107692308
2024-02-08 18:30:40.222713	33.32201814651489	77.0	78.4488	76.8529	0.0	0.0	206.69051076923074
2024-02-08 18:30:41.225856	34.325162172317505	77.0	78.481	76.8959	0.0	0.0	207.29619692307693
2024-02-08 18:30:42.224402	35.32370615005493	77.0	78.5102	76.8859	0.0	0.0	206.0857107692308
2024-02-08 18:30:43.223440	36.32274603843689	77.0	78.54	76.907	0.0	0.0	206.69051076923074
2024-02-08 18:30:44.235750	37.33505845069885	77.0	78.5049	76.8763	0.0	0.0	206.0857107692308
2024-02-08 18:30:45.235971	38.33527898788452	77.0	78.5619	76.9083	0.0	0.0	206.69051076923074
2024-02-08 18:30:46.224200	39.323508977890015	77.0	78.5134	76.8734	0.0	0.0	206.69051076923074
2024-02-08 18:30:47.238726	40.3380343914032	77.0	78.4559	76.9176	0.0	0.0	206.69051076923074
2024-02-08 18:30:48.222893	41.32220196723938	77.0	78.481	76.8588	0.0	0.0	206.69051076923074
2024-02-08 18:30:49.240668	42.3399772644043	77.0	78.5357	76.9217	0.0	0.0	207.29619692307693
2024-02-08 18:30:50.225253	43.32456159591675	77.0	78.4916	76.894	0.0	0.0	206.69051076923074
2024-02-08 18:30:51.239304	44.33861589431763	77.0	78.5181	76.9211	0.0	0.0	207.29619692307693
2024-02-08 18:30:52.249737	45.349045753479004	77.0	78.506	76.8884	0.0	0.0	206.69051076923074
2024-02-08 18:30:53.240232	46.33954095840454	77.0	78.5102	76.9233	0.0	0.0	207.29619692307693
2024-02-08 18:30:54.223518	47.322826862335205	77.0	78.4806	76.875	0.0	0.0	207.29619692307693
2024-02-08 18:30:55.240198	48.33950614929199	77.0	78.4839	76.9283	0.0	0.0	206.0857107692308
2024-02-08 18:30:56.246762	49.34607911109924	77.0	78.4437	76.8648	0.0	0.0	207.90276923076922
2024-02-08 18:30:57.263302	50.362608671188354	77.0	78.509	76.9307	0.0	0.0	207.90276923076922
2024-02-08 18:30:58.232644	51.33195233345032	77.0	78.4637	76.9034	0.0	0.0	206.0857107692308
2024-02-08 18:30:59.242362	52.3416702747345	77.0	78.4929	76.9235	0.0	0.0	207.29619692307693
2024-02-08 18:31:00.232348	53.33165526390076	77.0	78.4553	76.9024	0.0	0.0	206.69051076923074
2024-02-08 18:31:01.222663	54.32197117805481	77.0	78.522	76.9307	0.0	0.0	206.69051076923074
2024-02-08 18:31:02.224425	55.32373309135437	77.0	78.4757	76.8888	0.0	0.0	207.90276923076922
2024-02-08 18:31:03.236422	56.33573055267334	77.0	78.5006	76.9524	0.0	0.0	206.0857107692308
2024-02-08 18:31:04.225897	57.325202226638794	77.0	78.3957	76.8675	0.0	0.0	207.90276923076922
2024-02-08 18:31:05.223233	58.32253837585449	77.0	78.5159	76.9305	0.0	0.0	207.90276923076922
2024-02-08 18:31:06.222318	59.32162380218506	77.0	78.5261	76.9123	0.0	0.0	206.69051076923074
2024-02-08 18:31:07.222312	60.321616888046265	77.0	78.4988	76.9366	0.0	0.0	207.29619692307693
2024-02-08 18:31:08.221967	61.32127285003662	77.0	78.4335	76.91	0.0	0.0	207.29619692307693
2024-02-08 18:31:09.238564	62.33787298202515	77.0	78.5209	76.9331	0.0	0.0	207.90276923076922
2024-02-08 18:31:10.245589	63.34490609169006	77.0	78.4781	76.8833	0.0	0.0	207.90276923076922
2024-02-08 18:31:11.231761	64.33106923103333	77.0	78.5262	76.9398	0.0	0.0	206.69051076923074
2024-02-08 18:31:12.238907	65.33821606636047	77.0	78.4747	76.8915	0.0	0.0	207.29619692307693
2024-02-08 18:31:13.222338	66.32164669036865	77.0	78.5484	76.9549	0.0	0.0	207.90276923076922
2024-02-08 18:31:14.222239	67.32154440879822	77.0	78.4426	76.9193	0.0	0.0	207.29619692307693
2024-02-08 18:31:15.223643	68.32294869422913	77.0	78.5177	76.9438	0.0	0.0	207.90276923076922
2024-02-08 18:31:16.223441	69.32274746894836	77.0	78.4809	76.9118	0.0	0.0	207.29619692307693
2024-02-08 18:31:17.222161	70.32146716117859	77.0	78.5524	76.9575	0.0	0.0	207.29619692307693
2024-02-08 18:31:18.223004	71.32230973243713	77.0	78.4729	76.9038	0.0	0.0	207.29619692307693
2024-02-08 18:31:19.221865	72.32117080688477	77.0	78.4814	76.9374	0.0	0.0	208.51022769230767
2024-02-08 18:31:20.751758	73.85106801986694	77.0	78.5247	76.9628	0.0	0.0	209.1185723076923
2024-02-08 18:31:21.223121	74.32242608070374	77.0042	78.4999	76.9466	0.0	0.0	208.51022769230767
2024-02-08 18:31:22.225480	75.32478857040405	77.0125	78.4973	76.9231	0.0	0.0	207.90276923076922
2024-02-08 18:31:23.222593	76.32189869880676	77.0208	78.5597	76.9701	0.0	0.0	208.51022769230767
2024-02-08 18:31:24.226626	77.32593369483948	77.0292	78.5181	76.9231	0.0	0.0	209.1185723076923
2024-02-08 18:31:25.224201	78.32350969314575	77.0375	78.503	76.9621	0.0	0.0	209.1185723076923
2024-02-08 18:31:26.286538	79.3858413696289	77.0458	78.5027	76.9203	0.0	0.0	209.1185723076923
2024-02-08 18:31:27.223325	80.32263159751892	77.0542	78.5084	76.9536	0.0	0.0	211.56081230769232
2024-02-08 18:31:28.222265	81.32157397270203	77.0625	78.5031	76.9316	0.0	0.0	209.7278030769231
2024-02-08 18:31:29.233939	82.33324766159058	77.0708	78.4827	76.9552	0.0	0.0	210.94892307692305
2024-02-08 18:31:30.224877	83.32418584823608	77.0792	78.5531	76.9188	0.0	0.0	212.1735876923077
2024-02-08 18:31:31.243202	84.34251070022583	77.0875	78.5421	76.9948	0.0	0.0	212.1735876923077
2024-02-08 18:31:32.242534	85.34184312820435	77.0958	78.4929	76.9391	0.0	0.0	211.56081230769232
2024-02-08 18:31:33.265457	86.36476397514343	77.1042	78.5499	76.9828	0.0	0.0	212.78724923076922
2024-02-08 18:31:34.233123	87.33243250846863	77.1125	78.4835	76.9383	0.0	0.0	212.78724923076922
2024-02-08 18:31:35.269708	88.36901593208313	77.1208	78.5076	76.9553	0.0	0.0	214.01723076923082
2024-02-08 18:31:36.249086	89.34839391708374	77.1292	78.5097	76.9528	0.0	0.0	214.01723076923082
2024-02-08 18:31:37.236235	90.33554434776306	77.1375	78.5038	76.9936	0.0	0.0	214.01723076923082
2024-02-08 18:31:38.241803	91.34111142158508	77.1458	78.4525	76.9438	0.0	0.0	215.25075692307692
2024-02-08 18:31:39.237099	92.33640789985657	77.1542	78.5668	77.0165	0.0	0.0	215.25075692307692
2024-02-08 18:31:40.231676	93.33098483085632	77.1625	78.5271	76.9885	0.0	0.0	214.63355076923074
2024-02-08 18:31:41.231873	94.33118176460266	77.1708	78.5302	77.0135	0.0	0.0	215.86884923076926
2024-02-08 18:31:42.238823	95.33813190460205	77.1792	78.5031	76.9817	0.0	0.0	215.86884923076926
2024-02-08 18:31:43.232497	96.33180665969849	77.1875	78.5117	77.0102	0.0	0.0	217.1076923076923
2024-02-08 18:31:44.231026	97.33033466339111	77.1958	78.4979	76.9759	0.0	0.0	217.7284430769231
2024-02-08 18:31:45.237245	98.33655333518982	77.2042	78.502	77.0343	0.0	0.0	217.1076923076923
2024-02-08 18:31:46.231709	99.33101773262024	77.2125	78.4753	76.9802	0.0	0.0	217.7284430769231
2024-02-08 18:31:47.234359	100.33366870880127	77.2208	78.546	77.0505	0.0	0.0	218.97260307692306
2024-02-08 18:31:48.241222	101.34053063392639	77.2292	78.4827	77.0084	0.0	0.0	218.35007999999996
2024-02-08 18:31:49.240125	102.33943390846252	77.2375	78.5397	77.0559	0.0	0.0	218.35007999999996
2024-02-08 18:31:50.234664	103.33397269248962	77.2458	78.5586	77.0119	0.0	0.0	217.7284430769231
2024-02-08 18:31:51.252357	104.35166430473328	77.2542	78.5422	77.0667	0.0	0.0	218.97260307692306
2024-02-08 18:31:52.241233	105.34054112434387	77.2625	78.5357	77.0166	0.0	0.0	220.84548923076923
2024-02-08 18:31:53.232636	106.33194494247437	77.2708	78.6091	77.0949	0.0	0.0	219.59601230769232
2024-02-08 18:31:54.245466	107.34477472305298	77.2792	78.4316	77.023	0.0	0.0	220.84548923076923
2024-02-08 18:31:55.231597	108.33090591430664	77.2875	78.572	77.0996	0.0	0.0	221.47155692307695
2024-02-08 18:31:56.239660	109.33896851539612	77.2958	78.557	77.0649	0.0	0.0	220.84548923076923
2024-02-08 18:31:57.258079	110.35738682746887	77.3042	78.5465	77.1129	0.0	0.0	220.84548923076923
2024-02-08 18:31:58.245742	111.34505105018616	77.3125	78.5147	77.0721	0.0	0.0	220.84548923076923
2024-02-08 18:31:59.237043	112.33635210990906	77.3208	78.5798	77.1253	0.0	0.0	220.84548923076923
2024-02-08 18:32:00.232037	113.3313455581665	77.3292	78.5311	77.0888	0.0	0.0	221.47155692307695
2024-02-08 18:32:01.253765	114.35307264328003	77.3375	78.5555	77.1431	0.0	0.0	221.47155692307695
2024-02-08 18:32:02.249634	115.3489420413971	77.3458	78.5149	77.0984	0.0	0.0	222.72635076923075
2024-02-08 18:32:03.240717	116.34002637863159	77.3542	78.6025	77.1662	0.0	0.0	223.35507692307695
2024-02-08 18:32:04.230916	117.33022499084473	77.3625	78.5964	77.131	0.0	0.0	222.72635076923075
2024-02-08 18:32:05.231525	118.33083415031433	77.3708	78.5916	77.1636	0.0	0.0	223.35507692307695
2024-02-08 18:32:06.232059	119.33136773109436	77.3792	78.5782	77.1429	0.0	0.0	222.72635076923075
2024-02-08 18:32:07.248405	120.34771299362183	77.3875	78.599	77.1764	0.0	0.0	224.6151876923077
2024-02-08 18:32:08.231254	121.33055996894836	77.3958	78.5217	77.1575	0.0	0.0	223.35507692307695
2024-02-08 18:32:09.251061	122.3503692150116	77.4042	78.6003	77.1843	0.0	0.0	225.2465723076923
2024-02-08 18:32:10.231581	123.33088874816895	77.4125	78.6103	77.1855	0.0	0.0	224.6151876923077
2024-02-08 18:32:11.244330	124.34363865852356	77.4208	78.6329	77.2257	0.0	0.0	225.2465723076923
2024-02-08 18:32:12.230726	125.33003425598145	77.4292	78.5997	77.1707	0.0	0.0	225.2465723076923
2024-02-08 18:32:13.231028	126.33033418655396	77.4375	78.6476	77.2399	0.0	0.0	225.2465723076923
2024-02-08 18:32:14.231212	127.33051776885986	77.4458	78.6177	77.1964	0.0	0.0	225.87884307692312
2024-02-08 18:32:15.232417	128.33172297477722	77.4542	78.6355	77.2633	0.0	0.0	224.6151876923077
2024-02-08 18:32:16.250434	129.3497543334961	77.4625	78.5997	77.1941	0.0	0.0	226.51199999999997
2024-02-08 18:32:17.246512	130.34582042694092	77.4708	78.6392	77.2717	0.0	0.0	226.51199999999997
2024-02-08 18:32:18.243318	131.34262776374817	77.4792	78.6254	77.2415	0.0	0.0	225.87884307692312
2024-02-08 18:32:19.240556	132.33986449241638	77.4875	78.6918	77.2803	0.0	0.0	227.14604307692306
2024-02-08 18:32:20.248468	133.3477761745453	77.4958	78.5884	77.2534	0.0	0.0	226.51199999999997
2024-02-08 18:32:21.246262	134.34557032585144	77.5042	78.668	77.305	0.0	0.0	227.14604307692306
2024-02-08 18:32:22.246595	135.3459014892578	77.5125	78.6557	77.2715	0.0	0.0	226.51199999999997
2024-02-08 18:32:23.232269	136.3315749168396	77.5208	78.6241	77.2907	0.0	0.0	229.05348923076923
2024-02-08 18:32:24.249643	137.34895133972168	77.5292	78.6383	77.2971	0.0	0.0	227.78097230769237
2024-02-08 18:32:25.248474	138.34778022766113	77.5375	78.699	77.3402	0.0	0.0	228.41678769230768
2024-02-08 18:32:26.231558	139.33086681365967	77.5458	78.6341	77.3016	0.0	0.0	227.14604307692306
2024-02-08 18:32:27.233491	140.33280038833618	77.5542	78.7175	77.3684	0.0	0.0	227.78097230769237
2024-02-08 18:32:28.232392	141.33170080184937	77.5625	78.6803	77.3101	0.0	0.0	229.05348923076923
2024-02-08 18:32:29.232440	142.33174896240234	77.5708	78.7296	77.3798	0.0	0.0	228.41678769230768
2024-02-08 18:32:30.231120	143.33042931556702	77.5792	78.7092	77.3436	0.0	0.0	228.41678769230768
2024-02-08 18:32:31.244477	144.34379243850708	77.5875	78.7021	77.3714	0.0	0.0	230.32955076923074
2024-02-08 18:32:32.236343	145.3356490135193	77.5958	78.7389	77.3683	0.0	0.0	229.69107692307696
2024-02-08 18:32:33.233290	146.33259844779968	77.6042	78.7538	77.4145	0.0	0.0	229.69107692307696
2024-02-08 18:32:34.248430	147.34773921966553	77.6125	78.6858	77.3755	0.0	0.0	229.69107692307696
2024-02-08 18:32:35.242089	148.34139728546143	77.6208	78.7828	77.4408	0.0	0.0	229.05348923076923
2024-02-08 18:32:36.247253	149.3465609550476	77.6292	78.7216	77.3909	0.0	0.0	229.69107692307696
2024-02-08 18:32:37.240747	150.34005618095398	77.6375	78.7908	77.4506	0.0	0.0	230.96891076923077
2024-02-08 18:32:38.242793	151.34210205078125	77.6458	78.7493	77.4131	0.0	0.0	229.05348923076923
2024-02-08 18:32:39.230136	152.32944440841675	77.6542	78.7612	77.4555	0.0	0.0	231.60915692307694
2024-02-08 18:32:40.244366	153.34368133544922	77.6625	78.751	77.4427	0.0	0.0	230.32955076923074
2024-02-08 18:32:41.246021	154.34532618522644	77.6708	78.8065	77.4907	0.0	0.0	230.96891076923077
2024-02-08 18:32:42.246216	155.34552454948425	77.6792	78.7274	77.4629	0.0	0.0	230.32955076923074
2024-02-08 18:32:43.229774	156.3290798664093	77.6875	78.8315	77.5087	0.0	0.0	230.96891076923077
2024-02-08 18:32:44.231061	157.33036708831787	77.6958	78.7862	77.4595	0.0	0.0	232.2502892307692
2024-02-08 18:32:45.231282	158.33058834075928	77.7042	78.7955	77.5278	0.0	0.0	231.60915692307694
2024-02-08 18:32:46.247652	159.34696102142334	77.7125	78.757	77.4886	0.0	0.0	231.60915692307694
2024-02-08 18:32:47.241575	160.3408842086792	77.7208	78.8288	77.5434	0.0	0.0	232.2502892307692
2024-02-08 18:32:48.247312	161.34662079811096	77.7292	78.8196	77.5143	0.0	0.0	231.60915692307694
2024-02-08 18:32:49.250273	162.3495810031891	77.7375	78.9025	77.5565	0.0	0.0	232.2502892307692
2024-02-08 18:32:50.232391	163.3317005634308	77.7458	78.8002	77.5358	0.0	0.0	231.60915692307694
2024-02-08 18:32:51.241661	164.34096717834473	77.7542	78.8346	77.5714	0.0	0.0	232.2502892307692
2024-02-08 18:32:52.246297	165.34560465812683	77.7625	78.7837	77.5404	0.0	0.0	232.8923076923077
2024-02-08 18:32:53.241760	166.3410677909851	77.7708	78.861	77.6073	0.0	0.0	231.60915692307694
2024-02-08 18:32:54.241628	167.34093642234802	77.7792	78.8479	77.5563	0.0	0.0	232.2502892307692
2024-02-08 18:32:55.230079	168.32938718795776	77.7875	78.854	77.612	0.0	0.0	233.53521230769235
2024-02-08 18:32:56.241394	169.34070301055908	77.7958	78.8616	77.5979	0.0	0.0	232.8923076923077
2024-02-08 18:32:57.229555	170.32886123657227	77.8042	78.8952	77.6448	0.0	0.0	232.8923076923077
2024-02-08 18:32:58.229350	171.3286554813385	77.8125	78.8557	77.5999	0.0	0.0	233.53521230769235
2024-02-08 18:32:59.251702	172.35102009773254	77.8208	78.8995	77.6523	0.0	0.0	234.17900307692307
2024-02-08 18:33:00.250894	173.3502025604248	77.8292	78.9744	77.643	0.0	0.0	232.8923076923077
2024-02-08 18:33:01.256037	174.35534524917603	77.8375	78.9823	77.6799	0.0	0.0	233.53521230769235
2024-02-08 18:33:02.235483	175.33479166030884	77.8458	78.8642	77.6356	0.0	0.0	235.4692430769231
2024-02-08 18:33:03.230179	176.32948923110962	77.8542	78.9413	77.6846	0.0	0.0	233.53521230769235
2024-02-08 18:33:04.230718	177.3300266265869	77.8625	78.9231	77.6634	0.0	0.0	234.82368
2024-02-08 18:33:05.244630	178.3439381122589	77.8708	78.9335	77.7349	0.0	0.0	232.8923076923077
2024-02-08 18:33:06.239862	179.33917021751404	77.8792	78.9147	77.6637	0.0	0.0	234.17900307692307
2024-02-08 18:33:07.239177	180.33848404884338	77.8875	78.9506	77.7306	0.0	0.0	234.82368
2024-02-08 18:33:08.259383	181.3586883544922	77.8958	78.9528	77.71	0.0	0.0	234.17900307692307
2024-02-08 18:33:09.249337	182.34864616394043	77.9042	78.9313	77.761	0.0	0.0	234.82368
2024-02-08 18:33:10.252403	183.35171175003052	77.9125	78.9665	77.7346	0.0	0.0	234.82368
2024-02-08 18:33:11.230951	184.33026027679443	77.9208	79.0347	77.783	0.0	0.0	232.8923076923077
2024-02-08 18:33:12.229930	185.32923793792725	77.9292	78.9702	77.7372	0.0	0.0	236.11569230769229
2024-02-08 18:33:13.251362	186.35067105293274	77.9375	79.0397	77.7977	0.0	0.0	234.82368
2024-02-08 18:33:14.256847	187.35616302490234	77.9458	79.002	77.7894	0.0	0.0	233.53521230769235
2024-02-08 18:33:15.229300	188.32860827445984	77.9542	79.0535	77.8106	0.0	0.0	234.17900307692307
2024-02-08 18:33:16.243004	189.34231233596802	77.9625	79.0224	77.7697	0.0	0.0	234.82368
2024-02-08 18:33:17.229420	190.32872867584229	77.9708	79.0394	77.8195	0.0	0.0	234.82368
2024-02-08 18:33:18.238970	191.33827924728394	77.9792	79.0559	77.8045	0.0	0.0	235.4692430769231
2024-02-08 18:33:19.229239	192.3285460472107	77.9875	79.0919	77.8665	0.0	0.0	233.53521230769235
2024-02-08 18:33:20.257202	193.35650777816772	77.9958	79.0186	77.8168	0.0	0.0	234.82368
2024-02-08 18:33:21.239093	194.33840107917786	78.0042	79.111	77.8578	0.0	0.0	236.11569230769229
2024-02-08 18:33:22.236697	195.3360161781311	78.0125	79.0754	77.8509	0.0	0.0	236.11569230769229
2024-02-08 18:33:23.231741	196.3310511112213	78.0208	79.1302	77.9062	0.0	0.0	233.53521230769235
2024-02-08 18:33:24.240672	197.3399806022644	78.0292	79.0598	77.8651	0.0	0.0	235.4692430769231
2024-02-08 18:33:25.235963	198.33527207374573	78.0375	79.132	77.915	0.0	0.0	234.17900307692307
2024-02-08 18:33:26.229026	199.3283314704895	78.0458	79.1353	77.8965	0.0	0.0	236.11569230769229
2024-02-08 18:33:27.245771	200.3450803756714	78.0542	79.1076	77.9234	0.0	0.0	235.4692430769231
2024-02-08 18:33:28.229272	201.3285777568817	78.0625	79.106	77.9196	0.0	0.0	236.11569230769229
2024-02-08 18:33:29.241826	202.34113144874573	78.0708	79.1521	77.943	0.0	0.0	236.11569230769229
2024-02-08 18:33:30.234522	203.33383178710938	78.0792	79.1406	77.9127	0.0	0.0	237.41124923076927
2024-02-08 18:33:31.249373	204.3486819267273	78.0875	79.2128	77.9718	0.0	0.0	236.11569230769229
2024-02-08 18:33:32.232423	205.33173179626465	78.0958	79.1135	77.9433	0.0	0.0	237.41124923076927
2024-02-08 18:33:33.232374	206.3316831588745	78.1042	79.193	77.9828	0.0	0.0	235.4692430769231
2024-02-08 18:33:34.229279	207.32858872413635	78.1125	79.1962	77.9613	0.0	0.0	237.41124923076927
2024-02-08 18:33:35.228671	208.32797956466675	78.1208	79.2177	78.0123	0.0	0.0	235.4692430769231
2024-02-08 18:33:36.248516	209.34782433509827	78.1292	79.1654	77.978	0.0	0.0	236.11569230769229
2024-02-08 18:33:37.229586	210.32889485359192	78.1375	79.2688	78.0366	0.0	0.0	234.82368
2024-02-08 18:33:38.245269	211.34457778930664	78.1458	79.1916	78.0041	0.0	0.0	236.11569230769229
2024-02-08 18:33:39.229043	212.32835054397583	78.1542	79.2019	78.0534	0.0	0.0	235.4692430769231
2024-02-08 18:33:40.231178	213.3304841518402	78.1625	79.2029	77.9991	0.0	0.0	238.71035076923079
2024-02-08 18:33:41.239191	214.3384997844696	78.1708	79.2828	78.0615	0.0	0.0	237.41124923076927
2024-02-08 18:33:42.229017	215.32832598686218	78.1792	79.2134	78.0562	0.0	0.0	236.76302769230767
2024-02-08 18:33:43.239133	216.33844184875488	78.1875	79.267	78.07	0.0	0.0	237.41124923076927
2024-02-08 18:33:44.246769	217.3460774421692	78.1958	79.2562	78.062	0.0	0.0	237.41124923076927
2024-02-08 18:33:45.228524	218.32783389091492	78.2042	79.2728	78.1102	0.0	0.0	235.4692430769231
2024-02-08 18:33:46.239069	219.33837842941284	78.2125	79.3132	78.0768	0.0	0.0	236.11569230769229
2024-02-08 18:33:47.231658	220.33096718788147	78.2208	79.3229	78.1266	0.0	0.0	236.11569230769229
2024-02-08 18:33:48.229169	221.32847714424133	78.2292	79.274	78.1047	0.0	0.0	237.41124923076927
2024-02-08 18:33:49.238334	222.33764338493347	78.2375	79.321	78.1338	0.0	0.0	237.41124923076927
2024-02-08 18:33:50.246407	223.345716714859	78.2458	79.3296	78.1166	0.0	0.0	238.06035692307688
2024-02-08 18:33:51.228304	224.32760977745056	78.2542	79.3913	78.1685	0.0	0.0	236.11569230769229
2024-02-08 18:33:52.230653	225.3299593925476	78.2625	79.3796	78.1326	0.0	0.0	238.71035076923079
2024-02-08 18:33:53.241362	226.34066772460938	78.2708	79.3477	78.1729	0.0	0.0	238.06035692307688
2024-02-08 18:33:54.228501	227.32780718803406	78.2792	79.3535	78.1587	0.0	0.0	238.06035692307688
2024-02-08 18:33:55.238322	228.33763027191162	78.2875	79.3988	78.224	0.0	0.0	238.06035692307688
2024-02-08 18:33:56.232329	229.33163833618164	78.2958	79.3575	78.1785	0.0	0.0	238.06035692307688
2024-02-08 18:33:57.228326	230.3276345729828	78.3042	79.42	78.2167	0.0	0.0	236.76302769230767
2024-02-08 18:33:58.230030	231.32933902740479	78.3125	79.3561	78.1978	0.0	0.0	238.06035692307688
2024-02-08 18:33:59.231584	232.33089303970337	78.3208	79.4085	78.241	0.0	0.0	236.76302769230767
2024-02-08 18:34:00.229110	233.3284182548523	78.3292	79.3826	78.2087	0.0	0.0	238.71035076923079
2024-02-08 18:34:01.249590	234.3488986492157	78.3375	79.3949	78.2654	0.0	0.0	237.41124923076927
2024-02-08 18:34:02.228055	235.32736444473267	78.3458	79.3973	78.2328	0.0	0.0	238.71035076923079
2024-02-08 18:34:03.232177	236.33148622512817	78.3542	79.4422	78.264	0.0	0.0	237.41124923076927
2024-02-08 18:34:04.228133	237.32744121551514	78.3625	79.4228	78.2426	0.0	0.0	239.3612307692308
2024-02-08 18:34:05.228306	238.32761549949646	78.3708	79.4768	78.3161	0.0	0.0	235.4692430769231
2024-02-08 18:34:06.230572	239.32988142967224	78.3792	79.4338	78.2646	0.0	0.0	238.71035076923079
2024-02-08 18:34:07.228088	240.32739686965942	78.3875	79.5437	78.3305	0.0	0.0	236.11569230769229
2024-02-08 18:34:08.238102	241.33741092681885	78.3958	79.4881	78.286	0.0	0.0	236.76302769230767
2024-02-08 18:34:09.238118	242.3374261856079	78.4042	79.5453	78.3401	0.0	0.0	236.76302769230767
2024-02-08 18:34:10.240989	243.34029722213745	78.4125	79.507	78.304	0.0	0.0	239.3612307692308
2024-02-08 18:34:11.239423	244.3387303352356	78.4208	79.5566	78.3534	0.0	0.0	236.76302769230767
2024-02-08 18:34:12.239251	245.33855748176575	78.4292	79.4836	78.3337	0.0	0.0	238.71035076923079
2024-02-08 18:34:13.237777	246.33708310127258	78.4375	79.5685	78.3676	0.0	0.0	237.41124923076927
2024-02-08 18:34:14.238107	247.3374125957489	78.4458	79.5655	78.3535	0.0	0.0	238.71035076923079
2024-02-08 18:34:15.237721	248.3370270729065	78.4542	79.5853	78.4111	0.0	0.0	236.11569230769229
2024-02-08 18:34:16.242066	249.34138321876526	78.4625	79.5424	78.3581	0.0	0.0	239.3612307692308
2024-02-08 18:34:17.240642	250.3399519920349	78.4708	79.6181	78.4127	0.0	0.0	236.76302769230767
2024-02-08 18:34:18.247117	251.3464252948761	78.4792	79.5566	78.3934	0.0	0.0	238.71035076923079
2024-02-08 18:34:19.239159	252.33846497535706	78.4875	79.5973	78.4379	0.0	0.0	236.76302769230767
2024-02-08 18:34:20.238421	253.33772945404053	78.4958	79.6215	78.4069	0.0	0.0	238.71035076923079
2024-02-08 18:34:21.238402	254.33771109580994	78.5042	79.6651	78.4487	0.0	0.0	236.76302769230767
2024-02-08 18:34:22.222397	255.3217055797577	78.5117	79.6424	78.4332	0.0	0.0	238.71035076923079
2024-02-08 18:34:23.238300	256.3376066684723	78.5208	79.6357	78.4411	0.0	0.0	238.71035076923079
2024-02-08 18:34:24.242858	257.34217619895935	78.5292	79.6541	78.4389	0.0	0.0	239.3612307692308
2024-02-08 18:34:25.218462	258.31776785850525	78.5367	79.706	78.4929	0.0	0.0	236.76302769230767
2024-02-08 18:34:26.239217	259.338525056839	78.5458	79.661	78.475	0.0	0.0	238.06035692307688
2024-02-08 18:34:27.217880	260.3171887397766	78.5533	79.743	78.5145	0.0	0.0	236.76302769230767
2024-02-08 18:34:28.221095	261.3204026222229	78.5617	79.645	78.4758	0.0	0.0	239.3612307692308
2024-02-08 18:34:29.239421	262.338730096817	78.5708	79.6684	78.5359	0.0	0.0	236.76302769230767
2024-02-08 18:34:30.247417	263.34672570228577	78.5792	79.708	78.4931	0.0	0.0	237.41124923076927
2024-02-08 18:34:31.242089	264.34139680862427	78.5875	79.7375	78.5398	0.0	0.0	237.41124923076927
2024-02-08 18:34:32.239294	265.33860421180725	78.5958	79.7264	78.5153	0.0	0.0	239.3612307692308
2024-02-08 18:34:33.243494	266.3428030014038	78.6042	79.7332	78.5544	0.0	0.0	237.41124923076927
2024-02-08 18:34:34.237911	267.33721947669983	78.6125	79.7054	78.5178	0.0	0.0	240.01299692307688
2024-02-08 18:34:35.239084	268.33839225769043	78.6208	79.7672	78.5852	0.0	0.0	236.76302769230767
2024-02-08 18:34:36.238595	269.33790397644043	78.6292	79.7417	78.5627	0.0	0.0	238.71035076923079
2024-02-08 18:34:37.218198	270.31750679016113	78.6367	79.7806	78.6036	0.0	0.0	236.76302769230767
2024-02-08 18:34:38.237624	271.33694076538086	78.6458	79.7622	78.5685	0.0	0.0	239.3612307692308
2024-02-08 18:34:39.243532	272.3428409099579	78.6542	79.8763	78.6218	0.0	0.0	236.76302769230767
2024-02-08 18:34:40.252174	273.35148191452026	78.6625	79.7769	78.5954	0.0	0.0	238.71035076923079
2024-02-08 18:34:41.218586	274.3178958892822	78.67	79.8109	78.6294	0.0	0.0	237.41124923076927
2024-02-08 18:34:42.241645	275.3409550189972	78.6792	79.8117	78.593	0.0	0.0	240.01299692307688
2024-02-08 18:34:43.237843	276.3371515274048	78.6875	79.8455	78.6648	0.0	0.0	236.76302769230767
2024-02-08 18:34:44.226901	277.3262071609497	78.695	79.8038	78.6275	0.0	0.0	239.3612307692308
2024-02-08 18:34:45.237931	278.3372404575348	78.7042	79.7703	78.6541	0.0	0.0	238.06035692307688
2024-02-08 18:34:46.240680	279.33999514579773	78.7125	79.8492	78.6452	0.0	0.0	239.3612307692308
2024-02-08 18:34:47.244538	280.34384775161743	78.7208	79.8669	78.696	0.0	0.0	236.76302769230767
2024-02-08 18:34:48.239168	281.338476896286	78.7292	79.8661	78.682	0.0	0.0	238.06035692307688
2024-02-08 18:34:49.237584	282.3368923664093	78.7375	79.9408	78.7178	0.0	0.0	236.76302769230767
2024-02-08 18:34:50.238363	283.3376696109772	78.7458	79.887	78.6837	0.0	0.0	239.3612307692308
2024-02-08 18:34:51.237925	284.3372325897217	78.7542	79.9442	78.7393	0.0	0.0	236.76302769230767
2024-02-08 18:34:52.237419	285.3367359638214	78.7625	79.9158	78.7057	0.0	0.0	238.71035076923079
2024-02-08 18:34:53.243002	286.3423101902008	78.7708	79.9247	78.754	0.0	0.0	236.76302769230767
2024-02-08 18:34:54.244720	287.34402894973755	78.7792	79.9466	78.7223	0.0	0.0	238.71035076923079
2024-02-08 18:34:55.242972	288.342280626297	78.7875	79.9401	78.7611	0.0	0.0	237.41124923076927
2024-02-08 18:34:56.218609	289.3179187774658	78.795	79.9172	78.7302	0.0	0.0	239.3612307692308
2024-02-08 18:34:57.217646	290.31695318222046	78.8033	79.9486	78.7852	0.0	0.0	237.41124923076927
2024-02-08 18:34:58.217108	291.316419839859	78.8117	79.8954	78.7654	0.0	0.0	238.71035076923079
2024-02-08 18:34:59.218560	292.3178679943085	78.82	79.9794	78.8	0.0	0.0	237.41124923076927
2024-02-08 18:35:00.245519	293.34482741355896	78.8292	79.9388	78.7666	0.0	0.0	239.3612307692308
2024-02-08 18:35:01.218205	294.31751012802124	78.8367	80.0217	78.8239	0.0	0.0	236.76302769230767
2024-02-08 18:35:02.217387	295.31669330596924	78.845	79.9702	78.7943	0.0	0.0	239.3612307692308
2024-02-08 18:35:03.243688	296.3429958820343	78.8542	80.0356	78.8545	0.0	0.0	236.11569230769229
2024-02-08 18:35:04.220721	297.3200285434723	78.8617	80.0141	78.808	0.0	0.0	239.3612307692308
2024-02-08 18:35:05.238798	298.33810353279114	78.8708	80.0254	78.8535	0.0	0.0	237.41124923076927
2024-02-08 18:35:06.218007	299.31731367111206	78.8783	80.0024	78.8221	0.0	0.0	239.3612307692308
2024-02-08 18:35:07.244060	300.34336829185486	78.8875	80.0182	78.8759	0.0	0.0	236.76302769230767
2024-02-08 18:35:08.223037	301.322345495224	78.895	80.0577	78.8401	0.0	0.0	239.3612307692308
2024-02-08 18:35:09.242714	302.3420226573944	78.9042	80.0369	78.8852	0.0	0.0	237.41124923076927
2024-02-08 18:35:10.219325	303.3186311721802	78.9117	80.055	78.8756	0.0	0.0	238.71035076923079
2024-02-08 18:35:11.239309	304.3386173248291	78.9208	80.0943	78.913	0.0	0.0	236.76302769230767
2024-02-08 18:35:12.234493	305.3338007926941	78.9283	80.1086	78.8705	0.0	0.0	240.01299692307688
2024-02-08 18:35:13.225053	306.3243622779846	78.9367	80.1256	78.9152	0.0	0.0	238.06035692307688
2024-02-08 18:35:14.242722	307.3420317173004	78.9458	80.1036	78.8949	0.0	0.0	239.3612307692308
2024-02-08 18:35:15.218422	308.31773233413696	78.9533	80.147	78.9557	0.0	0.0	236.76302769230767
2024-02-08 18:35:16.239831	309.33913946151733	78.9625	80.123	78.9207	0.0	0.0	238.71035076923079
2024-02-08 18:35:17.217730	310.3170368671417	78.97	80.1746	78.9762	0.0	0.0	236.11569230769229
2024-02-08 18:35:18.216935	311.3162417411804	78.9783	80.1721	78.9267	0.0	0.0	239.3612307692308
2024-02-08 18:35:19.230398	312.3297064304352	78.9867	80.1693	78.9841	0.0	0.0	236.76302769230767
2024-02-08 18:35:20.223169	313.32248067855835	78.995	80.1777	78.956	0.0	0.0	238.71035076923079
2024-02-08 18:35:21.236268	314.33557748794556	79.0042	80.1798	78.9943	0.0	0.0	237.41124923076927
2024-02-08 18:35:22.237214	315.33653354644775	79.0125	80.1111	78.9624	0.0	0.0	239.3612307692308
2024-02-08 18:35:23.217258	316.3165674209595	79.02	80.2476	79.0172	0.0	0.0	236.76302769230767
2024-02-08 18:35:24.238649	317.3379554748535	79.0292	80.2463	78.9783	0.0	0.0	239.3612307692308
2024-02-08 18:35:25.219227	318.3185360431671	79.0367	80.2059	79.0395	0.0	0.0	236.76302769230767
2024-02-08 18:35:26.264235	319.3635437488556	79.0458	80.1806	78.9904	0.0	0.0	238.06035692307688
2024-02-08 18:35:27.218310	320.3176169395447	79.0533	80.1863	79.0316	0.0	0.0	238.06035692307688
2024-02-08 18:35:28.216947	321.3162558078766	79.0617	80.256	79.0306	0.0	0.0	238.71035076923079
2024-02-08 18:35:29.220264	322.31957244873047	79.07	80.2564	79.0656	0.0	0.0	237.41124923076927
2024-02-08 18:35:30.219550	323.31885623931885	79.0783	80.2732	79.0565	0.0	0.0	238.06035692307688
2024-02-08 18:35:31.256839	324.3561451435089	79.0875	80.2937	79.098	0.0	0.0	236.76302769230767
2024-02-08 18:35:32.239767	325.33907532691956	79.0958	80.2584	79.054	0.0	0.0	239.3612307692308
2024-02-08 18:35:33.219224	326.3185329437256	79.1033	80.3008	79.0946	0.0	0.0	237.41124923076927
2024-02-08 18:35:34.224217	327.32352590560913	79.1117	80.268	79.0747	0.0	0.0	239.3612307692308
2024-02-08 18:35:35.245948	328.34525632858276	79.1208	80.2964	79.1273	0.0	0.0	236.76302769230767
2024-02-08 18:35:36.247798	329.34710597991943	79.1292	80.2555	79.0817	0.0	0.0	240.01299692307688
2024-02-08 18:35:37.251339	330.35064673423767	79.1375	80.3032	79.1372	0.0	0.0	237.41124923076927
2024-02-08 18:35:38.249534	331.34884238243103	79.1458	80.2653	79.0854	0.0	0.0	240.66564923076922
2024-02-08 18:35:39.232589	332.33189702033997	79.1533	80.3659	79.1534	0.0	0.0	237.41124923076927
2024-02-08 18:35:40.226262	333.3255717754364	79.1617	80.3164	79.126	0.0	0.0	239.3612307692308
2024-02-08 18:35:41.246182	334.34549140930176	79.1708	80.3441	79.1552	0.0	0.0	238.06035692307688
2024-02-08 18:35:42.249353	335.34866094589233	79.1792	80.3605	79.1325	0.0	0.0	240.01299692307688
2024-02-08 18:35:43.246940	336.34624910354614	79.1875	80.4242	79.1948	0.0	0.0	236.76302769230767
2024-02-08 18:35:44.249941	337.3492476940155	79.1958	80.3665	79.1583	0.0	0.0	239.3612307692308
2024-02-08 18:35:45.218651	338.3179578781128	79.2033	80.4385	79.2199	0.0	0.0	236.76302769230767
2024-02-08 18:35:46.218007	339.3173158168793	79.2117	80.4409	79.1853	0.0	0.0	238.71035076923079
2024-02-08 18:35:47.232774	340.33208322525024	79.22	80.4104	79.2151	0.0	0.0	237.41124923076927
2024-02-08 18:35:48.220643	341.3199520111084	79.2283	80.4064	79.1964	0.0	0.0	239.3612307692308
2024-02-08 18:35:49.216711	342.31601643562317	79.2367	80.4172	79.2213	0.0	0.0	238.06035692307688
2024-02-08 18:35:50.256786	343.35609459877014	79.2458	80.4042	79.1929	0.0	0.0	240.66564923076922
2024-02-08 18:35:51.216167	344.3154728412628	79.2533	80.4718	79.2527	0.0	0.0	237.41124923076927
2024-02-08 18:35:52.249319	345.34863686561584	79.2625	80.3896	79.2313	0.0	0.0	239.3612307692308
2024-02-08 18:35:53.226084	346.32540130615234	79.27	80.4059	79.2571	0.0	0.0	238.06035692307688
2024-02-08 18:35:54.228643	347.32795214653015	79.2783	80.4569	79.2383	0.0	0.0	240.01299692307688
2024-02-08 18:35:55.216654	348.3159604072571	79.2867	80.509	79.2956	0.0	0.0	237.41124923076927
2024-02-08 18:35:56.229444	349.32875537872314	79.295	80.4795	79.2716	0.0	0.0	238.71035076923079
2024-02-08 18:35:57.247606	350.34691405296326	79.3042	80.5176	79.308	0.0	0.0	237.41124923076927
2024-02-08 18:35:58.246418	351.3457269668579	79.3125	80.4527	79.2769	0.0	0.0	239.3612307692308
2024-02-08 18:35:59.265739	352.3650462627411	79.3208	80.5209	79.3309	0.0	0.0	238.71035076923079
2024-02-08 18:36:00.246120	353.3454294204712	79.3292	80.4657	79.2957	0.0	0.0	239.3612307692308
2024-02-08 18:36:01.219265	354.31857419013977	79.3367	80.5881	79.3491	0.0	0.0	236.76302769230767
2024-02-08 18:36:02.220218	355.3195252418518	79.345	80.5324	79.3056	0.0	0.0	240.01299692307688
2024-02-08 18:36:03.241696	356.3410053253174	79.3533	80.544	79.3455	0.0	0.0	238.06035692307688
2024-02-08 18:36:04.246180	357.3454895019531	79.3625	80.5987	79.3418	0.0	0.0	238.71035076923079
2024-02-08 18:36:05.247280	358.3465883731842	79.3708	80.6036	79.3804	0.0	0.0	237.41124923076927
2024-02-08 18:36:06.230899	359.3302056789398	79.3783	80.5725	79.3197	0.0	0.0	241.3191876923077
2024-02-08 18:36:07.224592	360.3239018917084	79.3867	80.6005	79.3911	0.0	0.0	237.41124923076927
2024-02-08 18:36:08.215764	361.31507301330566	79.395	80.5696	79.3563	0.0	0.0	240.01299692307688
2024-02-08 18:36:09.249365	362.348673582077	79.4042	80.5711	79.4156	0.0	0.0	237.41124923076927
2024-02-08 18:36:10.216477	363.3157866001129	79.4117	80.5704	79.37	0.0	0.0	240.01299692307688
2024-02-08 18:36:11.226201	364.3255078792572	79.42	80.6107	79.4285	0.0	0.0	237.41124923076927
2024-02-08 18:36:12.231232	365.3305411338806	79.4283	80.6298	79.3922	0.0	0.0	240.01299692307688
2024-02-08 18:36:13.217647	366.316956281662	79.4367	80.6219	79.4409	0.0	0.0	237.41124923076927
2024-02-08 18:36:14.230763	367.3300712108612	79.445	80.6262	79.4082	0.0	0.0	240.01299692307688
2024-02-08 18:36:15.216415	368.3157241344452	79.4533	80.6744	79.4637	0.0	0.0	237.41124923076927
2024-02-08 18:36:16.278643	369.3779499530792	79.4625	80.636	79.4195	0.0	0.0	240.01299692307688
2024-02-08 18:36:17.253052	370.3523712158203	79.4708	80.6545	79.4611	0.0	0.0	238.71035076923079
2024-02-08 18:36:18.215276	371.31458735466003	79.4783	80.6303	79.4334	0.0	0.0	240.66564923076922
2024-02-08 18:36:19.217735	372.3170430660248	79.4867	80.6962	79.4967	0.0	0.0	237.41124923076927
2024-02-08 18:36:20.225541	373.3248493671417	79.495	80.7038	79.4614	0.0	0.0	240.01299692307688
2024-02-08 18:36:21.224585	374.3238945007324	79.5033	80.7497	79.5055	0.0	0.0	238.06035692307688
2024-02-08 18:36:22.226872	375.3261806964874	79.5117	80.6847	79.4716	0.0	0.0	240.01299692307688
2024-02-08 18:36:23.255034	376.35434341430664	79.5208	80.7369	79.5065	0.0	0.0	238.71035076923079
2024-02-08 18:36:24.220800	377.3201084136963	79.5283	80.6989	79.4904	0.0	0.0	240.01299692307688
2024-02-08 18:36:25.228482	378.32779026031494	79.5367	80.7308	79.5359	0.0	0.0	238.06035692307688
2024-02-08 18:36:26.216472	379.3157775402069	79.545	80.7245	79.5147	0.0	0.0	240.01299692307688
2024-02-08 18:36:27.236492	380.3358106613159	79.5533	80.824	79.5648	0.0	0.0	237.41124923076927
2024-02-08 18:36:28.229286	381.3285918235779	79.5617	80.7466	79.5411	0.0	0.0	239.3612307692308
2024-02-08 18:36:29.217602	382.31691002845764	79.57	80.8101	79.5889	0.0	0.0	237.41124923076927
2024-02-08 18:36:30.245290	383.344598531723	79.5792	80.7855	79.5447	0.0	0.0	240.01299692307688
2024-02-08 18:36:31.246787	384.34609627723694	79.5875	80.7808	79.581	0.0	0.0	238.71035076923079
2024-02-08 18:36:32.215918	385.31522703170776	79.595	80.7474	79.5649	0.0	0.0	240.01299692307688
2024-02-08 18:36:33.244720	386.34402871131897	79.6042	80.8821	79.6239	0.0	0.0	237.41124923076927
2024-02-08 18:36:34.220105	387.3194148540497	79.6117	80.821	79.5808	0.0	0.0	240.01299692307688
2024-02-08 18:36:35.228403	388.32771134376526	79.62	80.8603	79.6354	0.0	0.0	237.41124923076927
2024-02-08 18:36:36.221593	389.3209011554718	79.6283	80.7913	79.5933	0.0	0.0	240.01299692307688
2024-02-08 18:36:37.239033	390.3383512496948	79.6367	80.8504	79.632	0.0	0.0	238.71035076923079
2024-02-08 18:36:38.216025	391.3153326511383	79.645	80.7843	79.5909	0.0	0.0	241.3191876923077
2024-02-08 18:36:39.256774	392.3560814857483	79.6542	80.8541	79.6559	0.0	0.0	238.06035692307688
2024-02-08 18:36:40.245892	393.34520173072815	79.6625	80.8044	79.6363	0.0	0.0	240.01299692307688
2024-02-08 18:36:41.217718	394.31702423095703	79.67	80.8598	79.6675	0.0	0.0	238.71035076923079
2024-02-08 18:36:42.241655	395.3409631252289	79.6783	80.8461	79.6216	0.0	0.0	241.3191876923077
2024-02-08 18:36:43.224744	396.324049949646	79.6867	80.8992	79.684	0.0	0.0	238.71035076923079
2024-02-08 18:36:44.215636	397.31494188308716	79.695	80.8682	79.6532	0.0	0.0	240.66564923076922
2024-02-08 18:36:45.216658	398.3159668445587	79.7033	80.8753	79.7112	0.0	0.0	238.06035692307688
2024-02-08 18:36:46.227894	399.32720255851746	79.7117	80.9848	79.6841	0.0	0.0	240.01299692307688
2024-02-08 18:36:47.229685	400.32899355888367	79.72	80.9752	79.7382	0.0	0.0	237.41124923076927
2024-02-08 18:36:48.228009	401.3273181915283	79.7283	80.9084	79.6793	0.0	0.0	241.3191876923077
2024-02-08 18:36:49.226073	402.32538199424744	79.7367	80.9703	79.7379	0.0	0.0	238.71035076923079
2024-02-08 18:36:50.231368	403.3306767940521	79.745	80.9199	79.714	0.0	0.0	240.01299692307688
2024-02-08 18:36:51.249643	404.3489508628845	79.7542	80.9565	79.7572	0.0	0.0	238.71035076923079
2024-02-08 18:36:52.231338	405.3306465148926	79.7617	80.9325	79.7229	0.0	0.0	240.66564923076922
2024-02-08 18:36:53.236372	406.33568000793457	79.77	80.9996	79.7683	0.0	0.0	238.71035076923079
2024-02-08 18:36:54.246321	407.3456287384033	79.7792	80.9866	79.7321	0.0	0.0	241.3191876923077
2024-02-08 18:36:55.245880	408.34518909454346	79.7875	80.9848	79.7891	0.0	0.0	238.71035076923079
2024-02-08 18:36:56.244505	409.3438239097595	79.7958	80.9463	79.7518	0.0	0.0	241.3191876923077
2024-02-08 18:36:57.234409	410.33371782302856	79.8033	81.0315	79.8106	0.0	0.0	238.06035692307688
2024-02-08 18:36:58.214776	411.3140835762024	79.8117	80.965	79.7514	0.0	0.0	241.97361230769235
2024-02-08 18:36:59.214430	412.31373858451843	79.82	80.9925	79.8118	0.0	0.0	239.3612307692308
2024-02-08 18:37:00.225241	413.3245506286621	79.8283	81.0052	79.7946	0.0	0.0	240.66564923076922
2024-02-08 18:37:01.229898	414.3292067050934	79.8367	81.0653	79.8438	0.0	0.0	238.71035076923079
2024-02-08 18:37:02.231095	415.3304035663605	79.845	81.0187	79.809	0.0	0.0	240.66564923076922
2024-02-08 18:37:03.221435	416.3207437992096	79.8533	81.0936	79.8455	0.0	0.0	239.3612307692308
2024-02-08 18:37:04.262673	417.3619794845581	79.8625	81.0644	79.8302	0.0	0.0	240.66564923076922
2024-02-08 18:37:05.234511	418.3338189125061	79.87	81.1032	79.8704	0.0	0.0	238.71035076923079
2024-02-08 18:37:06.230636	419.32994270324707	79.8783	81.0833	79.839	0.0	0.0	241.3191876923077
2024-02-08 18:37:07.269692	420.36899971961975	79.8875	81.0992	79.895	0.0	0.0	238.71035076923079
2024-02-08 18:37:08.271019	421.37032675743103	79.8958	81.0714	79.8505	0.0	0.0	241.3191876923077
2024-02-08 18:37:09.254222	422.35352993011475	79.9042	81.138	79.9	0.0	0.0	239.3612307692308
2024-02-08 18:37:10.231484	423.3307902812958	79.9117	81.1414	79.8778	0.0	0.0	240.66564923076922
2024-02-08 18:37:11.228591	424.32790327072144	79.92	81.1501	79.93	0.0	0.0	238.71035076923079
2024-02-08 18:37:12.231945	425.33125352859497	79.9283	81.0936	79.891	0.0	0.0	241.3191876923077
2024-02-08 18:37:13.266878	426.3661823272705	79.9375	81.1122	79.9101	0.0	0.0	240.66564923076922
2024-02-08 18:37:14.255372	427.3546802997589	79.9458	81.1146	79.9148	0.0	0.0	240.66564923076922
2024-02-08 18:37:15.220291	428.3195991516113	79.9533	81.1905	79.9605	0.0	0.0	238.71035076923079
2024-02-08 18:37:16.224100	429.3234088420868	79.9617	81.1582	79.9319	0.0	0.0	240.66564923076922
2024-02-08 18:37:17.235905	430.33521246910095	79.97	81.2551	79.9521	0.0	0.0	240.01299692307688
2024-02-08 18:37:18.216001	431.31531167030334	79.9783	81.1623	79.9401	0.0	0.0	241.3191876923077
2024-02-08 18:37:19.266704	432.36601209640503	79.9875	81.2566	79.9913	0.0	0.0	238.71035076923079
2024-02-08 18:37:20.216834	433.3161401748657	79.995	81.1965	79.9585	0.0	0.0	241.3191876923077
2024-02-08 18:37:21.239516	434.33882546424866	80.0033	81.263	80.012	0.0	0.0	238.71035076923079
2024-02-08 18:37:22.225655	435.3249635696411	80.0117	81.1996	79.9637	0.0	0.0	241.97361230769235
2024-02-08 18:37:23.225545	436.3248643875122	80.02	81.2303	80.0224	0.0	0.0	239.3612307692308
2024-02-08 18:37:24.214207	437.313515663147	80.0283	81.1653	79.9798	0.0	0.0	241.97361230769235
2024-02-08 18:37:25.253743	438.35305094718933	80.0375	81.1948	80.0439	0.0	0.0	238.71035076923079
2024-02-08 18:37:26.215501	439.31480717658997	80.045	81.188	80.0042	0.0	0.0	241.3191876923077
2024-02-08 18:37:27.223739	440.3230450153351	80.0533	81.2569	80.0448	0.0	0.0	240.01299692307688
2024-02-08 18:37:28.213895	441.313200712204	80.0617	81.2183	80.007	0.0	0.0	242.62892307692306
2024-02-08 18:37:29.223816	442.32312417030334	80.07	81.3448	80.0958	0.0	0.0	238.06035692307688
2024-02-08 18:37:30.224521	443.3238286972046	80.0783	81.2961	80.0526	0.0	0.0	240.66564923076922
2024-02-08 18:37:31.223701	444.32300758361816	80.0867	81.2822	80.0982	0.0	0.0	238.71035076923079
2024-02-08 18:37:32.228578	445.3278839588165	80.095	81.301	80.0599	0.0	0.0	241.3191876923077
2024-02-08 18:37:33.214522	446.31382751464844	80.1033	81.3827	80.1087	0.0	0.0	239.3612307692308
2024-02-08 18:37:34.236101	447.33540892601013	80.1117	81.35	80.0668	0.0	0.0	241.97361230769235
2024-02-08 18:37:35.223477	448.32278275489807	80.12	81.3642	80.1155	0.0	0.0	240.01299692307688
2024-02-08 18:37:36.225455	449.32476115226746	80.1283	81.3613	80.0916	0.0	0.0	241.3191876923077
2024-02-08 18:37:37.224530	450.32383608818054	80.1367	81.4383	80.152	0.0	0.0	238.71035076923079
2024-02-08 18:37:38.228154	451.3274600505829	80.145	81.3121	80.0953	0.0	0.0	241.97361230769235
2024-02-08 18:37:39.223305	452.3226110935211	80.1533	81.4349	80.1475	0.0	0.0	240.01299692307688
2024-02-08 18:37:40.235488	453.3347942829132	80.1617	81.3462	80.1174	0.0	0.0	241.97361230769235
2024-02-08 18:37:41.229871	454.3291800022125	80.17	81.4156	80.16	0.0	0.0	240.01299692307688
2024-02-08 18:37:42.234161	455.3334708213806	80.1783	81.3195	80.1408	0.0	0.0	241.3191876923077
2024-02-08 18:37:43.230788	456.3300974369049	80.1867	81.4096	80.1808	0.0	0.0	240.01299692307688
2024-02-08 18:37:44.213521	457.3128273487091	80.195	81.3354	80.1395	0.0	0.0	242.62892307692306
2024-02-08 18:37:45.223946	458.32325172424316	80.2033	81.4513	80.195	0.0	0.0	240.01299692307688
2024-02-08 18:37:46.224004	459.3233096599579	80.2117	81.3919	80.1703	0.0	0.0	241.97361230769235
2024-02-08 18:37:47.223503	460.32280921936035	80.22	81.4481	80.232	0.0	0.0	239.3612307692308
2024-02-08 18:37:48.217860	461.3171660900116	80.2283	81.4621	80.2043	0.0	0.0	241.3191876923077
2024-02-08 18:37:49.238665	462.3379738330841	80.2367	81.499	80.2436	0.0	0.0	239.3612307692308
2024-02-08 18:37:50.384311	463.48361706733704	95.0	81.4868	80.2492	0.0	0.0	443.0769230769231
2024-02-08 18:37:51.228819	464.3281285762787	95.0	81.5017	80.2726	0.0	0.0	443.0769230769231
2024-02-08 18:37:52.231810	465.3311264514923	95.0	81.5237	80.2634	0.0	0.0	443.0769230769231
2024-02-08 18:37:53.233962	466.3332712650299	95.0	81.5469	80.3806	0.0	0.0	443.0769230769231
2024-02-08 18:37:54.226304	467.325612783432	95.0	81.4881	80.4261	0.0	0.0	443.0769230769231
2024-02-08 18:37:55.228189	468.32749819755554	95.0	81.5185	80.5853	0.0	0.0	443.0769230769231
2024-02-08 18:37:56.232961	469.3322696685791	95.0	81.4856	80.6451	0.0	0.0	443.0769230769231
2024-02-08 18:37:57.229329	470.32863783836365	77.0	81.6152	80.8182	0.0	0.0	140.94099692307697
2024-02-08 18:37:58.224965	471.3242726325989	77.0	81.5549	80.8769	0.0	0.0	135.49691076923077
2024-02-08 18:37:59.214631	472.3139395713806	77.0	81.6341	80.9651	0.0	0.0	128.7231507692308
2024-02-08 18:38:00.213198	473.3125042915344	77.0	81.5951	80.9285	0.0	0.0	126.81969230769232
2024-02-08 18:38:01.223366	474.32267212867737	77.0	81.6497	80.9275	0.0	0.0	123.99108923076922
2024-02-08 18:38:02.225083	475.32438921928406	77.0	81.6157	80.8327	0.0	0.0	124.4603076923077
2024-02-08 18:38:03.222830	476.3221356868744	77.0	81.7359	80.8142	0.0	0.0	122.58875076923076
2024-02-08 18:38:04.225520	477.324826002121	77.0	81.7367	80.7015	0.0	0.0	123.99108923076922
2024-02-08 18:38:05.224466	478.32377219200134	77.0	81.7569	80.6627	0.0	0.0	122.58875076923076
2024-02-08 18:38:06.222752	479.322062253952	77.0	81.7534	80.5401	0.0	0.0	124.4603076923077
2024-02-08 18:38:07.223409	480.32271575927734	77.0	81.7788	80.5015	0.0	0.0	123.05531076923079
2024-02-08 18:38:08.224667	481.32397651672363	77.0	81.7296	80.3963	0.0	0.0	124.4603076923077
2024-02-08 18:38:09.233824	482.33313274383545	77.0	81.7622	80.3735	0.0	0.0	123.05531076923079
2024-02-08 18:38:10.237683	483.33699202537537	77.0	81.7763	80.2572	0.0	0.0	124.9304123076923
2024-02-08 18:38:11.222718	484.32202649116516	77.0	81.7798	80.2273	0.0	0.0	123.52275692307693
