date                timestamp           time_s              setpt_K             sampleT_K           targetT_K           holderT_K           spareT_K            heaterPower_W       
2024-02-06 12:24:11.769870	0.03162121772766113	19.7	19.8681	19.6867	0.0	0.0	8.437956923076921
2024-02-06 12:24:14.001314	2.2630631923675537	19.7	19.8901	19.8114	0.0	0.0	9.315692307692306
2024-02-06 12:24:15.001748	3.26350736618042	19.7	19.9016	19.5948	0.0	0.0	10.508012307692308
2024-02-06 12:24:15.987676	4.2494261264801025	19.7	19.8709	19.7549	0.0	0.0	8.19515076923077
2024-02-06 12:24:16.970940	5.232690334320068	19.7	19.8954	19.7266	0.0	0.0	10.782719999999998
2024-02-06 12:24:18.010424	6.272184371948242	19.7	19.8829	19.6064	0.0	0.0	8.437956923076921
2024-02-06 12:24:18.971522	7.233269453048706	19.7	19.8884	19.8062	0.0	0.0	9.57444923076923
2024-02-06 12:24:19.969802	8.231550216674805	19.7	19.8969	19.5957	0.0	0.0	9.96923076923077
2024-02-06 12:24:20.980002	9.241752862930298	19.7	19.8767	19.7523	0.0	0.0	8.437956923076921
2024-02-06 12:24:22.040641	10.302391529083252	19.7	19.9034	19.6066	0.0	0.0	10.371987692307691
2024-02-06 12:24:22.980858	11.242605686187744	19.7	19.8817	19.6184	0.0	0.0	8.80881230769231
2024-02-06 12:24:23.979601	12.24134874343872	19.7	19.8713	19.8075	0.0	0.0	9.315692307692306
2024-02-06 12:24:24.981433	13.2431800365448	19.7	19.8953	19.5885	0.0	0.0	10.371987692307691
2024-02-06 12:24:25.987599	14.249348402023315	19.7	19.8728	19.7582	0.0	0.0	8.075076923076923
2024-02-06 12:24:26.993006	15.25475549697876	19.7	19.8999	19.7177	0.0	0.0	10.782719999999998
2024-02-06 12:24:27.980155	16.24190592765808	19.7	19.8701	19.6121	0.0	0.0	8.437956923076921
2024-02-06 12:24:29.007188	17.268948554992676	19.7	19.8896	19.8174	0.0	0.0	9.705156923076924
2024-02-06 12:24:30.010622	18.272371292114258	19.7	19.8894	19.5937	0.0	0.0	9.836750769230768
2024-02-06 12:24:30.979482	19.24123239517212	19.7	19.873	19.7505	0.0	0.0	8.437956923076921
2024-02-06 12:24:31.988830	20.250580549240112	19.7	19.9033	19.7139	0.0	0.0	10.508012307692308
2024-02-06 12:24:33.000003	21.261752605438232	19.7	19.8853	19.6113	0.0	0.0	8.684307692307693
2024-02-06 12:24:33.987031	22.248780965805054	19.7	19.8796	19.8117	0.0	0.0	9.444627692307693
2024-02-06 12:24:35.013588	23.27533745765686	19.7	19.9016	19.5929	0.0	0.0	10.371987692307691
2024-02-06 12:24:36.009633	24.271382331848145	19.7	19.8728	19.7677	0.0	0.0	8.075076923076923
2024-02-06 12:24:37.005538	25.26729702949524	19.7	19.9133	19.7112	0.0	0.0	10.782719999999998
2024-02-06 12:24:38.005026	26.266775608062744	19.7	19.8734	19.6098	0.0	0.0	8.437956923076921
2024-02-06 12:24:39.004233	27.265993118286133	19.7	19.8848	19.8052	0.0	0.0	9.836750769230768
2024-02-06 12:24:39.991900	28.253660202026367	19.7	19.8966	19.5916	0.0	0.0	9.836750769230768
2024-02-06 12:24:40.979388	29.241137742996216	19.7	19.8711	19.7662	0.0	0.0	8.437956923076921
2024-02-06 12:24:41.980248	30.241997957229614	19.7	19.9039	19.7143	0.0	0.0	10.508012307692308
2024-02-06 12:24:42.979309	31.241058588027954	19.7	19.8814	19.6198	0.0	0.0	8.684307692307693
2024-02-06 12:24:43.990055	32.251805543899536	19.7	19.8767	19.8065	0.0	0.0	9.444627692307693
2024-02-06 12:24:45.010717	33.2724666595459	19.7	19.8959	19.5848	0.0	0.0	10.236849230769229
2024-02-06 12:24:45.979355	34.2411048412323	19.7	19.8682	19.7705	0.0	0.0	8.075076923076923
2024-02-06 12:24:46.979270	35.24101996421814	19.7	19.8999	19.7053	0.0	0.0	10.782719999999998
2024-02-06 12:24:48.010883	36.27264213562012	19.7	19.8762	19.6249	0.0	0.0	8.31611076923077
2024-02-06 12:24:48.989303	37.25105261802673	19.7	19.894	19.8137	0.0	0.0	9.836750769230768
2024-02-06 12:24:50.010535	38.272284269332886	19.7	19.9043	19.5864	0.0	0.0	9.836750769230768
2024-02-06 12:24:50.978973	39.240723609924316	19.7	19.8724	19.7688	0.0	0.0	8.437956923076921
2024-02-06 12:24:51.980641	40.24238896369934	19.7	19.9127	19.7032	0.0	0.0	10.508012307692308
2024-02-06 12:24:52.990931	41.252681255340576	19.7	19.8939	19.6263	0.0	0.0	8.560689230769231
2024-02-06 12:24:53.987255	42.24900269508362	19.7	19.901	19.8142	0.0	0.0	9.57444923076923
2024-02-06 12:24:54.989632	43.25137901306152	19.7	19.902	19.5907	0.0	0.0	10.102596923076923
2024-02-06 12:24:55.987455	44.249202489852905	19.7	19.8725	19.7838	0.0	0.0	8.19515076923077
2024-02-06 12:24:56.981542	45.24328947067261	19.7	19.8982	19.6938	0.0	0.0	10.782719999999998
2024-02-06 12:24:57.979512	46.24127149581909	19.7	19.8751	19.6249	0.0	0.0	8.31611076923077
2024-02-06 12:24:58.982634	47.24438166618347	19.7	19.8892	19.8055	0.0	0.0	9.96923076923077
2024-02-06 12:24:59.981983	48.24373126029968	19.7	19.9022	19.5911	0.0	0.0	9.705156923076924
2024-02-06 12:25:00.980258	49.242005586624146	19.7	19.8838	19.7766	0.0	0.0	8.560689230769231
2024-02-06 12:25:01.978837	50.240586280822754	19.7	19.9137	19.6958	0.0	0.0	10.644923076923078
2024-02-06 12:25:02.990013	51.251760959625244	19.7	19.8764	19.638	0.0	0.0	8.560689230769231
2024-02-06 12:25:03.990907	52.25265431404114	19.7	19.8803	19.8061	0.0	0.0	9.57444923076923
2024-02-06 12:25:04.981280	53.24302673339844	19.7	19.8902	19.5835	0.0	0.0	9.96923076923077
2024-02-06 12:25:05.980032	54.241780281066895	19.7	19.8734	19.7742	0.0	0.0	8.19515076923077
2024-02-06 12:25:06.989466	55.25121355056763	19.7	19.9046	19.689	0.0	0.0	10.782719999999998
2024-02-06 12:25:07.978859	56.24060606956482	19.7	19.8751	19.6431	0.0	0.0	8.31611076923077
2024-02-06 12:25:08.979763	57.24151110649109	19.7	19.897	19.8188	0.0	0.0	10.102596923076923
2024-02-06 12:25:09.979884	58.24163293838501	19.7	19.8969	19.5879	0.0	0.0	9.57444923076923
2024-02-06 12:25:10.982905	59.24465489387512	19.7	19.8716	19.7714	0.0	0.0	8.560689230769231
2024-02-06 12:25:11.981780	60.24352765083313	19.7	19.9149	19.6956	0.0	0.0	10.371987692307691
2024-02-06 12:25:12.981538	61.24328589439392	19.7	19.8835	19.6377	0.0	0.0	8.560689230769231
2024-02-06 12:25:13.979504	62.241252183914185	19.7	19.8936	19.8046	0.0	0.0	9.705156923076924
2024-02-06 12:25:14.979005	63.240753173828125	19.7	19.8948	19.5935	0.0	0.0	9.96923076923077
2024-02-06 12:25:15.978419	64.2401671409607	19.7	19.8632	19.7814	0.0	0.0	8.19515076923077
2024-02-06 12:25:16.978828	65.24057698249817	19.7	19.8973	19.6868	0.0	0.0	10.782719999999998
2024-02-06 12:25:17.981851	66.24359893798828	19.7	19.8855	19.6445	0.0	0.0	8.19515076923077
2024-02-06 12:25:18.978808	67.24055504798889	19.7	19.8873	19.8061	0.0	0.0	10.102596923076923
2024-02-06 12:25:19.980446	68.2421932220459	19.7	19.9073	19.5908	0.0	0.0	9.57444923076923
2024-02-06 12:25:20.978321	69.2400815486908	19.7	19.8731	19.7885	0.0	0.0	8.684307692307693
2024-02-06 12:25:21.979137	70.2408881187439	19.7	19.9084	19.6954	0.0	0.0	10.371987692307691
2024-02-06 12:25:22.979750	71.24149918556213	19.7	19.88	19.6427	0.0	0.0	8.437956923076921
2024-02-06 12:25:23.978307	72.24005508422852	19.7	19.8835	19.7935	0.0	0.0	9.836750769230768
2024-02-06 12:25:24.979016	73.24076414108276	19.7	19.8948	19.5902	0.0	0.0	9.836750769230768
2024-02-06 12:25:25.980203	74.24195003509521	19.7	19.8788	19.7852	0.0	0.0	8.31611076923077
2024-02-06 12:25:26.978619	75.24036645889282	19.7	19.9024	19.6808	0.0	0.0	10.782719999999998
2024-02-06 12:25:27.988972	76.25072073936462	19.7	19.8689	19.6537	0.0	0.0	8.19515076923077
2024-02-06 12:25:28.978495	77.24025583267212	19.7	19.8969	19.8062	0.0	0.0	10.102596923076923
2024-02-06 12:25:29.981365	78.24311232566833	19.7	19.8975	19.589	0.0	0.0	9.444627692307693
2024-02-06 12:25:30.993716	79.25546669960022	19.7	19.8846	19.7878	0.0	0.0	8.560689230769231
2024-02-06 12:25:31.979969	80.24171686172485	19.7	19.9109	19.6818	0.0	0.0	10.371987692307691
2024-02-06 12:25:32.978737	81.2404899597168	19.7	19.8717	19.6501	0.0	0.0	8.437956923076921
2024-02-06 12:25:33.979620	82.24136781692505	19.7	19.888	19.8066	0.0	0.0	9.96923076923077
2024-02-06 12:25:34.988281	83.25002908706665	19.7	19.8937	19.5925	0.0	0.0	9.705156923076924
2024-02-06 12:25:35.980969	84.24271631240845	19.7	19.87	19.7894	0.0	0.0	8.19515076923077
2024-02-06 12:25:36.980762	85.24250960350037	19.7	19.9058	19.6691	0.0	0.0	10.782719999999998
2024-02-06 12:25:37.980920	86.2426700592041	19.7	19.8743	19.6534	0.0	0.0	8.075076923076923
2024-02-06 12:25:38.980168	87.24191617965698	19.7	19.9002	19.797	0.0	0.0	10.236849230769229
2024-02-06 12:25:39.987979	88.24972605705261	19.7	19.8944	19.5922	0.0	0.0	9.444627692307693
2024-02-06 12:25:40.978545	89.24029231071472	19.7	19.8831	19.8008	0.0	0.0	8.684307692307693
2024-02-06 12:25:41.978809	90.24056553840637	19.7	19.9023	19.6753	0.0	0.0	10.371987692307691
2024-02-06 12:25:42.989212	91.25096106529236	19.7	19.8736	19.6479	0.0	0.0	8.437956923076921
2024-02-06 12:25:43.978342	92.24008917808533	19.7	19.8908	19.7984	0.0	0.0	8.31611076923077
2024-02-06 12:25:44.991225	93.25297474861145	19.7	19.8952	19.5836	0.0	0.0	9.705156923076924
2024-02-06 12:25:45.978700	94.2404477596283	19.7	19.8804	19.794	0.0	0.0	8.437956923076921
2024-02-06 12:25:46.999376	95.26112461090088	19.7	19.9097	19.6746	0.0	0.0	10.782719999999998
2024-02-06 12:25:47.988640	96.2503867149353	19.7	19.871	19.6642	0.0	0.0	8.075076923076923
2024-02-06 12:25:48.977824	97.2395715713501	19.7	19.8989	19.7922	0.0	0.0	8.437956923076921
2024-02-06 12:25:49.979568	98.24131631851196	19.7	19.8987	19.5918	0.0	0.0	10.644923076923078
2024-02-06 12:25:50.984181	99.24593091011047	19.7	19.8892	19.7909	0.0	0.0	8.437956923076921
2024-02-06 12:25:51.989543	100.25129127502441	19.7	19.9093	19.6705	0.0	0.0	10.508012307692308
2024-02-06 12:25:52.978928	101.24067497253418	19.7	19.8784	19.6651	0.0	0.0	9.836750769230768
2024-02-06 12:25:53.980584	102.24234366416931	19.7	19.8931	19.7989	0.0	0.0	8.31611076923077
2024-02-06 12:25:54.977593	103.23934125900269	19.7	19.8852	19.5846	0.0	0.0	10.644923076923078
2024-02-06 12:25:55.977863	104.23961353302002	19.7	19.877	19.7977	0.0	0.0	8.31611076923077
2024-02-06 12:25:56.979029	105.24077677726746	19.7	19.9057	19.6635	0.0	0.0	9.836750769230768
2024-02-06 12:25:57.977905	106.23965191841125	19.7	19.8844	19.6674	0.0	0.0	9.705156923076924
2024-02-06 12:25:58.978564	107.24031162261963	19.7	19.8868	19.8049	0.0	0.0	8.31611076923077
2024-02-06 12:25:59.977748	108.23949575424194	19.7	19.8848	19.5909	0.0	0.0	10.644923076923078
2024-02-06 12:26:00.978400	109.24014711380005	19.7	19.8784	19.7897	0.0	0.0	8.437956923076921
2024-02-06 12:26:01.988995	110.25074434280396	19.7	19.9098	19.6667	0.0	0.0	10.371987692307691
2024-02-06 12:26:02.978257	111.24000549316406	19.7	19.8798	19.667	0.0	0.0	9.705156923076924
2024-02-06 12:26:03.978309	112.24005794525146	19.7	19.893	19.8032	0.0	0.0	8.31611076923077
2024-02-06 12:26:04.977683	113.23943042755127	19.7	19.8894	19.593	0.0	0.0	10.508012307692308
2024-02-06 12:26:05.977545	114.23929333686829	19.7	19.8783	19.7954	0.0	0.0	8.437956923076921
2024-02-06 12:26:06.978586	115.2403335571289	19.7	19.9072	19.6638	0.0	0.0	9.836750769230768
2024-02-06 12:26:07.988222	116.24997782707214	19.7	19.873	19.6678	0.0	0.0	8.19515076923077
2024-02-06 12:26:08.977499	117.23924732208252	19.7	19.8992	19.7953	0.0	0.0	8.437956923076921
2024-02-06 12:26:09.977366	118.2391140460968	19.7	19.9008	19.5933	0.0	0.0	10.508012307692308
2024-02-06 12:26:10.977879	119.23962831497192	19.7	19.8827	19.7981	0.0	0.0	8.31611076923077
2024-02-06 12:26:11.977253	120.23900008201599	19.7	19.908	19.6561	0.0	0.0	9.836750769230768
2024-02-06 12:26:12.977237	121.23898506164551	19.7	19.8804	19.6691	0.0	0.0	9.705156923076924
2024-02-06 12:26:13.977697	122.2394449710846	19.7	19.9038	19.7963	0.0	0.0	8.437956923076921
2024-02-06 12:26:14.977135	123.2388825416565	19.7	19.8934	19.5922	0.0	0.0	10.644923076923078
2024-02-06 12:26:15.977555	124.23930478096008	19.7	19.8843	19.8073	0.0	0.0	8.31611076923077
2024-02-06 12:26:16.979676	125.24142360687256	19.7	19.9005	19.6619	0.0	0.0	9.836750769230768
2024-02-06 12:26:17.978311	126.24005842208862	19.7	19.8732	19.6672	0.0	0.0	9.705156923076924
2024-02-06 12:26:18.977513	127.23926067352295	19.7	19.8946	19.7896	0.0	0.0	8.437956923076921
2024-02-06 12:26:19.977294	128.23904061317444	19.7	19.8928	19.5942	0.0	0.0	10.508012307692308
2024-02-06 12:26:20.978123	129.2398703098297	19.7	19.8771	19.8008	0.0	0.0	8.31611076923077
2024-02-06 12:26:21.988787	130.25053429603577	19.7	19.912	19.6576	0.0	0.0	10.508012307692308
2024-02-06 12:26:22.977065	131.23881220817566	19.7	19.8758	19.6794	0.0	0.0	9.57444923076923
2024-02-06 12:26:23.977623	132.23937892913818	19.7	19.9009	19.7915	0.0	0.0	8.437956923076921
2024-02-06 12:26:24.977137	133.2388846874237	19.7	19.8933	19.5822	0.0	0.0	10.644923076923078
2024-02-06 12:26:25.978638	134.24038553237915	19.7	19.8854	19.8041	0.0	0.0	8.31611076923077
2024-02-06 12:26:26.977832	135.2395796775818	19.7	19.9114	19.6516	0.0	0.0	9.96923076923077
2024-02-06 12:26:27.980023	136.241770029068	19.7	19.8771	19.6801	0.0	0.0	9.57444923076923
2024-02-06 12:26:28.977179	137.23892664909363	19.7	19.8902	19.7898	0.0	0.0	8.437956923076921
2024-02-06 12:26:29.978060	138.2398202419281	19.7	19.8932	19.5916	0.0	0.0	10.644923076923078
2024-02-06 12:26:30.977836	139.23958611488342	19.7	19.8882	19.8033	0.0	0.0	8.31611076923077
2024-02-06 12:26:31.978856	140.2406027317047	19.7	19.8958	19.6483	0.0	0.0	9.96923076923077
2024-02-06 12:26:32.977221	141.23896837234497	19.7	19.8849	19.6832	0.0	0.0	9.57444923076923
2024-02-06 12:26:33.977292	142.23903965950012	19.7	19.9015	19.7897	0.0	0.0	8.437956923076921
2024-02-06 12:26:34.977384	143.23913431167603	19.7	19.8906	19.5898	0.0	0.0	10.644923076923078
2024-02-06 12:26:35.978510	144.24025702476501	19.7	19.8734	19.8074	0.0	0.0	8.31611076923077
2024-02-06 12:26:36.981041	145.24278807640076	19.7	19.9131	19.6427	0.0	0.0	9.96923076923077
2024-02-06 12:26:37.977768	146.2395143508911	19.7	19.8787	19.6862	0.0	0.0	9.57444923076923
2024-02-06 12:26:38.977622	147.23936867713928	19.7	19.9016	19.7835	0.0	0.0	8.437956923076921
2024-02-06 12:26:39.983016	148.24477529525757	19.7	19.8924	19.5883	0.0	0.0	10.644923076923078
2024-02-06 12:26:40.978000	149.23974871635437	19.7	19.8792	19.8049	0.0	0.0	8.31611076923077
2024-02-06 12:26:41.979559	150.24130964279175	19.7	19.9061	19.6493	0.0	0.0	9.96923076923077
2024-02-06 12:26:42.982333	151.24408221244812	19.7	19.8758	19.6844	0.0	0.0	9.57444923076923
2024-02-06 12:26:43.979653	152.24141192436218	19.7	19.9002	19.7769	0.0	0.0	8.560689230769231
2024-02-06 12:26:44.977305	153.23905229568481	19.7	19.8935	19.5872	0.0	0.0	10.644923076923078
2024-02-06 12:26:45.977714	154.2394618988037	19.7	19.8942	19.8112	0.0	0.0	8.19515076923077
2024-02-06 12:26:46.978512	155.24026036262512	19.7	19.909	19.6478	0.0	0.0	9.96923076923077
2024-02-06 12:26:47.976739	156.23848676681519	19.7	19.8764	19.6942	0.0	0.0	9.444627692307693
2024-02-06 12:26:48.978182	157.2399287223816	19.7	19.8955	19.7764	0.0	0.0	8.560689230769231
2024-02-06 12:26:49.977967	158.2397265434265	19.7	19.8882	19.5882	0.0	0.0	10.644923076923078
2024-02-06 12:26:50.978400	159.2401466369629	19.7	19.8853	19.7984	0.0	0.0	8.31611076923077
2024-02-06 12:26:51.976863	160.238609790802	19.7	19.9082	19.6462	0.0	0.0	9.96923076923077
2024-02-06 12:26:52.976432	161.2381796836853	19.7	19.8741	19.6949	0.0	0.0	9.444627692307693
2024-02-06 12:26:53.976316	162.23806357383728	19.7	19.8978	19.7799	0.0	0.0	8.560689230769231
2024-02-06 12:26:54.988612	163.25036072731018	19.7	19.89	19.5872	0.0	0.0	10.644923076923078
2024-02-06 12:26:55.976431	164.238178730011	19.7	19.8875	19.804	0.0	0.0	8.31611076923077
2024-02-06 12:26:56.978382	165.24013018608093	19.7	19.9093	19.6429	0.0	0.0	9.96923076923077
2024-02-06 12:26:57.988931	166.2506787776947	19.7	19.8668	19.6985	0.0	0.0	9.444627692307693
2024-02-06 12:26:58.986848	167.2485957145691	19.7	19.9077	19.7834	0.0	0.0	8.437956923076921
2024-02-06 12:26:59.987083	168.24883127212524	19.7	19.8906	19.5864	0.0	0.0	10.644923076923078
2024-02-06 12:27:00.986729	169.24847626686096	19.7	19.8755	19.8032	0.0	0.0	8.31611076923077
2024-02-06 12:27:01.987266	170.24901366233826	19.7	19.9059	19.6458	0.0	0.0	9.96923076923077
2024-02-06 12:27:02.986880	171.24862718582153	19.7	19.8753	19.6977	0.0	0.0	9.444627692307693
2024-02-06 12:27:03.986858	172.24860668182373	19.7	19.8918	19.7836	0.0	0.0	8.437956923076921
2024-02-06 12:27:04.986007	173.24775505065918	19.7	19.8892	19.5886	0.0	0.0	10.644923076923078
2024-02-06 12:27:05.988282	174.25002908706665	19.7	19.8776	19.8045	0.0	0.0	8.31611076923077
2024-02-06 12:27:06.988040	175.24978733062744	19.7	19.9093	19.6453	0.0	0.0	9.96923076923077
2024-02-06 12:27:07.987859	176.24960684776306	19.7	19.8731	19.6881	0.0	0.0	9.444627692307693
2024-02-06 12:27:08.966079	177.22782564163208	19.7	19.893	19.7705	0.0	0.0	8.560689230769231
2024-02-06 12:27:09.986586	178.24833464622498	19.7	19.8881	19.5933	0.0	0.0	10.508012307692308
2024-02-06 12:27:10.987345	179.24909234046936	19.7	19.8761	19.8059	0.0	0.0	8.31611076923077
2024-02-06 12:27:11.985904	180.24765372276306	19.7	19.9083	19.6529	0.0	0.0	9.836750769230768
2024-02-06 12:27:12.968718	181.23046731948853	19.7	19.8737	19.6852	0.0	0.0	9.57444923076923
2024-02-06 12:27:13.986591	182.24835062026978	19.7	19.9041	19.7842	0.0	0.0	8.437956923076921
2024-02-06 12:27:14.967604	183.22935152053833	19.7	19.8842	19.5871	0.0	0.0	10.644923076923078
2024-02-06 12:27:15.990386	184.25213265419006	19.7	19.8809	19.8067	0.0	0.0	8.19515076923077
2024-02-06 12:27:16.970476	185.23222422599792	19.7	19.9073	19.6467	0.0	0.0	9.96923076923077
2024-02-06 12:27:17.966329	186.22807717323303	19.7	19.8726	19.6772	0.0	0.0	9.57444923076923
2024-02-06 12:27:18.968251	187.22999811172485	19.7	19.8982	19.7851	0.0	0.0	8.437956923076921
2024-02-06 12:27:19.988638	188.25039625167847	19.7	19.89	19.5898	0.0	0.0	10.644923076923078
2024-02-06 12:27:20.969404	189.2311508655548	19.7	19.8688	19.8085	0.0	0.0	8.19515076923077
2024-02-06 12:27:21.966906	190.22865319252014	19.7	19.9037	19.6428	0.0	0.0	9.96923076923077
2024-02-06 12:27:22.965868	191.2276153564453	19.7	19.8842	19.68	0.0	0.0	9.57444923076923
2024-02-06 12:27:23.965769	192.2275161743164	19.7	19.9033	19.7884	0.0	0.0	8.437956923076921
2024-02-06 12:27:24.968372	193.23011946678162	19.7	19.8962	19.5892	0.0	0.0	10.644923076923078
2024-02-06 12:27:25.965502	194.22724962234497	19.7	19.8755	19.812	0.0	0.0	8.19515076923077
2024-02-06 12:27:26.966317	195.22806453704834	19.7	19.9092	19.6434	0.0	0.0	9.96923076923077
2024-02-06 12:27:27.965523	196.2272698879242	19.7	19.8744	19.6796	0.0	0.0	9.57444923076923
2024-02-06 12:27:28.986211	197.2479703426361	19.7	19.8925	19.7822	0.0	0.0	8.437956923076921
2024-02-06 12:27:29.977265	198.23901200294495	19.7	19.89	19.5884	0.0	0.0	10.644923076923078
2024-02-06 12:27:30.965992	199.22774004936218	19.7	19.8711	19.804	0.0	0.0	8.31611076923077
2024-02-06 12:27:31.971045	200.23279476165771	19.7	19.9137	19.644	0.0	0.0	9.96923076923077
2024-02-06 12:27:32.987087	201.2488465309143	19.7	19.8915	19.6816	0.0	0.0	9.57444923076923
2024-02-06 12:27:33.967190	202.22894096374512	19.7	19.8969	19.7823	0.0	0.0	8.437956923076921
2024-02-06 12:27:34.965771	203.22751832008362	19.7	19.8923	19.5916	0.0	0.0	10.508012307692308
2024-02-06 12:27:35.969261	204.2310118675232	19.7	19.8796	19.8088	0.0	0.0	8.19515076923077
2024-02-06 12:27:36.968082	205.22983193397522	19.7	19.9072	19.6462	0.0	0.0	9.96923076923077
2024-02-06 12:27:37.965424	206.22718334197998	19.7	19.8804	19.6787	0.0	0.0	9.57444923076923
2024-02-06 12:27:38.969246	207.23099279403687	19.7	19.8899	19.7824	0.0	0.0	8.437956923076921
2024-02-06 12:27:39.966761	208.2285099029541	19.7	19.9033	19.5913	0.0	0.0	10.508012307692308
2024-02-06 12:27:40.967114	209.22886204719543	19.7	19.8681	19.8058	0.0	0.0	8.31611076923077
2024-02-06 12:27:41.965854	210.22760105133057	19.7	19.9006	19.6456	0.0	0.0	9.96923076923077
2024-02-06 12:27:42.967272	211.22902131080627	19.7	19.8787	19.6786	0.0	0.0	9.57444923076923
2024-02-06 12:27:43.965242	212.22699165344238	19.7	19.9085	19.7891	0.0	0.0	8.437956923076921
2024-02-06 12:27:44.965944	213.22769165039062	19.7	19.8919	19.5886	0.0	0.0	10.644923076923078
2024-02-06 12:27:45.967987	214.2297341823578	19.7	19.8748	19.8081	0.0	0.0	8.19515076923077
2024-02-06 12:27:46.968073	215.2298228740692	19.7	19.9082	19.6452	0.0	0.0	9.96923076923077
2024-02-06 12:27:47.976206	216.2379550933838	19.7	19.8751	19.6753	0.0	0.0	9.57444923076923
2024-02-06 12:27:48.986298	217.24804592132568	19.7	19.895	19.7816	0.0	0.0	8.560689230769231
2024-02-06 12:27:49.965133	218.2268807888031	19.7	19.8918	19.5888	0.0	0.0	10.644923076923078
2024-02-06 12:27:50.968328	219.23007535934448	19.7	19.8736	19.8049	0.0	0.0	8.31611076923077
2024-02-06 12:27:51.965373	220.2271203994751	19.7	19.904	19.6516	0.0	0.0	9.836750769230768
2024-02-06 12:27:52.987421	221.24917149543762	19.7	19.8787	19.6807	0.0	0.0	9.57444923076923
2024-02-06 12:27:53.968387	222.2301344871521	19.7	19.8979	19.7817	0.0	0.0	8.560689230769231
2024-02-06 12:27:54.968027	223.22977423667908	19.7	19.8865	19.5879	0.0	0.0	10.644923076923078
2024-02-06 12:27:55.966524	224.2282726764679	19.7	19.8759	19.8059	0.0	0.0	8.31611076923077
2024-02-06 12:27:56.966441	225.22818970680237	19.7	19.9086	19.6463	0.0	0.0	9.96923076923077
2024-02-06 12:27:57.967643	226.22939348220825	19.7	19.8676	19.6879	0.0	0.0	9.444627692307693
2024-02-06 12:27:58.965899	227.22764658927917	19.7	19.8961	19.7782	0.0	0.0	8.560689230769231
2024-02-06 12:27:59.970328	228.23207664489746	19.7	19.8971	19.5899	0.0	0.0	10.508012307692308
2024-02-06 12:28:00.965342	229.22709012031555	19.7	19.8805	19.8031	0.0	0.0	8.31611076923077
2024-02-06 12:28:01.964949	230.22669959068298	19.7	19.9142	19.6515	0.0	0.0	9.836750769230768
2024-02-06 12:28:02.969560	231.23130750656128	19.7	19.8735	19.6906	0.0	0.0	9.444627692307693
2024-02-06 12:28:03.964821	232.22656846046448	19.7	19.8995	19.7813	0.0	0.0	8.560689230769231
2024-02-06 12:28:04.964859	233.22660660743713	19.7	19.887	19.5872	0.0	0.0	10.644923076923078
2024-02-06 12:28:05.965781	234.2275288105011	19.7	19.8734	19.8025	0.0	0.0	8.31611076923077
2024-02-06 12:28:06.964638	235.22638821601868	19.7	19.9061	19.6476	0.0	0.0	9.96923076923077
2024-02-06 12:28:07.964847	236.2265956401825	19.7	19.8706	19.6869	0.0	0.0	9.444627692307693
2024-02-06 12:28:08.966061	237.22780752182007	19.7	19.8952	19.7769	0.0	0.0	8.560689230769231
2024-02-06 12:28:09.985512	238.24725937843323	19.7	19.8998	19.5905	0.0	0.0	10.508012307692308
2024-02-06 12:28:10.967705	239.22945308685303	19.7	19.8773	19.8047	0.0	0.0	8.31611076923077
2024-02-06 12:28:11.965763	240.2275106906891	19.7	19.8975	19.6513	0.0	0.0	9.836750769230768
2024-02-06 12:28:12.965283	241.2270302772522	19.7	19.8834	19.6883	0.0	0.0	9.444627692307693
2024-02-06 12:28:13.965895	242.22764348983765	19.7	19.8958	19.7812	0.0	0.0	8.560689230769231
2024-02-06 12:28:14.967595	243.2293426990509	19.7	19.8997	19.5889	0.0	0.0	10.644923076923078
2024-02-06 12:28:15.985944	244.24769139289856	19.7	19.8831	19.8064	0.0	0.0	8.19515076923077
2024-02-06 12:28:16.964695	245.2264416217804	19.7	19.9152	19.6568	0.0	0.0	9.836750769230768
2024-02-06 12:28:17.966925	246.2286720275879	19.7	19.8754	19.6837	0.0	0.0	9.57444923076923
2024-02-06 12:28:18.967618	247.22937655448914	19.7	19.8992	19.7829	0.0	0.0	8.437956923076921
2024-02-06 12:28:19.989575	248.25132298469543	19.7	19.8987	19.5898	0.0	0.0	10.508012307692308
2024-02-06 12:28:20.964754	249.22650146484375	19.7	19.8715	19.8057	0.0	0.0	8.19515076923077
2024-02-06 12:28:21.964501	250.22624897956848	19.7	19.9082	19.655	0.0	0.0	9.836750769230768
2024-02-06 12:28:22.997935	251.2596845626831	19.7	19.8758	19.678	0.0	0.0	9.57444923076923
2024-02-06 12:28:23.964785	252.2265326976776	19.7	19.9089	19.7886	0.0	0.0	8.437956923076921
2024-02-06 12:28:24.994509	253.25625586509705	19.7	19.8986	19.5895	0.0	0.0	10.508012307692308
2024-02-06 12:28:25.967914	254.2296645641327	19.7	19.8724	19.8049	0.0	0.0	8.31611076923077
2024-02-06 12:28:26.965455	255.22720336914062	19.7	19.9032	19.6473	0.0	0.0	9.96923076923077
2024-02-06 12:28:27.966353	256.22810077667236	19.7	19.87	19.6729	0.0	0.0	9.705156923076924
2024-02-06 12:28:28.999242	257.2609918117523	19.7	19.8951	19.7839	0.0	0.0	10.371987692307691
2024-02-06 12:28:29.967788	258.22953724861145	19.7	19.8907	19.5886	0.0	0.0	10.644923076923078
2024-02-06 12:28:30.976846	259.238605260849	19.7	19.8839	19.8071	0.0	0.0	8.19515076923077
2024-02-06 12:28:31.964698	260.22644662857056	19.7	19.9076	19.6507	0.0	0.0	9.836750769230768
2024-02-06 12:28:32.968392	261.2301404476166	19.7	19.8711	19.6732	0.0	0.0	9.57444923076923
2024-02-06 12:28:33.968386	262.2301332950592	19.7	19.8958	19.7898	0.0	0.0	8.437956923076921
2024-02-06 12:28:34.968885	263.23063254356384	19.7	19.8889	19.5895	0.0	0.0	10.508012307692308
2024-02-06 12:28:35.968232	264.22997784614563	19.7	19.8775	19.8025	0.0	0.0	8.31611076923077
2024-02-06 12:28:36.966350	265.2280969619751	19.7	19.9086	19.6468	0.0	0.0	9.96923076923077
2024-02-06 12:28:37.964294	266.2260410785675	19.7	19.8698	19.6713	0.0	0.0	9.705156923076924
2024-02-06 12:28:38.969380	267.23112964630127	19.7	19.9008	19.7852	0.0	0.0	8.437956923076921
2024-02-06 12:28:39.965792	268.22753953933716	19.7	19.9007	19.5919	0.0	0.0	10.508012307692308
2024-02-06 12:28:40.965959	269.2277069091797	19.7	19.8772	19.8066	0.0	0.0	8.19515076923077
2024-02-06 12:28:41.964132	270.2258801460266	19.7	19.9041	19.6492	0.0	0.0	9.836750769230768
2024-02-06 12:28:42.994015	271.25576186180115	19.7	19.8771	19.6715	0.0	0.0	9.705156923076924
2024-02-06 12:28:43.998161	272.25991106033325	19.7	19.8965	19.7863	0.0	0.0	8.437956923076921
2024-02-06 12:28:44.964597	273.2263445854187	19.7	19.8958	19.5879	0.0	0.0	10.644923076923078
2024-02-06 12:28:45.963783	274.2255425453186	19.7	19.8724	19.8046	0.0	0.0	8.19515076923077
2024-02-06 12:28:46.974415	275.2361629009247	19.7	19.9058	19.6511	0.0	0.0	9.836750769230768
2024-02-06 12:28:47.974005	276.23575258255005	19.7	19.8787	19.6768	0.0	0.0	9.57444923076923
2024-02-06 12:28:48.974864	277.23661375045776	19.7	19.8921	19.7842	0.0	0.0	8.437956923076921
2024-02-06 12:28:49.975164	278.23692417144775	19.7	19.8893	19.5914	0.0	0.0	10.508012307692308
2024-02-06 12:28:50.969732	279.23148012161255	19.7	19.8822	19.8039	0.0	0.0	8.31611076923077
2024-02-06 12:28:51.994704	280.25646138191223	19.7	19.9102	19.6516	0.0	0.0	9.836750769230768
2024-02-06 12:28:52.965247	281.226998090744	19.7	19.8743	19.6736	0.0	0.0	9.57444923076923
2024-02-06 12:28:53.964947	282.22670555114746	19.7	19.8994	19.7845	0.0	0.0	8.437956923076921
2024-02-06 12:28:54.995259	283.25700664520264	19.7	19.8768	19.5823	0.0	0.0	10.644923076923078
2024-02-06 12:28:55.965967	284.22771430015564	19.7	19.8719	19.8034	0.0	0.0	8.31611076923077
2024-02-06 12:28:56.964136	285.2258837223053	19.7	19.9038	19.6475	0.0	0.0	9.96923076923077
2024-02-06 12:28:57.972102	286.2338523864746	19.7	19.8756	19.6735	0.0	0.0	9.57444923076923
2024-02-06 12:28:58.971799	287.23355984687805	19.7	19.8997	19.7851	0.0	0.0	8.437956923076921
2024-02-06 12:28:59.976153	288.23790192604065	19.7	19.8894	19.5853	0.0	0.0	10.644923076923078
2024-02-06 12:29:00.976681	289.2384293079376	19.7	19.8841	19.8029	0.0	0.0	8.31611076923077
2024-02-06 12:29:01.963484	290.2252311706543	19.7	19.8989	19.6546	0.0	0.0	9.836750769230768
2024-02-06 12:29:02.965444	291.22719144821167	19.7	19.8697	19.6712	0.0	0.0	9.705156923076924
2024-02-06 12:29:03.964427	292.22617411613464	19.7	19.8927	19.7856	0.0	0.0	8.437956923076921
2024-02-06 12:29:04.966527	293.2282738685608	19.7	19.8923	19.5851	0.0	0.0	10.644923076923078
2024-02-06 12:29:05.963746	294.22549271583557	19.7	19.8801	19.805	0.0	0.0	8.19515076923077
2024-02-06 12:29:06.973629	295.2353768348694	19.7	19.9086	19.6499	0.0	0.0	9.836750769230768
2024-02-06 12:29:07.963262	296.22501850128174	19.7	19.8703	19.6749	0.0	0.0	9.57444923076923
2024-02-06 12:29:08.968425	297.23017477989197	19.7	19.9069	19.7867	0.0	0.0	8.437956923076921
2024-02-06 12:29:09.965553	298.22730016708374	19.7	19.8931	19.5857	0.0	0.0	10.644923076923078
2024-02-06 12:29:10.965642	299.2273979187012	19.7	19.8773	19.8045	0.0	0.0	8.31611076923077
2024-02-06 12:29:11.965873	300.22762179374695	19.7	19.903	19.6568	0.0	0.0	9.836750769230768
2024-02-06 12:29:12.974994	301.2367436885834	19.7	19.8751	19.6743	0.0	0.0	9.57444923076923
2024-02-06 12:29:13.967828	302.2295775413513	19.7	19.8954	19.7873	0.0	0.0	8.437956923076921
2024-02-06 12:29:14.963499	303.22524666786194	19.7	19.8889	19.5819	0.0	0.0	10.644923076923078
2024-02-06 12:29:15.973215	304.2349624633789	19.7	19.8772	19.801	0.0	0.0	8.31611076923077
2024-02-06 12:29:16.963329	305.22507786750793	19.7	19.8966	19.6511	0.0	0.0	9.836750769230768
2024-02-06 12:29:17.965688	306.2274353504181	19.7	19.8685	19.6755	0.0	0.0	9.57444923076923
2024-02-06 12:29:18.969150	307.23091101646423	19.7	19.9037	19.7795	0.0	0.0	8.560689230769231
2024-02-06 12:29:19.965085	308.22683238983154	19.7	19.8916	19.5868	0.0	0.0	10.644923076923078
2024-02-06 12:29:20.980109	309.24186849594116	19.7	19.8772	19.801	0.0	0.0	8.31611076923077
2024-02-06 12:29:21.974285	310.23603343963623	19.7	19.8989	19.6522	0.0	0.0	9.836750769230768
2024-02-06 12:29:22.963395	311.22514510154724	19.7	19.8675	19.6732	0.0	0.0	9.705156923076924
2024-02-06 12:29:23.964063	312.22581005096436	19.7	19.8908	19.7802	0.0	0.0	8.560689230769231
2024-02-06 12:29:24.975226	313.2369737625122	19.7	19.8851	19.5815	0.0	0.0	10.644923076923078
2024-02-06 12:29:25.963477	314.22522592544556	19.7	19.8698	19.8039	0.0	0.0	8.31611076923077
2024-02-06 12:29:26.973460	315.2352077960968	19.7	19.8981	19.6486	0.0	0.0	9.96923076923077
2024-02-06 12:29:27.973499	316.23524618148804	19.7	19.8692	19.6754	0.0	0.0	9.57444923076923
2024-02-06 12:29:28.969313	317.2310609817505	19.7	19.9025	19.7799	0.0	0.0	8.560689230769231
2024-02-06 12:29:29.981762	318.24351024627686	19.7	19.8897	19.5896	0.0	0.0	10.508012307692308
2024-02-06 12:29:30.973119	319.2348663806915	19.7	19.8813	19.8017	0.0	0.0	8.31611076923077
2024-02-06 12:29:31.963567	320.225314617157	19.7	19.9047	19.6514	0.0	0.0	9.836750769230768
2024-02-06 12:29:32.963608	321.225355386734	19.7	19.8669	19.6791	0.0	0.0	9.57444923076923
2024-02-06 12:29:33.975852	322.2376010417938	19.7	19.8871	19.7783	0.0	0.0	8.560689230769231
2024-02-06 12:29:34.964386	323.2261333465576	19.7	19.8863	19.5831	0.0	0.0	10.644923076923078
2024-02-06 12:29:35.974637	324.23639607429504	19.7	19.8744	19.801	0.0	0.0	8.31611076923077
2024-02-06 12:29:36.994581	325.2563292980194	19.7	19.9032	19.6488	0.0	0.0	9.96923076923077
2024-02-06 12:29:37.963531	326.22527742385864	19.7	19.8749	19.6869	0.0	0.0	9.444627692307693
2024-02-06 12:29:38.980521	327.24226927757263	19.7	19.8862	19.7785	0.0	0.0	8.560689230769231
2024-02-06 12:29:39.972833	328.234580039978	19.7	19.8871	19.5914	0.0	0.0	10.508012307692308
2024-02-06 12:29:40.978718	329.2404661178589	19.7	19.8782	19.7978	0.0	0.0	8.31611076923077
2024-02-06 12:29:41.967196	330.2289433479309	19.7	19.9059	19.6502	0.0	0.0	9.836750769230768
2024-02-06 12:29:42.972769	331.23451685905457	19.7	19.883	19.6841	0.0	0.0	9.57444923076923
2024-02-06 12:29:43.972895	332.2346422672272	19.7	19.8976	19.7839	0.0	0.0	8.437956923076921
2024-02-06 12:29:44.976723	333.2384715080261	19.7	19.892	19.5836	0.0	0.0	10.644923076923078
2024-02-06 12:29:45.965755	334.2275025844574	19.7	19.8797	19.7998	0.0	0.0	8.31611076923077
2024-02-06 12:29:46.984167	335.24591588974	19.7	19.901	19.6463	0.0	0.0	9.96923076923077
2024-02-06 12:29:47.962892	336.22463846206665	19.7	19.8659	19.685	0.0	0.0	9.57444923076923
2024-02-06 12:29:48.963792	337.22553992271423	19.7	19.8981	19.7828	0.0	0.0	8.437956923076921
2024-02-06 12:29:49.962474	338.2242331504822	19.7	19.8859	19.5866	0.0	0.0	10.644923076923078
2024-02-06 12:29:50.983681	339.2454299926758	19.7	19.8813	19.8013	0.0	0.0	8.31611076923077
2024-02-06 12:29:51.972402	340.2341499328613	19.7	19.9081	19.6456	0.0	0.0	9.96923076923077
2024-02-06 12:29:52.965706	341.2274537086487	19.7	19.8723	19.6819	0.0	0.0	9.57444923076923
2024-02-06 12:29:54.005104	342.26685190200806	19.7	19.8973	19.7908	0.0	0.0	8.437956923076921
2024-02-06 12:29:54.983435	343.2451853752136	19.7	19.8904	19.5868	0.0	0.0	10.644923076923078
2024-02-06 12:29:55.977488	344.23924684524536	19.7	19.8698	19.8005	0.0	0.0	8.31611076923077
2024-02-06 12:29:56.973041	345.2347881793976	19.7	19.9095	19.6447	0.0	0.0	9.96923076923077
2024-02-06 12:29:58.012553	346.27430295944214	19.7	19.882	19.6873	0.0	0.0	9.444627692307693
2024-02-06 12:29:58.974077	347.235826253891	19.7	19.8923	19.7852	0.0	0.0	8.437956923076921
2024-02-06 12:30:00.004614	348.2663621902466	19.7	19.8887	19.5943	0.0	0.0	10.508012307692308
2024-02-06 12:30:00.973954	349.23570561408997	19.7	19.8814	19.8026	0.0	0.0	8.31611076923077
2024-02-06 12:30:01.963187	350.2249369621277	19.7	19.9018	19.6363	0.0	0.0	10.102596923076923
2024-02-06 12:30:02.982357	351.2441065311432	19.7	19.876	19.6826	0.0	0.0	9.57444923076923
2024-02-06 12:30:03.972583	352.2343313694	19.7	19.9001	19.7816	0.0	0.0	8.560689230769231
2024-02-06 12:30:04.963558	353.2253053188324	19.7	19.8956	19.5868	0.0	0.0	10.644923076923078
2024-02-06 12:30:05.973936	354.23568391799927	19.7	19.8741	19.8043	0.0	0.0	8.31611076923077
2024-02-06 12:30:06.973319	355.2350661754608	19.7	19.9019	19.6354	0.0	0.0	10.102596923076923
2024-02-06 12:30:08.007707	356.26945638656616	19.7	19.872	19.6878	0.0	0.0	9.444627692307693
2024-02-06 12:30:09.002309	357.264066696167	19.7	19.8864	19.7795	0.0	0.0	8.560689230769231
2024-02-06 12:30:09.972133	358.23388028144836	19.7	19.8909	19.5931	0.0	0.0	10.508012307692308
2024-02-06 12:30:10.972554	359.2343022823334	19.7	19.8767	19.8062	0.0	0.0	8.19515076923077
2024-02-06 12:30:11.976311	360.23805952072144	19.7	19.9134	19.6401	0.0	0.0	9.96923076923077
2024-02-06 12:30:13.010805	361.27255368232727	19.7	19.8782	19.6819	0.0	0.0	9.57444923076923
2024-02-06 12:30:13.963229	362.22497606277466	19.7	19.9036	19.7761	0.0	0.0	8.560689230769231
2024-02-06 12:30:14.982008	363.2437598705292	19.7	19.8898	19.589	0.0	0.0	10.644923076923078
2024-02-06 12:30:15.972273	364.2340204715729	19.7	19.8741	19.8014	0.0	0.0	8.31611076923077
2024-02-06 12:30:16.972945	365.23469281196594	19.7	19.8929	19.6352	0.0	0.0	10.102596923076923
2024-02-06 12:30:17.973712	366.23546051979065	19.7	19.8763	19.6874	0.0	0.0	9.444627692307693
2024-02-06 12:30:19.010443	367.27219223976135	19.7	19.8997	19.7826	0.0	0.0	8.437956923076921
2024-02-06 12:30:19.973293	368.23504519462585	19.7	19.8851	19.5955	0.0	0.0	10.508012307692308
2024-02-06 12:30:20.983908	369.2456669807434	19.7	19.8789	19.8011	0.0	0.0	8.31611076923077
2024-02-06 12:30:21.972744	370.2344913482666	19.7	19.8972	19.6382	0.0	0.0	9.96923076923077
2024-02-06 12:30:22.961773	371.2235221862793	19.7	19.8667	19.6794	0.0	0.0	9.57444923076923
2024-02-06 12:30:23.971701	372.233451128006	19.7	19.889	19.7851	0.0	0.0	8.437956923076921
2024-02-06 12:30:24.972736	373.2344937324524	19.7	19.8811	19.5939	0.0	0.0	10.508012307692308
2024-02-06 12:30:25.972077	374.2338237762451	19.7	19.8687	19.8013	0.0	0.0	8.31611076923077
2024-02-06 12:30:26.971584	375.2333438396454	19.7	19.9043	19.6419	0.0	0.0	9.96923076923077
2024-02-06 12:30:27.971699	376.23344707489014	19.7	19.8762	19.6807	0.0	0.0	9.57444923076923
2024-02-06 12:30:28.971952	377.2337007522583	19.7	19.9041	19.7887	0.0	0.0	8.437956923076921
2024-02-06 12:30:30.004684	378.2664432525635	19.7	19.881	19.5897	0.0	0.0	10.644923076923078
2024-02-06 12:30:30.972876	379.23462748527527	19.7	19.8783	19.7947	0.0	0.0	8.31611076923077
2024-02-06 12:30:31.972538	380.23428606987	19.7	19.9045	19.6449	0.0	0.0	9.96923076923077
2024-02-06 12:30:32.972054	381.233802318573	19.7	19.8765	19.6808	0.0	0.0	9.57444923076923
2024-02-06 12:30:33.986973	382.2487225532532	19.7	19.8855	19.7911	0.0	0.0	8.437956923076921
2024-02-06 12:30:34.972195	383.2339427471161	19.7	19.8923	19.5818	0.0	0.0	10.644923076923078
2024-02-06 12:30:36.006235	384.26798272132874	19.7	19.8822	19.8022	0.0	0.0	8.31611076923077
2024-02-06 12:30:37.003690	385.2654392719269	19.7	19.912	19.6504	0.0	0.0	9.836750769230768
2024-02-06 12:30:37.987342	386.2490921020508	19.7	19.8679	19.6834	0.0	0.0	9.57444923076923
2024-02-06 12:30:39.003161	387.26492071151733	19.7	19.8953	19.7815	0.0	0.0	8.560689230769231
2024-02-06 12:30:39.989064	388.2508156299591	19.7	19.8879	19.5839	0.0	0.0	10.644923076923078
2024-02-06 12:30:40.971461	389.23320960998535	19.7	19.8729	19.7978	0.0	0.0	8.31611076923077
2024-02-06 12:30:41.971634	390.2333834171295	19.7	19.9061	19.6545	0.0	0.0	9.836750769230768
2024-02-06 12:30:43.010298	391.27205777168274	19.7	19.873	19.6749	0.0	0.0	9.57444923076923
2024-02-06 12:30:43.974779	392.23652839660645	19.7	19.9013	19.7857	0.0	0.0	8.437956923076921
2024-02-06 12:30:44.991356	393.25310587882996	19.7	19.8872	19.5874	0.0	0.0	10.644923076923078
2024-02-06 12:30:45.972437	394.2341868877411	19.7	19.8737	19.803	0.0	0.0	8.31611076923077
2024-02-06 12:30:47.005516	395.2672667503357	19.7	19.9053	19.6578	0.0	0.0	9.836750769230768
2024-02-06 12:30:47.982653	396.2444007396698	19.7	19.8819	19.671	0.0	0.0	9.705156923076924
2024-02-06 12:30:48.982022	397.2437732219696	19.7	19.8969	19.7847	0.0	0.0	8.437956923076921
2024-02-06 12:30:49.981061	398.2428114414215	19.7	19.8796	19.5847	0.0	0.0	10.644923076923078
2024-02-06 12:30:51.010742	399.2724907398224	19.7	19.8833	19.7977	0.0	0.0	8.31611076923077
2024-02-06 12:30:51.977066	400.2388255596161	19.7	19.9021	19.659	0.0	0.0	9.836750769230768
2024-02-06 12:30:52.971588	401.2333354949951	19.7	19.8756	19.668	0.0	0.0	9.705156923076924
2024-02-06 12:30:53.971690	402.23343777656555	19.7	19.8983	19.7912	0.0	0.0	8.437956923076921
2024-02-06 12:30:54.970964	403.23271226882935	19.7	19.8898	19.5823	0.0	0.0	10.644923076923078
2024-02-06 12:30:55.989631	404.2513794898987	19.7	19.8874	19.8035	0.0	0.0	8.31611076923077
2024-02-06 12:30:56.972389	405.2341387271881	19.7	19.9019	19.6614	0.0	0.0	9.836750769230768
2024-02-06 12:30:57.973020	406.2347674369812	19.7	19.8819	19.6721	0.0	0.0	9.705156923076924
2024-02-06 12:30:58.987832	407.2495799064636	19.7	19.9017	19.7867	0.0	0.0	8.437956923076921
2024-02-06 12:30:59.981081	408.2428307533264	19.7	19.894	19.5908	0.0	0.0	10.508012307692308
2024-02-06 12:31:00.985788	409.2475371360779	19.7	19.8725	19.8028	0.0	0.0	8.31611076923077
2024-02-06 12:31:02.001717	410.26346349716187	19.7	19.8991	19.6599	0.0	0.0	9.836750769230768
2024-02-06 12:31:02.981909	411.24366331100464	19.7	19.8747	19.6701	0.0	0.0	9.705156923076924
2024-02-06 12:31:03.970766	412.2325174808502	19.7	19.8941	19.7857	0.0	0.0	8.437956923076921
2024-02-06 12:31:04.975524	413.23727202415466	19.7	19.9002	19.5873	0.0	0.0	10.644923076923078
2024-02-06 12:31:05.971808	414.2335572242737	19.7	19.8809	19.8072	0.0	0.0	8.19515076923077
2024-02-06 12:31:06.971578	415.23332500457764	19.7	19.9078	19.6554	0.0	0.0	9.836750769230768
2024-02-06 12:31:07.972795	416.23454213142395	19.7	19.8832	19.6799	0.0	0.0	9.57444923076923
2024-02-06 12:31:08.980699	417.24244713783264	19.7	19.8955	19.7835	0.0	0.0	8.437956923076921
2024-02-06 12:31:10.007954	418.2697021961212	19.7	19.9011	19.5892	0.0	0.0	10.644923076923078
2024-02-06 12:31:10.970786	419.23253417015076	19.7	19.8764	19.7973	0.0	0.0	8.31611076923077
2024-02-06 12:31:11.971469	420.2332170009613	19.7	19.9129	19.6554	0.0	0.0	9.836750769230768
2024-02-06 12:31:12.981052	421.24280047416687	19.7	19.8826	19.6848	0.0	0.0	9.57444923076923
2024-02-06 12:31:13.972388	422.2341356277466	19.7	19.8965	19.7898	0.0	0.0	8.437956923076921
2024-02-06 12:31:14.971784	423.23353099823	19.7	19.8918	19.5836	0.0	0.0	10.644923076923078
2024-02-06 12:31:15.986817	424.2485680580139	19.7	19.8784	19.8049	0.0	0.0	8.31611076923077
2024-02-06 12:31:16.972331	425.2340784072876	19.7	19.9177	19.6514	0.0	0.0	9.836750769230768
2024-02-06 12:31:17.971521	426.2332694530487	19.7	19.8801	19.681	0.0	0.0	9.57444923076923
2024-02-06 12:31:18.972929	427.2346770763397	19.7	19.9009	19.789	0.0	0.0	8.437956923076921
2024-02-06 12:31:19.971099	428.2328460216522	19.7	19.8885	19.5836	0.0	0.0	10.644923076923078
2024-02-06 12:31:20.971714	429.23346185684204	19.7	19.8683	19.7959	0.0	0.0	8.31611076923077
2024-02-06 12:31:22.011736	430.27348470687866	19.7	19.9165	19.6459	0.0	0.0	9.96923076923077
2024-02-06 12:31:22.982260	431.2440085411072	19.7	19.8654	19.675	0.0	0.0	9.57444923076923
2024-02-06 12:31:23.999636	432.2613866329193	19.7	19.8895	19.7905	0.0	0.0	8.437956923076921
2024-02-06 12:31:24.978814	433.24056339263916	19.7	19.8836	19.5863	0.0	0.0	10.644923076923078
2024-02-06 12:31:25.987146	434.2488989830017	19.7	19.8788	19.7936	0.0	0.0	8.437956923076921
2024-02-06 12:31:26.972458	435.2342059612274	19.7	19.9009	19.6456	0.0	0.0	9.96923076923077
2024-02-06 12:31:27.971473	436.23322010040283	19.7	19.8684	19.6741	0.0	0.0	9.705156923076924
2024-02-06 12:31:28.972135	437.23388290405273	19.7	19.8967	19.783	0.0	0.0	8.437956923076921
2024-02-06 12:31:29.980958	438.24270701408386	19.7	19.8823	19.5812	0.0	0.0	10.644923076923078
2024-02-06 12:31:30.993291	439.25503969192505	19.7	19.87	19.7883	0.0	0.0	8.437956923076921
2024-02-06 12:31:31.970520	440.2322678565979	19.7	19.9019	19.6393	0.0	0.0	9.96923076923077
2024-02-06 12:31:33.011433	441.2731821537018	19.7	19.8694	19.6707	0.0	0.0	9.705156923076924
2024-02-06 12:31:33.975807	442.2375557422638	19.7	19.8891	19.7796	0.0	0.0	8.560689230769231
2024-02-06 12:31:34.970469	443.232216835022	19.7	19.8744	19.5849	0.0	0.0	10.644923076923078
2024-02-06 12:31:35.970451	444.2321991920471	19.7	19.8636	19.7903	0.0	0.0	8.437956923076921
2024-02-06 12:31:36.981472	445.24321961402893	19.7	19.8967	19.6297	0.0	0.0	10.102596923076923
2024-02-06 12:31:37.980706	446.2424535751343	19.7	19.8607	19.6684	0.0	0.0	9.705156923076924
2024-02-06 12:31:38.991241	447.2529888153076	19.7	19.8841	19.776	0.0	0.0	8.560689230769231
2024-02-06 12:31:39.970975	448.23272228240967	19.7	19.8673	19.5809	0.0	0.0	10.644923076923078
2024-02-06 12:31:40.981438	449.243186712265	19.7	19.8674	19.7892	0.0	0.0	8.437956923076921
2024-02-06 12:31:41.970338	450.23208498954773	19.7	19.8917	19.6331	0.0	0.0	10.102596923076923
2024-02-06 12:31:42.984781	451.24653029441833	19.7	19.8716	19.6656	0.0	0.0	9.705156923076924
2024-02-06 12:31:43.973655	452.2354040145874	19.7	19.8842	19.7745	0.0	0.0	8.560689230769231
2024-02-06 12:31:44.970900	453.23264718055725	19.7	19.8843	19.5765	0.0	0.0	10.782719999999998
2024-02-06 12:31:45.991411	454.25316047668457	19.7	19.8641	19.7942	0.0	0.0	8.437956923076921
2024-02-06 12:31:46.980981	455.2427296638489	19.7	19.8887	19.6266	0.0	0.0	10.236849230769229
2024-02-06 12:31:47.969707	456.23145389556885	19.7	19.863	19.6708	0.0	0.0	9.705156923076924
2024-02-06 12:31:48.970011	457.2317578792572	19.7	19.8877	19.7747	0.0	0.0	8.560689230769231
2024-02-06 12:31:49.970958	458.23270773887634	19.7	19.8862	19.5819	0.0	0.0	10.782719999999998
2024-02-06 12:31:50.970328	459.232075214386	19.7	19.8612	19.7927	0.0	0.0	8.437956923076921
2024-02-06 12:31:51.984681	460.24642848968506	19.7	19.8892	19.6315	0.0	0.0	10.102596923076923
2024-02-06 12:31:52.969858	461.23160672187805	19.7	19.8618	19.6697	0.0	0.0	9.705156923076924
2024-02-06 12:31:53.972511	462.23425817489624	19.7	19.8743	19.7712	0.0	0.0	8.684307692307693
2024-02-06 12:31:54.980305	463.24205136299133	19.7	19.8776	19.58	0.0	0.0	10.782719999999998
2024-02-06 12:31:55.971308	464.23305559158325	19.7	19.8635	19.8006	0.0	0.0	8.31611076923077
2024-02-06 12:31:56.971441	465.23318886756897	19.7	19.8928	19.6365	0.0	0.0	10.102596923076923
2024-02-06 12:31:57.969796	466.2315435409546	19.7	19.8686	19.6679	0.0	0.0	9.836750769230768
2024-02-06 12:31:58.973492	467.2352488040924	19.7	19.8855	19.7702	0.0	0.0	8.684307692307693
2024-02-06 12:31:59.972466	468.2342264652252	19.7	19.8844	19.58	0.0	0.0	10.782719999999998
2024-02-06 12:32:00.981120	469.2428689002991	19.7	19.86	19.7959	0.0	0.0	8.437956923076921
2024-02-06 12:32:01.969523	470.2312705516815	19.7	19.9031	19.6371	0.0	0.0	10.102596923076923
2024-02-06 12:32:02.969604	471.23135137557983	19.7	19.8664	19.6684	0.0	0.0	9.836750769230768
2024-02-06 12:32:03.970356	472.2321035861969	19.7	19.8819	19.7723	0.0	0.0	8.684307692307693
2024-02-06 12:32:04.969790	473.2315368652344	19.7	19.8951	19.5798	0.0	0.0	10.782719999999998
2024-02-06 12:32:05.970407	474.2321538925171	19.7	19.8663	19.7972	0.0	0.0	8.437956923076921
2024-02-06 12:32:06.969487	475.2312345504761	19.7	19.8938	19.6312	0.0	0.0	10.236849230769229
2024-02-06 12:32:07.979728	476.2414789199829	19.7	19.8718	19.6731	0.0	0.0	9.705156923076924
2024-02-06 12:32:08.975856	477.2376158237457	19.7	19.9002	19.7809	0.0	0.0	8.560689230769231
2024-02-06 12:32:09.977519	478.23927879333496	19.7	19.8742	19.5843	0.0	0.0	10.782719999999998
2024-02-06 12:32:10.970970	479.23271799087524	19.7	19.8684	19.7885	0.0	0.0	8.560689230769231
2024-02-06 12:32:11.972221	480.23397159576416	19.7	19.8922	19.6423	0.0	0.0	10.102596923076923
2024-02-06 12:32:12.972769	481.234516620636	19.7	19.874	19.6694	0.0	0.0	9.836750769230768
2024-02-06 12:32:13.970465	482.2322118282318	19.7	19.8947	19.7871	0.0	0.0	8.560689230769231
2024-02-06 12:32:14.969899	483.2316472530365	19.7	19.8839	19.5858	0.0	0.0	10.782719999999998
2024-02-06 12:32:15.980045	484.2417936325073	19.7	19.8639	19.791	0.0	0.0	8.560689230769231
2024-02-06 12:32:16.969930	485.23167753219604	19.7	19.9088	19.6444	0.0	0.0	10.102596923076923
2024-02-06 12:32:17.969592	486.2313482761383	19.7	19.8668	19.671	0.0	0.0	9.836750769230768
2024-02-06 12:32:18.969811	487.2315602302551	19.7	19.8841	19.7883	0.0	0.0	8.560689230769231
2024-02-06 12:32:19.970885	488.2326326370239	19.7	19.8845	19.5792	0.0	0.0	10.782719999999998
2024-02-06 12:32:20.969001	489.230749130249	19.7	19.8715	19.7922	0.0	0.0	8.437956923076921
2024-02-06 12:32:21.980723	490.2424716949463	19.7	19.9103	19.6498	0.0	0.0	9.96923076923077
2024-02-06 12:32:22.971111	491.23285841941833	19.7	19.8824	19.6767	0.0	0.0	9.705156923076924
2024-02-06 12:32:23.979753	492.24150109291077	19.7	19.8924	19.791	0.0	0.0	8.560689230769231
2024-02-06 12:32:24.980485	493.24223279953003	19.7	19.8904	19.5827	0.0	0.0	10.782719999999998
2024-02-06 12:32:25.969529	494.2312762737274	19.7	19.871	19.7981	0.0	0.0	8.437956923076921
2024-02-06 12:32:26.991052	495.25280261039734	19.7	19.9006	19.6442	0.0	0.0	10.102596923076923
2024-02-06 12:32:27.982594	496.24434423446655	19.7	19.8797	19.6767	0.0	0.0	9.705156923076924
2024-02-06 12:32:28.969991	497.2317397594452	19.7	19.8888	19.7902	0.0	0.0	8.560689230769231
2024-02-06 12:32:29.969126	498.230872631073	19.7	19.8861	19.5822	0.0	0.0	10.782719999999998
2024-02-06 12:32:30.971195	499.2329454421997	19.7	19.8703	19.7969	0.0	0.0	8.437956923076921
2024-02-06 12:32:31.980348	500.2420976161957	19.7	19.9028	19.6537	0.0	0.0	9.96923076923077
2024-02-06 12:32:32.972113	501.2338602542877	19.7	19.873	19.6773	0.0	0.0	9.705156923076924
2024-02-06 12:32:33.997559	502.25930762290955	19.7	19.8944	19.7945	0.0	0.0	8.437956923076921
2024-02-06 12:32:34.969986	503.23173475265503	19.7	19.8956	19.5819	0.0	0.0	10.782719999999998
2024-02-06 12:32:35.973814	504.2355616092682	19.7	19.8885	19.8016	0.0	0.0	8.437956923076921
2024-02-06 12:32:36.968834	505.2305817604065	19.7	19.906	19.6446	0.0	0.0	10.102596923076923
2024-02-06 12:32:37.969636	506.23138332366943	19.7	19.881	19.6761	0.0	0.0	9.705156923076924
2024-02-06 12:32:38.970553	507.2323000431061	19.7	19.9056	19.7936	0.0	0.0	8.437956923076921
2024-02-06 12:32:39.972953	508.2347025871277	19.7	19.8895	19.5816	0.0	0.0	10.782719999999998
2024-02-06 12:32:40.980928	509.24267625808716	19.7	19.8708	19.7958	0.0	0.0	8.437956923076921
2024-02-06 12:32:41.968647	510.2303943634033	19.7	19.9038	19.6494	0.0	0.0	9.96923076923077
2024-02-06 12:32:42.969826	511.23157715797424	19.7	19.8827	19.6726	0.0	0.0	9.705156923076924
2024-02-06 12:32:43.972634	512.2343909740448	19.7	19.8972	19.7959	0.0	0.0	8.437956923076921
2024-02-06 12:32:44.971141	513.2328886985779	19.7	19.8919	19.5832	0.0	0.0	10.782719999999998
2024-02-06 12:32:45.969048	514.2307951450348	19.7	19.8759	19.7961	0.0	0.0	8.437956923076921
2024-02-06 12:32:46.970239	515.2319872379303	19.7	19.9054	19.6517	0.0	0.0	9.96923076923077
2024-02-06 12:32:47.969900	516.2316496372223	19.7	19.8764	19.6787	0.0	0.0	9.705156923076924
2024-02-06 12:32:48.969218	517.2309679985046	19.7	19.8987	19.7926	0.0	0.0	8.437956923076921
2024-02-06 12:32:49.970022	518.2317698001862	19.7	19.8967	19.5873	0.0	0.0	10.782719999999998
2024-02-06 12:32:50.969069	519.2308180332184	19.7	19.8662	19.7875	0.0	0.0	8.560689230769231
2024-02-06 12:32:51.968798	520.230545759201	19.7	19.9119	19.6506	0.0	0.0	9.96923076923077
2024-02-06 12:32:52.978976	521.2407233715057	19.7	19.8715	19.6724	0.0	0.0	9.705156923076924
2024-02-06 12:32:53.968616	522.2303636074066	19.7	19.9034	19.791	0.0	0.0	8.560689230769231
2024-02-06 12:32:54.979797	523.2415578365326	19.7	19.8872	19.5933	0.0	0.0	10.644923076923078
2024-02-06 12:32:55.971109	524.2328577041626	19.7	19.8724	19.7996	0.0	0.0	8.437956923076921
2024-02-06 12:32:56.969593	525.2313401699066	19.7	19.9112	19.6476	0.0	0.0	9.96923076923077
2024-02-06 12:32:57.969415	526.2311615943909	19.7	19.8796	19.6761	0.0	0.0	9.705156923076924
2024-02-06 12:32:58.969218	527.230966091156	19.7	19.8923	19.7878	0.0	0.0	8.560689230769231
2024-02-06 12:32:59.968717	528.2304666042328	19.7	19.8917	19.5902	0.0	0.0	10.644923076923078
2024-02-06 12:33:00.970138	529.2318878173828	19.7	19.8762	19.8011	0.0	0.0	8.437956923076921
2024-02-06 12:33:01.972087	530.2338359355927	19.7	19.9068	19.6458	0.0	0.0	10.102596923076923
2024-02-06 12:33:02.970277	531.2320241928101	19.7	19.8753	19.6772	0.0	0.0	9.705156923076924
2024-02-06 12:33:03.970081	532.2318294048309	19.7	19.901	19.7865	0.0	0.0	8.560689230769231
2024-02-06 12:33:04.968327	533.2300746440887	19.7	19.9008	19.5915	0.0	0.0	10.644923076923078
2024-02-06 12:33:05.978883	534.240630865097	19.7	19.8851	19.8086	0.0	0.0	8.31611076923077
2024-02-06 12:33:06.969640	535.2313868999481	19.7	19.8987	19.6475	0.0	0.0	9.96923076923077
2024-02-06 12:33:07.974331	536.2360792160034	19.7	19.8686	19.6752	0.0	0.0	9.705156923076924
2024-02-06 12:33:08.969225	537.2309725284576	19.7	19.8864	19.7808	0.0	0.0	8.560689230769231
2024-02-06 12:33:09.971706	538.2334535121918	19.7	19.8933	19.5928	0.0	0.0	10.644923076923078
2024-02-06 12:33:10.976804	539.2385642528534	19.7	19.8855	19.815	0.0	0.0	8.31611076923077
2024-02-06 12:33:11.976815	540.2385747432709	19.7	19.9079	19.6547	0.0	0.0	9.96923076923077
2024-02-06 12:33:12.970136	541.2318849563599	19.7	19.8749	19.679	0.0	0.0	9.705156923076924
2024-02-06 12:33:13.981624	542.2433745861053	19.7	19.9058	19.7891	0.0	0.0	8.560689230769231
2024-02-06 12:33:14.967793	543.2295405864716	19.7	19.8935	19.5882	0.0	0.0	10.644923076923078
2024-02-06 12:33:15.979999	544.2417459487915	19.7	19.879	19.8102	0.0	0.0	8.31611076923077
2024-02-06 12:33:16.971739	545.2334980964661	19.7	19.9074	19.65	0.0	0.0	9.96923076923077
2024-02-06 12:33:17.972163	546.2339103221893	19.7	19.8791	19.6811	0.0	0.0	9.705156923076924
2024-02-06 12:33:18.971808	547.2335548400879	19.7	19.8927	19.7896	0.0	0.0	8.560689230769231
2024-02-06 12:33:19.969370	548.231116771698	19.7	19.9055	19.5979	0.0	0.0	10.644923076923078
2024-02-06 12:33:20.969969	549.2317156791687	19.7	19.8869	19.8139	0.0	0.0	8.31611076923077
2024-02-06 12:33:21.979895	550.2416436672211	19.7	19.9131	19.653	0.0	0.0	9.96923076923077
2024-02-06 12:33:22.971588	551.2333352565765	19.7	19.8782	19.6807	0.0	0.0	9.705156923076924
2024-02-06 12:33:23.981875	552.2436256408691	19.7	19.9016	19.7928	0.0	0.0	8.437956923076921
2024-02-06 12:33:24.974645	553.2363927364349	19.7	19.8999	19.5917	0.0	0.0	10.644923076923078
2024-02-06 12:33:25.986303	554.248053073883	19.7	19.8766	19.8099	0.0	0.0	8.31611076923077
2024-02-06 12:33:26.968034	555.2297849655151	19.7	19.9147	19.6501	0.0	0.0	9.96923076923077
2024-02-06 12:33:27.979250	556.2409982681274	19.7	19.8707	19.676	0.0	0.0	9.705156923076924
2024-02-06 12:33:28.967798	557.2295451164246	19.7	19.9083	19.7876	0.0	0.0	8.560689230769231
2024-02-06 12:33:29.978187	558.2399353981018	19.7	19.8903	19.5887	0.0	0.0	10.644923076923078
2024-02-06 12:33:30.969801	559.2315497398376	19.7	19.8725	19.8043	0.0	0.0	8.31611076923077
2024-02-06 12:33:31.977579	560.2393262386322	19.7	19.9093	19.6614	0.0	0.0	9.836750769230768
2024-02-06 12:33:32.977511	561.2392587661743	19.7	19.8825	19.68	0.0	0.0	9.705156923076924
2024-02-06 12:33:33.972741	562.2344989776611	19.7	19.892	19.786	0.0	0.0	8.560689230769231
2024-02-06 12:33:34.968542	563.2302894592285	19.7	19.8994	19.5916	0.0	0.0	10.644923076923078
2024-02-06 12:33:35.978026	564.2397811412811	19.7	19.8835	19.8099	0.0	0.0	8.31611076923077
2024-02-06 12:33:36.972523	565.2342700958252	19.7	19.9166	19.6536	0.0	0.0	9.96923076923077
2024-02-06 12:33:37.967783	566.2295303344727	19.7	19.8903	19.6859	0.0	0.0	9.57444923076923
2024-02-06 12:33:38.968748	567.2305073738098	19.7	19.9007	19.7819	0.0	0.0	8.560689230769231
2024-02-06 12:33:39.977703	568.2394609451294	19.7	19.8943	19.5956	0.0	0.0	10.644923076923078
2024-02-06 12:33:40.969524	569.2312717437744	19.7	19.8853	19.8071	0.0	0.0	8.31611076923077
2024-02-06 12:33:41.967674	570.2294220924377	19.7	19.9181	19.6543	0.0	0.0	9.96923076923077
2024-02-06 12:33:42.967528	571.229275226593	19.7	19.8832	19.6942	0.0	0.0	9.444627692307693
2024-02-06 12:33:43.980037	572.2417857646942	19.7	19.9072	19.7831	0.0	0.0	8.560689230769231
2024-02-06 12:33:44.967700	573.2294473648071	19.7	19.8841	19.5851	0.0	0.0	10.644923076923078
2024-02-06 12:33:45.969518	574.2312662601471	19.7	19.8769	19.8041	0.0	0.0	8.31611076923077
2024-02-06 12:33:46.970519	575.2322690486908	19.7	19.9006	19.646	0.0	0.0	9.96923076923077
2024-02-06 12:33:47.967544	576.2292919158936	19.7	19.8746	19.6954	0.0	0.0	9.444627692307693
2024-02-06 12:33:48.967193	577.2289409637451	19.7	19.9044	19.7842	0.0	0.0	8.560689230769231
2024-02-06 12:33:49.968122	578.2298698425293	19.7	19.8865	19.5845	0.0	0.0	10.644923076923078
2024-02-06 12:33:50.967443	579.2291903495789	19.7	19.8742	19.804	0.0	0.0	8.31611076923077
2024-02-06 12:33:51.967396	580.2291440963745	19.7	19.9057	19.6443	0.0	0.0	9.96923076923077
2024-02-06 12:33:52.967083	581.2288300991058	19.7	19.8812	19.6918	0.0	0.0	9.57444923076923
2024-02-06 12:33:53.968753	582.2304992675781	19.7	19.8893	19.7914	0.0	0.0	8.437956923076921
2024-02-06 12:33:54.977793	583.2395529747009	19.7	19.8868	19.589	0.0	0.0	10.644923076923078
2024-02-06 12:33:55.969545	584.231292963028	19.7	19.8895	19.804	0.0	0.0	8.31611076923077
2024-02-06 12:33:56.967759	585.2295055389404	19.7	19.901	19.6361	0.0	0.0	10.102596923076923
2024-02-06 12:33:57.976983	586.2387318611145	19.7	19.8834	19.692	0.0	0.0	9.444627692307693
2024-02-06 12:33:58.968861	587.2306084632874	19.7	19.8994	19.7879	0.0	0.0	8.437956923076921
2024-02-06 12:33:59.967964	588.2297120094299	19.7	19.8998	19.5933	0.0	0.0	10.644923076923078
2024-02-06 12:34:00.972742	589.234491109848	19.7	19.8782	19.8007	0.0	0.0	8.31611076923077
2024-02-06 12:34:01.981009	590.2427589893341	19.7	19.9112	19.6461	0.0	0.0	9.96923076923077
2024-02-06 12:34:02.967126	591.2288739681244	19.7	19.8858	19.6894	0.0	0.0	9.57444923076923
2024-02-06 12:34:03.968237	592.2299845218658	19.7	19.8967	19.7857	0.0	0.0	8.560689230769231
2024-02-06 12:34:04.966790	593.2285370826721	19.7	19.8886	19.5943	0.0	0.0	10.644923076923078
2024-02-06 12:34:05.978746	594.2404942512512	19.7	19.879	19.8008	0.0	0.0	8.31611076923077
2024-02-06 12:34:06.967306	595.2290527820587	19.7	19.9047	19.6414	0.0	0.0	10.102596923076923
2024-02-06 12:34:07.977060	596.2388074398041	19.7	19.8802	19.6929	0.0	0.0	9.444627692307693
2024-02-06 12:34:08.978595	597.2403426170349	19.7	19.9033	19.7812	0.0	0.0	8.560689230769231
2024-02-06 12:34:09.978178	598.2399251461029	19.7	19.895	19.5949	0.0	0.0	10.508012307692308
2024-02-06 12:34:10.967183	599.2289307117462	19.7	19.8809	19.8001	0.0	0.0	8.31611076923077
2024-02-06 12:34:11.978193	600.2399406433105	19.7	19.9124	19.6419	0.0	0.0	10.102596923076923
2024-02-06 12:34:12.987002	601.2487607002258	19.7	19.8849	19.6869	0.0	0.0	9.57444923076923
2024-02-06 12:34:13.980596	602.2423434257507	19.7	19.8962	19.7835	0.0	0.0	8.560689230769231
2024-02-06 12:34:14.966674	603.2284235954285	19.7	19.8834	19.5908	0.0	0.0	10.644923076923078
2024-02-06 12:34:15.977339	604.2390873432159	19.7	19.8732	19.8023	0.0	0.0	8.31611076923077
2024-02-06 12:34:16.968512	605.2302713394165	19.7	19.9053	19.6409	0.0	0.0	10.102596923076923
2024-02-06 12:34:17.967364	606.2291121482849	19.7	19.8795	19.6869	0.0	0.0	9.57444923076923
2024-02-06 12:34:18.966602	607.2283492088318	19.7	19.8991	19.785	0.0	0.0	8.560689230769231
2024-02-06 12:34:19.968267	608.2300152778625	19.7	19.8894	19.592	0.0	0.0	10.644923076923078
2024-02-06 12:34:20.967339	609.2290878295898	19.7	19.8764	19.7943	0.0	0.0	8.437956923076921
2024-02-06 12:34:21.967911	610.2296578884125	19.7	19.9122	19.6434	0.0	0.0	9.96923076923077
2024-02-06 12:34:22.971742	611.2334899902344	19.7	19.878	19.6897	0.0	0.0	9.57444923076923
2024-02-06 12:34:23.971855	612.2336027622223	19.7	19.8981	19.7836	0.0	0.0	8.560689230769231
2024-02-06 12:34:24.985856	613.2476048469543	19.7	19.8883	19.5875	0.0	0.0	10.644923076923078
2024-02-06 12:34:25.977044	614.2388038635254	19.7	19.8809	19.8016	0.0	0.0	8.31611076923077
2024-02-06 12:34:26.966205	615.2279534339905	19.7	19.9055	19.6424	0.0	0.0	9.96923076923077
2024-02-06 12:34:27.966486	616.2282335758209	19.7	19.8834	19.6894	0.0	0.0	9.57444923076923
2024-02-06 12:34:28.969286	617.2310357093811	19.7	19.8986	19.7855	0.0	0.0	8.437956923076921
2024-02-06 12:34:29.966988	618.2287368774414	19.7	19.8911	19.586	0.0	0.0	10.644923076923078
2024-02-06 12:34:30.967697	619.2294442653656	19.7	19.8709	19.8009	0.0	0.0	8.31611076923077
2024-02-06 12:34:31.967208	620.2289555072784	19.7	19.9121	19.6485	0.0	0.0	9.96923076923077
2024-02-06 12:34:32.967273	621.2290208339691	19.7	19.8838	19.6916	0.0	0.0	9.444627692307693
2024-02-06 12:34:33.968753	622.230500459671	19.7	19.899	19.7907	0.0	0.0	8.437956923076921
2024-02-06 12:34:34.966315	623.228061914444	19.7	19.8945	19.5868	0.0	0.0	10.644923076923078
2024-02-06 12:34:35.966661	624.2284078598022	19.7	19.869	19.8016	0.0	0.0	8.31611076923077
2024-02-06 12:34:36.976112	625.2378604412079	19.7	19.9056	19.6436	0.0	0.0	9.96923076923077
2024-02-06 12:34:37.968092	626.2298390865326	19.7	19.8793	19.6925	0.0	0.0	9.444627692307693
2024-02-06 12:34:38.966628	627.2283747196198	19.7	19.8992	19.788	0.0	0.0	8.437956923076921
2024-02-06 12:34:39.966887	628.2286343574524	19.7	19.8938	19.5856	0.0	0.0	10.644923076923078
2024-02-06 12:34:40.967065	629.228812456131	19.7	19.8812	19.8024	0.0	0.0	8.31611076923077
2024-02-06 12:34:41.966250	630.2279980182648	19.7	19.9084	19.6438	0.0	0.0	9.96923076923077
2024-02-06 12:34:42.966261	631.2280080318451	19.7	19.8793	19.6909	0.0	0.0	9.444627692307693
2024-02-06 12:34:43.966361	632.2281086444855	19.7	19.8906	19.7884	0.0	0.0	8.437956923076921
2024-02-06 12:34:44.967538	633.2292850017548	19.7	19.9008	19.581	0.0	0.0	10.644923076923078
2024-02-06 12:34:45.967322	634.2290694713593	19.7	19.8715	19.7997	0.0	0.0	8.31611076923077
2024-02-06 12:34:46.967606	635.2293531894684	19.7	19.9006	19.6385	0.0	0.0	10.102596923076923
2024-02-06 12:34:47.967564	636.2293112277985	19.7	19.8769	19.6893	0.0	0.0	9.444627692307693
2024-02-06 12:34:48.967594	637.2293412685394	19.7	19.8938	19.7855	0.0	0.0	8.437956923076921
2024-02-06 12:34:49.967554	638.2293012142181	19.7	19.8982	19.5829	0.0	0.0	10.644923076923078
2024-02-06 12:34:50.966019	639.2277662754059	19.7	19.8679	19.7997	0.0	0.0	8.31611076923077
2024-02-06 12:34:51.969670	640.2314286231995	19.7	19.9044	19.6411	0.0	0.0	9.96923076923077
2024-02-06 12:34:52.976093	641.2378401756287	19.7	19.8786	19.6847	0.0	0.0	9.57444923076923
2024-02-06 12:34:53.975822	642.2375707626343	19.7	19.8992	19.7924	0.0	0.0	8.437956923076921
2024-02-06 12:34:54.970058	643.2318136692047	19.7	19.8883	19.5809	0.0	0.0	10.644923076923078
2024-02-06 12:34:55.967791	644.22953748703	19.7	19.8827	19.8027	0.0	0.0	8.31611076923077
2024-02-06 12:34:56.969638	645.2313842773438	19.7	19.9097	19.6459	0.0	0.0	9.96923076923077
2024-02-06 12:34:57.969433	646.2311804294586	19.7	19.8753	19.6926	0.0	0.0	9.444627692307693
2024-02-06 12:34:58.968874	647.2306213378906	19.7	19.9021	19.7922	0.0	0.0	8.437956923076921
2024-02-06 12:34:59.979265	648.2410244941711	19.7	19.8971	19.5914	0.0	0.0	10.644923076923078
2024-02-06 12:35:00.968528	649.2302858829498	19.7	19.8791	19.7989	0.0	0.0	8.31611076923077
2024-02-06 12:35:01.972797	650.2345464229584	19.7	19.9024	19.6418	0.0	0.0	9.96923076923077
2024-02-06 12:35:02.965785	651.2275447845459	19.7	19.8776	19.6878	0.0	0.0	9.57444923076923
2024-02-06 12:35:03.978945	652.2406935691833	19.7	19.8997	19.786	0.0	0.0	8.437956923076921
2024-02-06 12:35:04.968414	653.2301635742188	19.7	19.9	19.5958	0.0	0.0	10.508012307692308
2024-02-06 12:35:05.967424	654.2291831970215	19.7	19.8832	19.8068	0.0	0.0	8.31611076923077
2024-02-06 12:35:06.971180	655.2329287528992	19.7	19.8957	19.6387	0.0	0.0	10.102596923076923
2024-02-06 12:35:07.965742	656.227490901947	19.7	19.8883	19.6952	0.0	0.0	9.444627692307693
2024-02-06 12:35:08.980505	657.2422630786896	19.7	19.907	19.7815	0.0	0.0	8.560689230769231
2024-02-06 12:35:09.966445	658.2281947135925	19.7	19.9026	19.5962	0.0	0.0	10.508012307692308
2024-02-06 12:35:10.965537	659.2272846698761	19.7	19.8829	19.8108	0.0	0.0	8.19515076923077
2024-02-06 12:35:11.969539	660.2312860488892	19.7	19.9126	19.6465	0.0	0.0	9.96923076923077
2024-02-06 12:35:12.965527	661.2272751331329	19.7	19.8818	19.686	0.0	0.0	9.57444923076923
2024-02-06 12:35:13.976597	662.238344669342	19.7	19.9041	19.7828	0.0	0.0	8.437956923076921
2024-02-06 12:35:14.976777	663.2385358810425	19.7	19.8871	19.5875	0.0	0.0	10.644923076923078
2024-02-06 12:35:15.991833	664.2535810470581	19.7	19.8899	19.8146	0.0	0.0	8.19515076923077
2024-02-06 12:35:16.967132	665.2288811206818	19.7	19.9061	19.6461	0.0	0.0	9.96923076923077
2024-02-06 12:35:17.969003	666.2307596206665	19.7	19.8713	19.6954	0.0	0.0	9.444627692307693
2024-02-06 12:35:18.972478	667.2342264652252	19.7	19.9054	19.7753	0.0	0.0	8.560689230769231
2024-02-06 12:35:19.968390	668.2301406860352	19.7	19.897	19.5919	0.0	0.0	10.508012307692308
2024-02-06 12:35:20.965528	669.2272751331329	19.7	19.8886	19.8013	0.0	0.0	8.31611076923077
2024-02-06 12:35:21.965474	670.2272217273712	19.7	19.9016	19.638	0.0	0.0	10.102596923076923
2024-02-06 12:35:22.965983	671.227730512619	19.7	19.8781	19.7052	0.0	0.0	9.315692307692306
2024-02-06 12:35:23.967299	672.2290577888489	19.7	19.8971	19.7788	0.0	0.0	8.560689230769231
2024-02-06 12:35:24.970659	673.232408285141	19.7	19.8902	19.5854	0.0	0.0	10.644923076923078
2024-02-06 12:35:25.967496	674.2292444705963	19.7	19.883	19.8093	0.0	0.0	8.19515076923077
2024-02-06 12:35:26.965589	675.2273359298706	19.7	19.9117	19.6324	0.0	0.0	10.102596923076923
2024-02-06 12:35:27.968641	676.2303891181946	19.7	19.8857	19.7072	0.0	0.0	9.315692307692306
2024-02-06 12:35:28.968107	677.2298541069031	19.7	19.9076	19.781	0.0	0.0	8.560689230769231
2024-02-06 12:35:29.965494	678.2272439002991	19.7	19.8932	19.5909	0.0	0.0	10.508012307692308
2024-02-06 12:35:30.977967	679.2397155761719	19.7	19.881	19.8031	0.0	0.0	8.31611076923077
2024-02-06 12:35:31.965199	680.2269587516785	19.7	19.901	19.6297	0.0	0.0	10.102596923076923
2024-02-06 12:35:32.967988	681.2297353744507	19.7	19.8785	19.7017	0.0	0.0	9.315692307692306
2024-02-06 12:35:33.964839	682.2265963554382	19.7	19.9029	19.7731	0.0	0.0	8.560689230769231
2024-02-06 12:35:34.968407	683.2301542758942	19.7	19.8924	19.595	0.0	0.0	10.508012307692308
2024-02-06 12:35:35.975978	684.2377388477325	19.7	19.8872	19.8222	0.0	0.0	8.075076923076923
2024-02-06 12:35:36.974926	685.2366728782654	19.7	19.9044	19.6329	0.0	0.0	10.102596923076923
2024-02-06 12:35:37.988304	686.2500545978546	19.7	19.8778	19.704	0.0	0.0	9.315692307692306
