# Ic = 3.30 A, n = 22.32 , Tavg = 29.98 K, f23-step11-30k
#datetime                        t_s     iHTS_A                vHTS_V                tHTS_K  tTAR_K
0202-10-31_22:41:10.938000      7106.12        4.92996200e-02        8.43862450e-09  29.9646  29.4974
0202-10-31_22:41:11.160000      7106.34        5.82651900e-02        1.62138450e-09  29.9646  29.4974
0202-10-31_22:41:11.395000      7106.58        1.18381000e-01        3.60535450e-09  29.9868  29.4796
0202-10-31_22:41:11.586000      7106.77        1.74899200e-01        7.01416450e-09  29.9868  29.4796
0202-10-31_22:41:11.777000      7106.96        2.33109400e-01        1.32739945e-08  29.9868  29.4796
0202-10-31_22:41:11.984000      7107.17        2.95783300e-01        1.47614745e-08  29.9868  29.4796
0202-10-31_22:41:12.207000      7107.39        3.54886900e-01        1.33979545e-08  29.9868  29.4796
0202-10-31_22:41:12.406000      7107.59        4.14886900e-01        1.25302545e-08  29.9879  29.5016
0202-10-31_22:41:12.600000      7107.78        4.74023100e-01        7.44801450e-09  29.9879  29.5016
0202-10-31_22:41:12.810000      7107.99        5.27608700e-01        7.26208450e-09  29.9879  29.5016
0202-10-31_22:41:13.004000      7108.19        5.92889200e-01       -1.84875550e-09  29.9879  29.5016
0202-10-31_22:41:13.250000      7108.43        6.57007900e-01       -1.47688550e-09  29.9879  29.5016
0202-10-31_22:41:13.453000      7108.63        7.11785300e-01        6.30384500e-10  29.9358  29.4799
0202-10-31_22:41:13.645000      7108.83        7.70761200e-01        7.26208450e-09  29.9358  29.4799
0202-10-31_22:41:13.836000      7109.02        8.24648100e-01        1.06423450e-09  29.9358  29.4799
0202-10-31_22:41:14.043000      7109.22        8.89628800e-01        5.71261450e-09  29.9358  29.4799
0202-10-31_22:41:14.240000      7109.42        9.49734200e-01        2.79962450e-09  29.9358  29.4799
0202-10-31_22:41:14.430000      7109.61        1.00398300e+00        8.87352450e-09  29.9760  29.4766
0202-10-31_22:41:14.650000      7109.83        1.06856500e+00        6.39438450e-09  29.9760  29.4766
0202-10-31_22:41:14.863000      7110.05        1.12782900e+00        1.26542145e-08  29.9760  29.4766
0202-10-31_22:41:15.062000      7110.25        1.18725900e+00        1.02370445e-08  29.9760  29.4766
0202-10-31_22:41:15.280000      7110.46        1.24778500e+00        9.92715450e-09  29.9760  29.4766
0202-10-31_22:41:15.473000      7110.66        1.30397200e+00        7.13812450e-09  29.9749  29.4968
0202-10-31_22:41:15.668000      7110.85        1.36575400e+00        8.37769450e-09  29.9749  29.4968
0202-10-31_22:41:15.875000      7111.06        1.42507200e+00        4.53502450e-09  29.9749  29.4968
0202-10-31_22:41:16.070000      7111.25        1.48179800e+00        3.66732450e-09  29.9749  29.4968
0202-10-31_22:41:16.260000      7111.45        1.54460000e+00        8.78294500e-10  29.9749  29.4968
0202-10-31_22:41:16.470000      7111.65        1.60412200e+00       -1.60084550e-09  30.0185  29.4778
0202-10-31_22:41:16.660000      7111.84        1.66144000e+00       -2.59249550e-09  30.0185  29.4778
0202-10-31_22:41:16.855000      7112.04        1.71949900e+00       -6.68306550e-09  30.0185  29.4778
0202-10-31_22:41:17.060000      7112.24        1.78250400e+00       -4.01796550e-09  30.0185  29.4778
0202-10-31_22:41:17.258000      7112.44        1.84233200e+00       -4.20385550e-09  30.0185  29.4778
0202-10-31_22:41:17.450000      7112.63        1.89808500e+00        1.74610450e-09  29.9553  29.4923
0202-10-31_22:41:17.652000      7112.84        1.96093400e+00        1.96644500e-10  29.9553  29.4923
0202-10-31_22:41:17.855000      7113.04        2.02098200e+00        1.07045000e-11  29.9553  29.4923
0202-10-31_22:41:18.055000      7113.24        2.07687300e+00       -6.12516550e-09  29.9553  29.4923
0202-10-31_22:41:18.260000      7113.44        2.14015700e+00       -5.62933550e-09  29.9332  29.4819
0202-10-31_22:41:18.473000      7113.65        2.20116600e+00       -8.54232550e-09  29.9332  29.4819
0202-10-31_22:41:18.670000      7113.86        2.25578100e+00       -2.22051550e-09  29.9332  29.4819
0202-10-31_22:41:18.867000      7114.05        2.31856500e+00        1.34664500e-10  29.9332  29.4819
0202-10-31_22:41:19.060000      7114.24        2.37783900e+00        6.30494500e-10  29.9332  29.4819
0202-10-31_22:41:19.254000      7114.44        2.43249100e+00       -1.60073550e-09  29.9533  29.4786
0202-10-31_22:41:19.450000      7114.63        2.49696100e+00       -2.71634550e-09  29.9533  29.4786
0202-10-31_22:41:19.676000      7114.86        2.55895800e+00       -6.71055500e-10  29.9533  29.4786
0202-10-31_22:41:19.880000      7115.06        2.61666800e+00        2.58624500e-10  29.9533  29.4786
0202-10-31_22:41:20.082000      7115.27        2.67602600e+00       -2.65436550e-09  29.9533  29.4786
0202-10-31_22:41:20.290000      7115.47        2.73352900e+00       -3.70800550e-09  29.9859  29.5016
0202-10-31_22:41:20.504000      7115.69        2.79589200e+00       -1.43063255e-08  29.9859  29.5016
0202-10-31_22:41:20.695000      7115.88        2.85286800e+00       -5.69131550e-09  29.9859  29.5016
0202-10-31_22:41:20.902000      7116.08        2.91120400e+00        2.30391450e-09  29.9859  29.5016
0202-10-31_22:41:21.094000      7116.28        2.97357100e+00        1.04850745e-08  29.9859  29.5016
0202-10-31_22:41:21.290000      7116.47        3.03336900e+00        1.27782745e-08  29.9235  29.4655
0202-10-31_22:41:21.492000      7116.68        3.08708600e+00        2.50500245e-08  29.9235  29.4655
0202-10-31_22:41:21.710000      7116.89        3.15238000e+00        4.66805145e-08  29.9235  29.4655
0202-10-31_22:41:21.930000      7117.11        3.21190800e+00        9.30404345e-08  29.9235  29.4655
0202-10-31_22:41:22.137000      7117.32        3.27179200e+00        1.50804405e-07  29.9235  29.4655
0202-10-31_22:41:22.370000      7117.56        3.33319000e+00        2.50899675e-07  29.9130  29.4873
0202-10-31_22:41:22.570000      7117.75        3.39186500e+00        3.46718445e-07  29.9130  29.4873
0202-10-31_22:41:22.766000      7117.95        3.45045400e+00        4.89888785e-07  29.9130  29.4873
0202-10-31_22:41:22.965000      7118.15        3.50474900e+00        7.51871865e-07  29.9130  29.4873
0202-10-31_22:41:23.230000      7118.41        3.56952300e+00        1.03759271e-06  29.9130  29.4873
0202-10-31_22:41:23.434000      7118.62        3.62900000e+00        1.50850532e-06  30.0078  29.4858
0202-10-31_22:41:23.630000      7118.81        3.68907100e+00        2.88678318e-06  30.0078  29.4858
0202-10-31_22:41:23.820000      7119.00        3.74640400e+00        4.25378094e-06  30.0078  29.4858
0202-10-31_22:41:24.020000      7119.20        3.80438000e+00        4.42539940e-06  30.0078  29.4858
0202-10-31_22:41:24.223000      7119.41        3.86841400e+00        7.92228822e-06  30.0078  29.4858
0202-10-31_22:41:24.426000      7119.61        3.92710600e+00        1.01002126e-05  29.9850  29.4807
0202-10-31_22:41:24.630000      7119.81        3.98401800e+00        1.35939404e-05  29.9850  29.4807
0202-10-31_22:41:24.820000      7120.00        4.04614600e+00        1.68273585e-05  29.9850  29.4807
0202-10-31_22:41:25.016000      7120.20        4.10588700e+00        2.24884741e-05  29.9850  29.4807