# Tc = 0.00 K, f34-30e19
#datetime                        t_s     iHTS_A                vHTS_V                tHTS_K  tTAR_K
0202-12-13_02:55:56.523000      211.70        1.51859700e-03       -1.81598050e-08  80.5690  79.7491
0202-12-13_02:55:58.715000      213.90        1.32284100e-03        2.94396850e-08  80.5688  79.7613
0202-12-13_02:56:00.793000      215.97        1.41671200e-03       -3.03383700e-08  80.5257  79.7401
0202-12-13_02:56:02.867000      218.05        1.40001600e-03       -4.95822500e-09  80.6010  79.7739
0202-12-13_02:56:04.957000      220.14        1.23728200e-03        2.20952600e-08  80.6352  79.7942
0202-12-13_02:56:07.055000      222.23        1.33864700e-03        2.71774800e-08  80.6272  79.8201
0202-12-13_02:56:09.170000      224.35        1.48134600e-03       -2.41759500e-09  80.6296  79.8409
0202-12-13_02:56:11.258000      226.44        1.52178800e-03       -1.32943350e-08  80.7330  79.8569
0202-12-13_02:56:13.344000      228.53        1.35245000e-03       -3.37781500e-09  80.6866  79.8821
0202-12-13_02:56:15.430000      230.61        1.57158100e-03        1.85624900e-08  80.7610  79.9172
0202-12-13_02:56:17.547000      232.73        1.79293800e-03       -3.03693500e-09  80.7393  79.9392
0202-12-13_02:56:19.656000      234.84        1.49143800e-03        1.25822350e-08  80.7030  79.9532
0202-12-13_02:56:21.734000      236.92        1.47014100e-03        8.98690000e-10  80.8048  80.0242
0202-12-13_02:56:23.832000      239.01        1.39764100e-03       -3.90463450e-08  80.8027  80.0448
0202-12-13_02:56:25.920000      241.10        1.46635600e-03        3.09864000e-09  80.7734  80.0712
0202-12-13_02:56:28.008000      243.19        1.34451000e-03        5.51297100e-08  80.8410  80.1083
0202-12-13_02:56:30.152000      245.33        1.40320700e-03       -9.54466000e-09  80.7546  80.1081
0202-12-13_02:56:32.234000      247.41        1.20596700e-03       -8.33559500e-09  80.8647  80.1445
0202-12-13_02:56:34.332000      249.51        1.10037100e-03        9.48269000e-09  80.8618  80.1627
0202-12-13_02:56:36.410000      251.59        1.17561600e-03        2.28700100e-08  80.8553  80.1858
0202-12-13_02:56:38.484000      253.67        1.10794000e-03       -3.28485000e-09  80.9305  80.2097
0202-12-13_02:56:40.640000      255.82        1.06927900e-03       -2.66506800e-08  80.8972  80.2412
0202-12-13_02:56:42.730000      257.91        1.17880700e-03       -3.10900000e-11  80.8879  80.2360
0202-12-13_02:56:44.830000      260.01        8.77529800e-04        2.04528400e-08  81.0073  80.2619
0202-12-13_02:56:46.906000      262.09        1.24151100e-03        2.32108750e-08  80.9730  80.2729
0202-12-13_02:56:48.980000      264.16        1.08864700e-03       -8.89314000e-09  80.9945  80.2988
0202-12-13_02:56:51.120000      266.30        1.55896600e-03       -1.45649000e-09  81.0216  80.3239
0202-12-13_02:56:53.227000      268.40        1.16300200e-03       -6.47673500e-09  81.1155  80.3359
0202-12-13_02:56:55.300000      270.48        1.44646900e-03        3.49556800e-08  81.0462  80.3545
0202-12-13_02:56:57.387000      272.57        1.40075800e-03        8.39806500e-09  81.0569  80.3805
0202-12-13_02:56:59.490000      274.67        1.53959800e-03        1.19928100e-08  81.1137  80.3973
0202-12-13_02:57:01.637000      276.82        1.34747800e-03        1.49367800e-08  81.1185  80.4275
0202-12-13_02:57:03.720000      278.90        1.46539100e-03        1.04743400e-08  81.1855  80.4873
0202-12-13_02:57:05.797000      280.98        1.76748500e-03       -1.81596550e-08  81.1977  80.5057
0202-12-13_02:57:07.890000      283.07        1.48987900e-03       -1.85625150e-08  81.2354  80.5327
0202-12-13_02:57:09.970000      285.15        1.45047600e-03       -1.71680050e-08  81.2494  80.5614
0202-12-13_02:57:12.050000      287.23        1.58241500e-03        2.17852250e-08  81.2334  80.5728
0202-12-13_02:57:14.180000      289.36        1.33382400e-03       -1.33253500e-09  81.2273  80.5910
0202-12-13_02:57:16.277000      291.46        1.20975100e-03        2.12275800e-08  81.3234  80.6177
0202-12-13_02:57:18.363000      293.54        1.36068600e-03       -1.25508500e-08  81.2929  80.6377
0202-12-13_02:57:20.450000      295.63        1.05562500e-03       -6.42405350e-08  81.2877  80.6469
0202-12-13_02:57:22.600000      297.78        1.17398400e-03       -1.55875500e-08  81.3432  80.6727
0202-12-13_02:57:24.710000      299.89        1.08783100e-03        3.14231100e-08  81.3339  80.6888
0202-12-13_02:57:26.797000      301.98        1.13769800e-03       -2.80452100e-08  81.3951  80.6832
0202-12-13_02:57:28.887000      304.07        1.24833900e-03       -1.28915000e-08  81.3633  80.6883
0202-12-13_02:57:30.960000      306.14        1.46798900e-03       -1.67651450e-08  81.4530  80.7208
0202-12-13_02:57:33.130000      308.31        1.53781700e-03       -2.52561800e-08  81.3687  80.7292
0202-12-13_02:57:35.215000      310.39        1.71465000e-03        1.92129500e-09  81.4589  80.7440
0202-12-13_02:57:37.290000      312.47        1.20552200e-03       -6.47674000e-09  81.4191  80.7672
0202-12-13_02:57:39.387000      314.57        1.37100100e-03       -1.42240300e-08  81.4895  80.7807
0202-12-13_02:57:41.473000      316.65        1.10452700e-03       -1.46580900e-08  81.4712  80.8131
0202-12-13_02:57:43.613000      318.79        1.32410300e-03       -1.10011550e-08  81.5045  80.8260
0202-12-13_02:57:45.707000      320.89        1.46375900e-03       -1.98020800e-08  81.5446  80.8582
0202-12-13_02:57:47.785000      322.97        1.60193100e-03       -3.85816250e-08  81.5878  80.9220
0202-12-13_02:57:49.863000      325.04        1.35846000e-03        1.16209350e-08  81.5585  80.9222
0202-12-13_02:57:51.950000      327.13        1.47140200e-03       -1.42240300e-08  81.5971  80.9362
0202-12-13_02:57:54.043000      329.22        1.73528000e-03       -5.91582950e-08  81.5860  80.9642
0202-12-13_02:57:56.160000      331.34        1.57402900e-03       -1.06447745e-07  81.6686  80.9776
0202-12-13_02:57:58.240000      333.42        1.75939700e-03       -1.19463245e-07  81.6523  80.9873
0202-12-13_02:58:00.320000      335.50        1.43971600e-03       -1.82433135e-07  81.7201  81.0169
0202-12-13_02:58:02.420000      337.60        1.16277800e-03       -2.26902570e-07  81.7160  81.0233
0202-12-13_02:58:04.504000      339.69        9.84238800e-04       -2.67870030e-07  81.7069  81.0440
0202-12-13_02:58:06.620000      341.80        1.49767200e-03       -3.81755425e-07  81.6982  81.0661
0202-12-13_02:58:08.703000      343.88        1.47043800e-03       -4.11783915e-07  81.7817  81.0660
0202-12-13_02:58:10.810000      345.99        1.49195800e-03       -5.03635625e-07  81.7488  81.0845
0202-12-13_02:58:12.883000      348.06        1.23327500e-03       -5.28799115e-07  81.7485  81.0938
0202-12-13_02:58:14.960000      350.14        1.44795300e-03       -5.69270965e-07  81.7813  81.1198
0202-12-13_02:58:17.035000      352.22        1.15431900e-03       -6.40298690e-07  81.7873  81.1293
0202-12-13_02:58:19.164000      354.34        1.17331600e-03       -7.07049410e-07  81.8051  81.1433
0202-12-13_02:58:21.266000      356.44        1.14482100e-03       -7.82167230e-07  81.8211  81.1689
0202-12-13_02:58:23.340000      358.52        1.42020000e-03       -8.04324420e-07  81.8873  81.1795
0202-12-13_02:58:25.438000      360.62        1.23342300e-03       -8.27163455e-07  81.8582  81.1902
0202-12-13_02:58:27.516000      362.69        1.62968400e-03       -8.99833150e-07  81.8705  81.2116
0202-12-13_02:58:29.660000      364.84        1.53410700e-03       -9.23570760e-07  81.8930  81.2370
0202-12-13_02:58:31.746000      366.93        1.71917700e-03       -9.81706480e-07  81.9488  81.2855
0202-12-13_02:58:33.824000      369.00        1.66344800e-03       -1.00649780e-06  81.9900  81.3141
0202-12-13_02:58:35.910000      371.09        1.72474200e-03       -1.02595909e-06  81.9945  81.3362
0202-12-13_02:58:38.008000      373.19        1.73661500e-03       -1.02896504e-06  82.0694  81.3558
0202-12-13_02:58:40.190000      375.37        1.54479300e-03       -1.07365138e-06  82.0056  81.3620
0202-12-13_02:58:42.277000      377.46        1.39764200e-03       -1.12004219e-06  82.0320  81.3753
0202-12-13_02:58:44.380000      379.56        1.42480100e-03       -1.13082642e-06  82.0558  81.3987
0202-12-13_02:58:46.460000      381.64        1.33449200e-03       -1.12106501e-06  82.0499  81.4215
0202-12-13_02:58:48.633000      383.81        1.33293400e-03       -1.14818055e-06  82.1135  81.4260
0202-12-13_02:58:50.734000      385.91        1.14704700e-03       -1.15580421e-06  82.1362  81.4183
0202-12-13_02:58:52.844000      388.02        1.06772000e-03       -1.19689498e-06  82.1345  81.4379
0202-12-13_02:58:54.918000      390.10        1.02861300e-03       -1.17923114e-06  82.1034  81.4617
0202-12-13_02:58:57.004000      392.18        1.16775000e-03       -1.17724799e-06  82.1276  81.4739
0202-12-13_02:58:59.152000      394.33        1.24195600e-03       -1.18418898e-06  82.0789  81.4917
0202-12-13_02:59:01.242000      396.42        1.49307000e-03       -1.24027936e-06  82.1073  81.5142
0202-12-13_02:59:03.332000      398.51        1.68192500e-03       -1.24158081e-06  82.2348  81.5284
0202-12-13_02:59:05.410000      400.59        1.36736500e-03       -1.19940456e-06  82.2580  81.5269
0202-12-13_02:59:07.508000      402.69        1.51956200e-03       -1.22844140e-06  82.1989  81.5550
0202-12-13_02:59:09.680000      404.86        1.12797600e-03       -1.27926335e-06  82.2209  81.5670
0202-12-13_02:59:11.754000      406.94        1.12063000e-03       -1.27554465e-06  82.3479  81.6408
0202-12-13_02:59:13.836000      409.02        1.39652900e-03       -1.25577349e-06  82.3005  81.6466
0202-12-13_02:59:15.914000      411.09        1.52312400e-03       -1.21223400e-06  82.3630  81.6716
0202-12-13_02:59:18.010000      413.19        1.43800900e-03       -1.21688237e-06  82.3674  81.6942
0202-12-13_02:59:20.190000      415.37        1.45069900e-03       -1.28084427e-06  82.3996  81.6939
0202-12-13_02:59:22.270000      417.45        1.45107000e-03       -1.28099807e-06  82.4081  81.7121
0202-12-13_02:59:24.367000      419.55        1.45819300e-03       -1.23194226e-06  82.4159  81.7275
0202-12-13_02:59:26.450000      421.63        1.49128900e-03       -1.25394303e-06  82.4670  81.7431
0202-12-13_02:59:28.566000      423.75        1.53752000e-03       -1.27572837e-06  82.4305  81.7698
0202-12-13_02:59:30.707000      425.89        1.41537600e-03       -1.29881525e-06  82.4358  81.7830
0202-12-13_02:59:32.790000      427.97        1.36758800e-03       -1.24061789e-06  82.3907  81.7783
0202-12-13_02:59:34.867000      430.05        1.62493500e-03       -1.25809575e-06  82.4439  81.7989
0202-12-13_02:59:36.957000      432.14        1.36461900e-03       -1.29494202e-06  82.4984  81.8117
0202-12-13_02:59:39.035000      434.21        1.22555700e-03       -1.29413557e-06  82.5264  81.8150
0202-12-13_02:59:41.152000      436.33        1.48379500e-03       -1.30650021e-06  82.4672  81.8332
0202-12-13_02:59:43.230000      438.41        1.24692800e-03       -1.26599687e-06  82.4884  81.8617
0202-12-13_02:59:45.316000      440.49        1.09851600e-03       -1.31750274e-06  82.5100  81.8769
0202-12-13_02:59:47.390000      442.57        1.26102700e-03       -1.33594127e-06  82.4967  81.8940
0202-12-13_02:59:49.473000      444.65        1.38769700e-03       -1.31102646e-06  82.5707  81.9156
0202-12-13_02:59:51.610000      446.79        1.14585900e-03       -1.29137952e-06  82.5258  81.9208
0202-12-13_02:59:53.703000      448.88        8.09631100e-04       -1.28124607e-06  82.6147  81.9396
0202-12-13_02:59:55.780000      450.96        1.22622500e-03       -1.30953977e-06  82.6373  81.9857
0202-12-13_02:59:57.880000      453.06        1.34985200e-03       -1.33237878e-06  82.6292  82.0165
0202-12-13_02:59:59.977000      455.16        1.11951700e-03       -1.29305331e-06  82.6815  82.0337
0202-12-13_03:00:02.110000      457.29        1.46747000e-03       -1.30724751e-06  82.7316  82.0538
0202-12-13_03:00:04.188000      459.37        1.51280900e-03       -1.30405562e-06  82.7226  82.0839
0202-12-13_03:00:06.297000      461.48        1.31275000e-03       -1.31657513e-06  82.7559  82.0938
0202-12-13_03:00:08.370000      463.55        1.43660000e-03       -1.28273535e-06  82.7005  82.0937
0202-12-13_03:00:10.470000      465.65        1.42242600e-03       -1.39345970e-06  82.6829  82.1185
0202-12-13_03:00:12.590000      467.77        1.53670400e-03       -1.32243224e-06  82.7377  82.1327
0202-12-13_03:00:14.703000      469.88        9.80083900e-04       -1.30145239e-06  82.9011  82.1394
0202-12-13_03:00:16.777000      471.96        1.16990300e-03       -1.32519010e-06  82.8128  82.1408
0202-12-13_03:00:18.867000      474.05        1.00397800e-03       -1.36405010e-06  82.8504  82.1512
0202-12-13_03:00:20.945000      476.12        1.71279500e-03       -1.34936123e-06  82.7976  82.1673
0202-12-13_03:00:23.030000      478.21        1.48750500e-03       -1.32404320e-06  82.8775  82.2017
0202-12-13_03:00:25.160000      480.34        1.53573900e-03       -1.31443591e-06  82.8578  82.2113
0202-12-13_03:00:27.254000      482.43        1.11974000e-03       -1.28775425e-06  82.9133  82.2425
0202-12-13_03:00:29.350000      484.53        1.71316600e-03       -1.34210957e-06  82.8914  82.2484
0202-12-13_03:00:31.430000      486.61        1.38332000e-03       -1.32692367e-06  82.9429  82.2722
0202-12-13_03:00:33.530000      488.71        1.45841600e-03       -1.37213681e-06  82.9169  82.2830
0202-12-13_03:00:35.676000      490.86        1.56683100e-03       -1.33733665e-06  82.9336  82.2892
0202-12-13_03:00:37.754000      492.93        1.48342300e-03       -1.31046982e-06  82.9799  82.3423
0202-12-13_03:00:39.840000      495.02        1.38250300e-03       -1.30523266e-06  82.9489  82.3585
0202-12-13_03:00:41.930000      497.11        1.53314200e-03       -1.33219432e-06  83.0701  82.3925
0202-12-13_03:00:44.016000      499.20        1.68942000e-03       -1.33529323e-06  83.0209  82.4004
0202-12-13_03:00:46.200000      501.38        1.33590100e-03       -1.34431105e-06  83.0114  82.3990
0202-12-13_03:00:48.293000      503.47        1.33746000e-03       -1.33498351e-06  83.0879  82.4345
0202-12-13_03:00:50.380000      505.56        1.36899800e-03       -1.32181310e-06  83.1295  82.4609
0202-12-13_03:00:52.460000      507.64        1.61551100e-03       -1.36482643e-06  83.0991  82.4641
0202-12-13_03:00:54.560000      509.74        1.31341800e-03       -1.34226512e-06  83.1152  82.4963
0202-12-13_03:00:56.668000      511.85        1.02431100e-03       -1.32909472e-06  83.1117  82.5038
0202-12-13_03:00:58.766000      513.95        1.31994800e-03       -1.33296834e-06  83.1223  82.4985
0202-12-13_03:01:00.848000      516.03        1.17910500e-03       -1.32999330e-06  83.1280  82.4901
0202-12-13_03:01:02.945000      518.13        1.23542700e-03       -1.36863680e-06  83.1705  82.5251
0202-12-13_03:01:05.030000      520.21        1.51585200e-03       -1.32847373e-06  83.0992  82.5362
0202-12-13_03:01:07.200000      522.38        1.61796000e-03       -1.30678133e-06  83.2458  82.5644
0202-12-13_03:01:09.273000      524.45        1.38985000e-03       -1.34015644e-06  83.1910  82.5766
0202-12-13_03:01:11.355000      526.54        1.29568200e-03       -1.33247223e-06  83.1983  82.5925
0202-12-13_03:01:13.450000      528.63        1.23320100e-03       -1.33677973e-06  83.2220  82.6044
0202-12-13_03:01:15.530000      530.71        1.17472600e-03       -1.38992559e-06  83.2295  82.6256
0202-12-13_03:01:17.676000      532.85        1.31594100e-03       -1.31707214e-06  83.2964  82.6380
0202-12-13_03:01:19.754000      534.93        1.28766800e-03       -1.30848814e-06  83.3956  82.7103
0202-12-13_03:01:21.830000      537.01        1.18452200e-03       -1.32175149e-06  83.3317  82.7200
0202-12-13_03:01:23.918000      539.10        1.34977900e-03       -1.36002299e-06  83.3625  82.7262
0202-12-13_03:01:25.992000      541.17        1.26332900e-03       -1.35007546e-06  83.3785  82.7488
0202-12-13_03:01:28.090000      543.27        1.50323700e-03       -1.36931961e-06  83.4209  82.7615
0202-12-13_03:01:30.188000      545.37        1.33367600e-03       -1.32847585e-06  83.3905  82.7862
0202-12-13_03:01:32.273000      547.45        1.30399300e-03       -1.32546993e-06  83.4256  82.8051
0202-12-13_03:01:34.367000      549.55        1.57892700e-03       -1.30665906e-06  83.5178  82.8259
0202-12-13_03:01:36.453000      551.63        1.39385700e-03       -1.34316431e-06  83.5277  82.8487
0202-12-13_03:01:38.590000      553.77        1.08523300e-03       -1.36811070e-06  83.4854  82.8539
0202-12-13_03:01:40.707000      555.89        1.44580100e-03       -1.34462057e-06  83.5518  82.8788
0202-12-13_03:01:42.785000      557.96        1.14749300e-03       -1.37003170e-06  83.4747  82.8763
0202-12-13_03:01:44.860000      560.04        1.21895300e-03       -1.29488297e-06  83.4492  82.8832
0202-12-13_03:01:46.960000      562.14        1.10853400e-03       -1.29829146e-06  83.5099  82.8961
0202-12-13_03:01:49.035000      564.21        1.28826200e-03       -1.31623420e-06  83.5589  82.9183
0202-12-13_03:01:51.156000      566.34        1.61573400e-03       -1.33349571e-06  83.5040  82.9216
0202-12-13_03:01:53.254000      568.43        1.24744900e-03       -1.37821311e-06  83.5749  82.9370
0202-12-13_03:01:55.332000      570.51        1.74893300e-03       -1.36637526e-06  83.6535  82.9636
0202-12-13_03:01:57.426000      572.61        1.49744900e-03       -1.30331161e-06  83.6279  82.9769
0202-12-13_03:01:59.504000      574.68        1.05362200e-03       -1.31229846e-06  83.6179  82.9857
0202-12-13_03:02:01.633000      576.81        1.40127800e-03       -1.36339973e-06  83.6108  83.0038
0202-12-13_03:02:03.727000      578.91        1.15803000e-03       -1.38608337e-06  83.6653  83.0719
0202-12-13_03:02:05.824000      581.00        1.17524600e-03       -1.39885090e-06  83.7500  83.1005
0202-12-13_03:02:07.914000      583.09        1.32447500e-03       -1.38202364e-06  83.6974  83.1003
0202-12-13_03:02:10             585.18        1.52950600e-03       -1.32506650e-06  83.7583  83.1221
0202-12-13_03:02:12.150000      587.33        1.33337900e-03       -1.38816047e-06  83.7980  83.1524
0202-12-13_03:02:14.227000      589.40        1.00598100e-03       -1.35292544e-06  83.8151  83.1499
0202-12-13_03:02:16.320000      591.50        1.04538600e-03       -1.36054878e-06  83.7195  83.1621
0202-12-13_03:02:18.400000      593.58        1.44045900e-03       -1.35940218e-06  83.8232  83.1762
0202-12-13_03:02:20.477000      595.66        1.20611600e-03       -1.35416484e-06  83.8034  83.1993
0202-12-13_03:02:22.670000      597.85        1.45018000e-03       -1.34393841e-06  83.8899  83.2261
0202-12-13_03:02:24.754000      599.93        1.46427900e-03       -1.38738508e-06  83.8712  83.2219
0202-12-13_03:02:26.832000      602.01        1.44936300e-03       -1.35803895e-06  83.8079  83.2344
0202-12-13_03:02:28.930000      604.11        9.16415400e-04       -1.33805093e-06  83.8094  83.2435
0202-12-13_03:02:31.004000      606.19        1.19053300e-03       -1.34300935e-06  83.9082  83.2635
0202-12-13_03:02:33.145000      608.32        8.23806100e-04       -1.32187418e-06  83.8821  83.2753
0202-12-13_03:02:35.230000      610.41        1.17932800e-03       -1.36274889e-06  83.9180  83.2898
0202-12-13_03:02:37.330000      612.51        1.09354600e-03       -1.39311874e-06  83.9045  83.3109
0202-12-13_03:02:39.406000      614.59        1.49900800e-03       -1.36054917e-06  83.8983  83.3246
0202-12-13_03:02:41.480000      616.66        1.26088000e-03       -1.33929060e-06  83.9220  83.3341
0202-12-13_03:02:43.633000      618.81        1.26236500e-03       -1.31031586e-06  84.0002  83.3543
0202-12-13_03:02:45.734000      620.91        9.73926600e-04       -1.32029438e-06  84.0434  83.4229
0202-12-13_03:02:47.820000      623.00        1.10801600e-03       -1.34923845e-06  84.1346  83.4423
0202-12-13_03:02:49.900000      625.08        1.10297000e-03       -1.35493983e-06  84.1010  83.4399
0202-12-13_03:02:51.977000      627.16        1.12871900e-03       -1.36457746e-06  84.1578  83.4662
0202-12-13_03:02:54.130000      629.31        1.09265500e-03       -1.34951684e-06  84.1210  83.4910
0202-12-13_03:02:56.220000      631.40        9.22277200e-04       -1.37071296e-06  84.1720  83.5078
0202-12-13_03:02:58.305000      633.48        1.06697900e-03       -1.33628400e-06  84.1788  83.5177
0202-12-13_03:03:00.387000      635.56        9.53442700e-04       -1.37204551e-06  84.1677  83.5454
0202-12-13_03:03:02.484000      637.66        1.00701900e-03       -1.40517294e-06  84.1716  83.5516
0202-12-13_03:03:04.656000      639.84        1.43622800e-03       -1.41831235e-06  84.1793  83.5731
0202-12-13_03:03:06.740000      641.92        1.21442600e-03       -1.37812028e-06  84.1255  83.5579
0202-12-13_03:03:08.836000      644.02        1.42398500e-03       -1.30721701e-06  84.1259  83.5813
0202-12-13_03:03:10.914000      646.09        1.67450500e-03       -1.31059475e-06  84.1322  83.5885
0202-12-13_03:03:13.004000      648.18        1.40439500e-03       -1.35565337e-06  84.1399  83.5996
0202-12-13_03:03:15.156000      650.34        1.37975800e-03       -1.39200370e-06  84.2038  83.6188
0202-12-13_03:03:17.242000      652.42        1.36573300e-03       -1.35103585e-06  84.2887  83.6289
0202-12-13_03:03:19.332000      654.51        1.32284200e-03       -1.36978480e-06  84.3024  83.6529
0202-12-13_03:03:21.406000      656.59        1.41129500e-03       -1.31577062e-06  84.3454  83.6790
0202-12-13_03:03:23.484000      658.67        1.41181500e-03       -1.35270920e-06  84.2852  83.6798
0202-12-13_03:03:25.640000      660.82        1.46791500e-03       -1.31790798e-06  84.2965  83.6965
0202-12-13_03:03:27.723000      662.90        1.25954300e-03       -1.38431780e-06  84.3650  83.7642
0202-12-13_03:03:29.800000      664.98        1.23513000e-03       -1.39222062e-06  84.4503  83.7859
0202-12-13_03:03:31.887000      667.07        1.45938100e-03       -1.37117895e-06  84.4382  83.8067
0202-12-13_03:03:33.970000      669.15        1.10690200e-03       -1.34496212e-06  84.4052  83.8079
0202-12-13_03:03:36.086000      671.26        1.01718700e-03       -1.31673080e-06  84.4303  83.8394
0202-12-13_03:03:38.200000      673.38        1.02178800e-03       -1.36882363e-06  84.4243  83.8564
0202-12-13_03:03:40.277000      675.46        8.86436400e-04       -1.37347230e-06  84.4892  83.8615
0202-12-13_03:03:42.350000      677.53        1.10356300e-03       -1.33241042e-06  84.5129  83.8803
0202-12-13_03:03:44.453000      679.63        9.09440900e-04       -1.34056058e-06  84.4854  83.8970
0202-12-13_03:03:46.590000      681.77        1.15721500e-03       -1.33854647e-06  84.5260  83.9145
0202-12-13_03:03:48.690000      683.87        8.59426100e-04       -1.43383856e-06  84.5420  83.9374
0202-12-13_03:03:50.770000      685.95        1.06638600e-03       -1.36560038e-06  84.5267  83.9331
0202-12-13_03:03:52.848000      688.03        1.30228700e-03       -1.33185262e-06  84.5044  83.9442
0202-12-13_03:03:54.934000      690.12        9.67320600e-04       -1.31883717e-06  84.5478  83.9591
0202-12-13_03:03:57.010000      692.19        1.08323100e-03       -1.42593579e-06  84.5339  83.9677
0202-12-13_03:03:59.156000      694.33        1.06623700e-03       -1.37753019e-06  84.5506  83.9882
0202-12-13_03:04:01.250000      696.43        1.47199600e-03       -1.33436229e-06  84.6482  84.0214
0202-12-13_03:04:03.324000      698.51        1.29152700e-03       -1.36841917e-06  84.6388  84.0435
0202-12-13_03:04:05.414000      700.59        1.22006600e-03       -1.39147591e-06  84.6359  84.0370
0202-12-13_03:04:07.490000      702.67        1.14096200e-03       -1.33721386e-06  84.6899  84.0557
0202-12-13_03:04:09.656000      704.84        1.04100600e-03       -1.37405997e-06  84.7166  84.0749
0202-12-13_03:04:11.746000      706.92        1.47644800e-03       -1.40991419e-06  84.7203  84.1470
0202-12-13_03:04:13.832000      709.01        1.23379400e-03       -1.32298957e-06  84.8520  84.1568
0202-12-13_03:04:15.914000      711.09        1.18563400e-03       -1.36532028e-06  84.8521  84.1665
0202-12-13_03:04:18.016000      713.19        1.37767900e-03       -1.40390179e-06  84.7418  84.1805
0202-12-13_03:04:20.170000      715.35        1.14378200e-03       -1.35642627e-06  84.7752  84.1928
0202-12-13_03:04:22.270000      717.45        1.15602500e-03       -1.36789336e-06  84.8354  84.2234
0202-12-13_03:04:24.370000      719.55        1.44691400e-03       -1.38450356e-06  84.8375  84.2416
0202-12-13_03:04:26.450000      721.63        1.36180000e-03       -1.42912807e-06  84.8489  84.2524
0202-12-13_03:04:28.540000      723.72        1.24359000e-03       -1.34685138e-06  84.8636  84.2809
0202-12-13_03:04:30.680000      725.86        1.16856800e-03       -1.32900162e-06  84.9691  84.2815
0202-12-13_03:04:32.766000      727.94        1.45492900e-03       -1.41050315e-06  84.8845  84.2718
0202-12-13_03:04:34.850000      730.03        1.39326400e-03       -1.37777859e-06  84.9172  84.2965
0202-12-13_03:04:36.938000      732.12        1.52987700e-03       -1.34294676e-06  84.9759  84.3265
0202-12-13_03:04:39.010000      734.19        1.57432700e-03       -1.35518858e-06  84.9850  84.3421
0202-12-13_03:04:41.180000      736.36        1.37456400e-03       -1.38788219e-06  84.9299  84.3381
0202-12-13_03:04:43.254000      738.43        1.26971000e-03       -1.41440903e-06  85.0031  84.3606
0202-12-13_03:04:45.348000      740.53        1.13020200e-03       -1.33631500e-06  85.0925  84.3811
0202-12-13_03:04:47.426000      742.60        8.64395600e-04       -1.33786446e-06  84.9791  84.3890
0202-12-13_03:04:49.523000      744.70        1.14816000e-03       -1.34316353e-06  84.9795  84.4096
0202-12-13_03:04:51.664000      746.84        1.07365700e-03       -1.36389562e-06  85.0440  84.4300
0202-12-13_03:04:53.746000      748.93        1.10356200e-03       -1.34369067e-06  85.1296  84.4886
0202-12-13_03:04:55.830000      751.01        1.41381800e-03       -1.35958810e-06  85.1225  84.5076
0202-12-13_03:04:57.926000      753.11        1.31905700e-03       -1.36082759e-06  85.1263  84.5129
0202-12-13_03:05:00.004000      755.19        1.30020900e-03       -1.38366661e-06  85.2335  84.5362
0202-12-13_03:05:02.145000      757.32        1.31764700e-03       -1.40315810e-06  85.1043  84.5480
0202-12-13_03:05:04.234000      759.41        1.08783100e-03       -1.31759704e-06  85.1657  84.5606
0202-12-13_03:05:06.320000      761.50        1.47296100e-03       -1.34589011e-06  85.2327  84.5958
0202-12-13_03:05:08.410000      763.59        1.32751700e-03       -1.38843860e-06  85.1843  84.6094
0202-12-13_03:05:10.496000      765.68        1.29145200e-03       -1.38047438e-06  85.2105  84.6331
0202-12-13_03:05:12.650000      767.83        1.41018200e-03       -1.34867928e-06  85.2533  84.6364
0202-12-13_03:05:14.730000      769.91        1.60675500e-03       -1.34489958e-06  85.3081  84.6188
0202-12-13_03:05:16.805000      771.99        1.32306400e-03       -1.43380755e-06  85.2603  84.6476
0202-12-13_03:05:18.883000      774.06        1.42457800e-03       -1.38366703e-06  85.2331  84.6715
0202-12-13_03:05:20.970000      776.15        1.38257700e-03       -1.31561496e-06  85.2677  84.6801
0202-12-13_03:05:23.074000      778.26        1.04078400e-03       -1.34180082e-06  85.2964  84.6838
0202-12-13_03:05:25.195000      780.38        1.37790300e-03       -1.41524525e-06  85.2480  84.7094
0202-12-13_03:05:27.285000      782.46        1.20886100e-03       -1.38022747e-06  85.3237  84.7259
0202-12-13_03:05:29.370000      784.55        1.31571800e-03       -1.33563403e-06  85.3252  84.7251
0202-12-13_03:05:31.450000      786.63        1.43556100e-03       -1.35212079e-06  85.4346  84.7571
0202-12-13_03:05:33.598000      788.78        1.05926200e-03       -1.39290258e-06  85.3800  84.7827
0202-12-13_03:05:35.720000      790.90        1.18867700e-03       -1.38174688e-06  85.3901  84.8035
0202-12-13_03:05:37.797000      792.98        1.35155900e-03       -1.34725369e-06  85.4115  84.8534
0202-12-13_03:05:39.895000      795.07        1.34733000e-03       -1.35097239e-06  85.5000  84.8664
0202-12-13_03:05:41.980000      797.16        1.15372500e-03       -1.37278900e-06  85.4790  84.8871
0202-12-13_03:05:44.090000      799.27        1.08115100e-03       -1.44217272e-06  85.5210  84.9043
0202-12-13_03:05:46.180000      801.36        1.05777700e-03       -1.41412755e-06  85.5552  84.9114
0202-12-13_03:05:48.277000      803.46        9.94775800e-04       -1.36606313e-06  85.5489  84.9318
0202-12-13_03:05:50.363000      805.54        9.61976300e-04       -1.33990826e-06  85.5577  84.9575
0202-12-13_03:05:52.445000      807.63        7.71488700e-04       -1.36720969e-06  85.6184  84.9768
0202-12-13_03:05:54.523000      809.70        8.16754600e-04       -1.42382642e-06  85.5787  84.9880
0202-12-13_03:05:56.688000      811.87        7.54050800e-04       -1.42283477e-06  85.6609  85.0134
0202-12-13_03:05:58.766000      813.94        8.05624000e-04       -1.36026754e-06  85.5485  85.0054
0202-12-13_03:06:00.844000      816.02        1.19416800e-03       -1.33024014e-06  85.5987  85.0156
0202-12-13_03:06:02.938000      818.12        1.38116800e-03       -1.33857622e-06  85.6394  85.0242
0202-12-13_03:06:05.023000      820.20        1.71598600e-03       -1.39398478e-06  85.6460  85.0461
0202-12-13_03:06:07.168000      822.35        1.26080600e-03       -1.39934602e-06  85.6560  85.0591
0202-12-13_03:06:09.254000      824.43        1.16522900e-03       -1.33987784e-06  85.7002  85.0720
0202-12-13_03:06:11.330000      826.51        1.38287500e-03       -1.37170354e-06  85.5944  85.0847
0202-12-13_03:06:13.430000      828.61        1.41871700e-03       -1.37312895e-06  85.7574  85.1125
0202-12-13_03:06:15.523000      830.70        1.18660000e-03       -1.36751992e-06  85.6782  85.1332
0202-12-13_03:06:17.664000      832.84        1.65268800e-03       -1.42797998e-06  85.7268  85.1581
0202-12-13_03:06:19.750000      834.93        1.49314500e-03       -1.41849730e-06  85.7673  85.2054
0202-12-13_03:06:21.840000      837.02        1.14103700e-03       -1.37291206e-06  85.8017  85.2244
0202-12-13_03:06:23.918000      839.10        1.18711900e-03       -1.36429814e-06  85.8674  85.2239
0202-12-13_03:06:26.016000      841.19        1.27683400e-03       -1.41955183e-06  85.8787  85.2439
0202-12-13_03:06:28.160000      843.34        1.26740900e-03       -1.43625521e-06  85.8770  85.2821
0202-12-13_03:06:30.266000      845.45        1.17457800e-03       -1.30173020e-06  85.9761  85.2933
0202-12-13_03:06:32.344000      847.52        1.28610900e-03       -1.38093846e-06  85.9694  85.3068
0202-12-13_03:06:34.418000      849.60        1.13138900e-03       -1.46188210e-06  85.9247  85.3303
0202-12-13_03:06:36.504000      851.68        1.35081700e-03       -1.41487154e-06  85.9220  85.3381
0202-12-13_03:06:38.610000      853.79        1.26191800e-03       -1.36237593e-06  85.9105  85.3437
0202-12-13_03:06:40.720000      855.90        1.35096500e-03       -1.38481138e-06  85.9262  85.3277
0202-12-13_03:06:42.805000      857.98        9.68655300e-04       -1.42577902e-06  85.9887  85.3565
0202-12-13_03:06:44.890000      860.07        1.56208200e-03       -1.40148366e-06  85.9450  85.3792
0202-12-13_03:06:46.973000      862.15        1.42435600e-03       -1.36200239e-06  85.9624  85.4059
0202-12-13_03:06:49.130000      864.31        1.50056500e-03       -1.32394777e-06  86.0714  85.4083
0202-12-13_03:06:51.207000      866.39        1.40513600e-03       -1.40644042e-06  86.0597  85.4305
0202-12-13_03:06:53.293000      868.47        1.20032700e-03       -1.39138120e-06  86.0734  85.4484
0202-12-13_03:06:55.395000      870.57        1.15632300e-03       -1.36838725e-06  85.9990  85.4482
0202-12-13_03:06:57.477000      872.66        9.63981700e-04       -1.37328373e-06  86.0711  85.4778
0202-12-13_03:06:59.630000      874.81        1.23075200e-03       -1.34204731e-06  86.0863  85.4958
0202-12-13_03:07:01.720000      876.90        1.45982700e-03       -1.42199933e-06  86.1386  85.5657
0202-12-13_03:07:03.812000      878.99        1.32929800e-03       -1.38394521e-06  86.2217  85.5724
0202-12-13_03:07:05.906000      881.09        1.16545100e-03       -1.40582356e-06  86.2364  85.5824
0202-12-13_03:07:07.996000      883.17        1.12330200e-03       -1.34750199e-06  86.1480  85.6063
0202-12-13_03:07:10.130000      885.31        1.29620200e-03       -1.40631914e-06  86.1794  85.6203
0202-12-13_03:07:12.230000      887.41        1.24915500e-03       -1.42128690e-06  86.2262  85.6408
0202-12-13_03:07:14.305000      889.48        1.32959400e-03       -1.40789948e-06  86.2955  85.6576
0202-12-13_03:07:16.390000      891.57        1.35475000e-03       -1.36739708e-06  86.2411  85.6736
0202-12-13_03:07:18.480000      893.66        1.46887900e-03       -1.38000967e-06  86.3179  85.6864
0202-12-13_03:07:20.598000      895.78        1.36936900e-03       -1.38375931e-06  86.2982  85.7082
0202-12-13_03:07:22.700000      897.88        1.34955600e-03       -1.39330274e-06  86.2658  85.7023
0202-12-13_03:07:24.790000      899.97        1.46138500e-03       -1.35763424e-06  86.2264  85.7269
0202-12-13_03:07:26.867000      902.05        1.14949700e-03       -1.36203473e-06  86.2843  85.7313
0202-12-13_03:07:29.010000      904.19        1.31156300e-03       -1.34238762e-06  86.3520  85.7662
0202-12-13_03:07:31.160000      906.34        1.33486400e-03       -1.47688038e-06  86.3968  85.7659
0202-12-13_03:07:33.242000      908.42        1.29909600e-03       -1.36200489e-06  86.3680  85.7855
0202-12-13_03:07:35.340000      910.52        1.39971900e-03       -1.39965672e-06  86.3844  85.8002
0202-12-13_03:07:37.438000      912.62        1.49129000e-03       -1.36268656e-06  86.4469  85.8282
0202-12-13_03:07:39.520000      914.70        1.18444700e-03       -1.39866538e-06  86.4134  85.8364
0202-12-13_03:07:41.676000      916.85        1.43400300e-03       -1.37638417e-06  86.4786  85.8483
0202-12-13_03:07:43.754000      918.94        1.36714300e-03       -1.38989559e-06  86.4083  85.8856
0202-12-13_03:07:45.844000      921.02        1.22889700e-03       -1.40092827e-06  86.5093  85.9251
0202-12-13_03:07:47.926000      923.11        1.49284800e-03       -1.38654930e-06  86.4794  85.9270
0202-12-13_03:07:50.004000      925.18        1.43133100e-03       -1.37248038e-06  86.5400  85.9275
0202-12-13_03:07:52.164000      927.34        1.63918300e-03       -1.42175320e-06  86.5998  85.9627
0202-12-13_03:07:54.242000      929.42        1.31527200e-03       -1.43241355e-06  86.6127  85.9979
0202-12-13_03:07:56.316000      931.50        1.07068900e-03       -1.39705373e-06  86.6310  85.9732
0202-12-13_03:07:58.406000      933.59        1.09495400e-03       -1.41691778e-06  86.6750  86.0087
0202-12-13_03:08:00.484000      935.66        1.60742200e-03       -1.36042443e-06  86.5635  86.0052
0202-12-13_03:08:02.680000      937.86        1.45789700e-03       -1.34087072e-06  86.6028  86.0195
0202-12-13_03:08:04.754000      939.93        9.12851900e-04       -1.34936175e-06  86.6908  86.0597
0202-12-13_03:08:06.850000      942.03        1.23980500e-03       -1.39658925e-06  86.6399  86.0707
0202-12-13_03:08:08.930000      944.11        1.30495800e-03       -1.42041985e-06  86.6883  86.0957
0202-12-13_03:08:11.004000      946.19        1.09406500e-03       -1.41304443e-06  86.7212  86.1232
0202-12-13_03:08:13.120000      948.30        1.39437700e-03       -1.40731168e-06  86.7867  86.1247
0202-12-13_03:08:15.240000      950.42        1.07937200e-03       -1.36429871e-06  86.7140  86.1609
0202-12-13_03:08:17.344000      952.53        1.51473900e-03       -1.38878007e-06  86.7594  86.1417
0202-12-13_03:08:19.430000      954.61        1.43793600e-03       -1.38890503e-06  86.7679  86.1745
0202-12-13_03:08:21.527000      956.71        1.27045200e-03       -1.42218743e-06  86.7474  86.1997
0202-12-13_03:08:23.668000      958.85        1.56334400e-03       -1.40356299e-06  86.7395  86.1951
0202-12-13_03:08:25.760000      960.94        1.68652600e-03       -1.41561745e-06  86.8454  86.2268
0202-12-13_03:08:27.836000      963.02        1.43185100e-03       -1.37251149e-06  86.9128  86.2683
0202-12-13_03:08:29.926000      965.11        1.35719900e-03       -1.42283794e-06  86.9044  86.2661
0202-12-13_03:08:32.004000      967.18        1.31319500e-03       -1.41013238e-06  86.8737  86.2708
0202-12-13_03:08:34.152000      969.33        1.07751600e-03       -1.40356267e-06  86.9414  86.3019
0202-12-13_03:08:36.242000      971.42        1.05265700e-03       -1.36442339e-06  86.9008  86.3082
0202-12-13_03:08:38.340000      973.52        1.10207800e-03       -1.38949365e-06  86.9209  86.3473
0202-12-13_03:08:40.420000      975.60        1.01585100e-03       -1.43954125e-06  86.9790  86.3594
0202-12-13_03:08:42.500000      977.68        1.23149400e-03       -1.35311132e-06  86.9896  86.3671
0202-12-13_03:08:44.625000      979.81        1.29538500e-03       -1.40154740e-06  86.9583  86.3708
0202-12-13_03:08:46.723000      981.90        1.14318800e-03       -1.48156176e-06  86.9833  86.4237
0202-12-13_03:08:48.820000      984.00        8.50741800e-04       -1.40352947e-06  87.0045  86.4464
0202-12-13_03:08:50.902000      986.08        1.10341400e-03       -1.36414225e-06  87.0322  86.4497
0202-12-13_03:08:52.980000      988.16        1.22971300e-03       -1.44849480e-06  87.1515  86.4581
0202-12-13_03:08:55.152000      990.33        1.27282600e-03       -1.38862311e-06  87.0230  86.4776
0202-12-13_03:08:57.270000      992.45        1.39489600e-03       -1.36717863e-06  87.0816  86.5019
0202-12-13_03:08:59.348000      994.53        1.44550400e-03       -1.45196414e-06  87.0720  86.5270
0202-12-13_03:09:01.440000      996.62        1.34836800e-03       -1.42082007e-06  87.2515  86.5247
0202-12-13_03:09:03.527000      998.71        1.47934200e-03       -1.37560693e-06  87.1269  86.5300
0202-12-13_03:09:05.684000      1000.86        1.07788700e-03       -1.43535438e-06  87.0936  86.5460
0202-12-13_03:09:07.760000      1002.94        1.41315100e-03       -1.40836285e-06  87.2203  86.6121
0202-12-13_03:09:09.836000      1005.02        1.22028900e-03       -1.40814573e-06  87.2003  86.6016
0202-12-13_03:09:11.914000      1007.09        1.25598200e-03       -1.38490475e-06  87.2387  86.6034
0202-12-13_03:09:14.016000      1009.20        1.14897700e-03       -1.43581991e-06  87.2272  86.6354
0202-12-13_03:09:16.150000      1011.33        1.08315500e-03       -1.37315969e-06  87.1987  86.6470
0202-12-13_03:09:18.234000      1013.41        1.32076400e-03       -1.40145405e-06  87.2648  86.6828
0202-12-13_03:09:20.320000      1015.50        1.46628200e-03       -1.44263865e-06  87.3786  86.6954
0202-12-13_03:09:22.395000      1017.58        1.41559900e-03       -1.39088756e-06  87.4053  86.6976
0202-12-13_03:09:24.480000      1019.66        1.35467500e-03       -1.33817509e-06  87.2980  86.7052
0202-12-13_03:09:26.640000      1021.82        1.09057400e-03       -1.48407218e-06  87.3432  86.7432
0202-12-13_03:09:28.746000      1023.92        1.45470500e-03       -1.40359298e-06  87.2484  86.7738
0202-12-13_03:09:30.844000      1026.02        1.40565500e-03       -1.38171463e-06  87.4303  86.7833
0202-12-13_03:09:32.920000      1028.10        1.24188100e-03       -1.37663213e-06  87.3842  86.7851
0202-12-13_03:09:34.996000      1030.18        1.06400900e-03       -1.40192041e-06  87.4247  86.8023
0202-12-13_03:09:37.133000      1032.31        1.42480000e-03       -1.41977019e-06  87.3814  86.8210
0202-12-13_03:09:39.227000      1034.41        1.38814200e-03       -1.36290532e-06  87.4679  86.8427
0202-12-13_03:09:41.312000      1036.49        9.24501400e-04       -1.37340947e-06  87.3543  86.8522
0202-12-13_03:09:43.400000      1038.58        1.09859000e-03       -1.47530190e-06  87.4249  86.8877
0202-12-13_03:09:45.484000      1040.66        1.31015200e-03       -1.46650027e-06  87.5080  86.8968
0202-12-13_03:09:47.617000      1042.80        1.40966200e-03       -1.41273383e-06  87.5647  86.9085
0202-12-13_03:09:49.715000      1044.90        1.24670500e-03       -1.40046211e-06  87.5873  86.9377
0202-12-13_03:09:51.793000      1046.97        1.24678000e-03       -1.39943946e-06  87.5402  86.9379
0202-12-13_03:09:53.890000      1049.07        1.42420700e-03       -1.40495554e-06  87.6828  86.9730
0202-12-13_03:09:55.977000      1051.16        1.41263100e-03       -1.38688901e-06  87.6314  87.0018
0202-12-13_03:09:58.125000      1053.31        1.02512600e-03       -1.34189182e-06  87.5976  87.0222
0202-12-13_03:10:00.207000      1055.39        1.08538200e-03       -1.47071369e-06  87.7000  87.0228
0202-12-13_03:10:02.312000      1057.49        1.49069600e-03       -1.40876626e-06  87.6748  87.0387
0202-12-13_03:10:04.400000      1059.58        1.01599900e-03       -1.38224014e-06  87.6451  87.0382
0202-12-13_03:10:06.484000      1061.67        1.30659100e-03       -1.39609230e-06  87.6830  87.0738
0202-12-13_03:10:08.637000      1063.82        1.15743600e-03       -1.49637364e-06  87.7648  87.0969
0202-12-13_03:10:10.730000      1065.91        1.05792600e-03       -1.38970922e-06  87.7622  87.1161
0202-12-13_03:10:12.810000      1067.99        1.05406700e-03       -1.37737553e-06  87.7012  87.1193
0202-12-13_03:10:14.900000      1070.08        8.19426900e-04       -1.47712947e-06  87.7262  87.1302
0202-12-13_03:10:16.973000      1072.15        1.26911600e-03       -1.45763729e-06  87.7585  87.1494
0202-12-13_03:10:19.098000      1074.28        1.30117300e-03       -1.34805951e-06  87.8293  87.1940
0202-12-13_03:10:21.203000      1076.38        1.35371100e-03       -1.42190722e-06  87.7146  87.2015
0202-12-13_03:10:23.290000      1078.47        1.26318000e-03       -1.41437685e-06  87.8425  87.2123
0202-12-13_03:10:25.387000      1080.57        1.31646000e-03       -1.40774507e-06  87.7579  87.2256
0202-12-13_03:10:27.490000      1082.67        1.38413600e-03       -1.39971933e-06  87.8384  87.2405
0202-12-13_03:10:29.640000      1084.82        1.30725800e-03       -1.47142829e-06  87.9036  87.2700
0202-12-13_03:10:31.740000      1086.92        1.32610700e-03       -1.40480104e-06  87.8771  87.2818
0202-12-13_03:10:33.840000      1089.02        1.19461400e-03       -1.37709655e-06  87.9094  87.2959
0202-12-13_03:10:35.914000      1091.09        1.09636500e-03       -1.42887944e-06  87.8536  87.3096
0202-12-13_03:10:38             1093.18        1.07046800e-03       -1.43448881e-06  87.9719  87.3380
0202-12-13_03:10:40.105000      1095.29        1.74715300e-03       -1.38363557e-06  88.0232  87.3689
0202-12-13_03:10:42.195000      1097.38        1.68133200e-03       -1.43334245e-06  88.0066  87.3823
0202-12-13_03:10:44.273000      1099.45        1.42391100e-03       -1.45822539e-06  88.0238  87.3964
0202-12-13_03:10:46.370000      1101.55        1.42109100e-03       -1.38041164e-06  88.0557  87.3956
0202-12-13_03:10:48.450000      1103.63        1.48231100e-03       -1.42392060e-06  88.0948  87.4202
0202-12-13_03:10:50.523000      1105.70        1.22147600e-03       -1.44672783e-06  88.0451  87.4432
0202-12-13_03:10:52.656000      1107.84        1.32647800e-03       -1.42466356e-06  88.0435  87.4612
0202-12-13_03:10:54.746000      1109.93        1.24455500e-03       -1.41669909e-06  87.9909  87.4814
0202-12-13_03:10:56.832000      1112.01        1.21606000e-03       -1.46739704e-06  88.0174  87.4820
0202-12-13_03:10:58.934000      1114.11        1.10482500e-03       -1.40018163e-06  88.0756  87.5175
0202-12-13_03:11:01.008000      1116.19        1.01295700e-03       -1.37517350e-06  88.1471  87.5383
0202-12-13_03:11:03.117000      1118.30        1.25887600e-03       -1.49658889e-06  88.1895  87.5488
0202-12-13_03:11:05.200000      1120.38        1.36053900e-03       -1.37036986e-06  88.0770  87.5371
0202-12-13_03:11:07.297000      1122.48        1.27713100e-03       -1.40786907e-06  88.1788  87.5716
0202-12-13_03:11:09.395000      1124.57        1.17250100e-03       -1.46476519e-06  88.2366  87.6043
0202-12-13_03:11:11.480000      1126.66        1.21375900e-03       -1.36817158e-06  88.1578  87.6084
0202-12-13_03:11:13.637000      1128.81        1.16604400e-03       -1.48261625e-06  88.2200  87.6175
0202-12-13_03:11:15.720000      1130.90        1.61721700e-03       -1.43926237e-06  88.2817  87.6738
0202-12-13_03:11:17.816000      1133.00        1.32684900e-03       -1.41465718e-06  88.3606  87.6742
0202-12-13_03:11:19.900000      1135.08        1.12990600e-03       -1.51084844e-06  88.2782  87.6701
0202-12-13_03:11:21.996000      1137.18        1.54850300e-03       -1.38689156e-06  88.3153  87.6883
0202-12-13_03:11:24.133000      1139.31        1.35883200e-03       -1.41378949e-06  88.2680  87.7300
0202-12-13_03:11:26.234000      1141.41        1.36039000e-03       -1.47998243e-06  88.4191  87.7462
0202-12-13_03:11:28.312000      1143.49        1.30169300e-03       -1.42221858e-06  88.3656  87.7374
0202-12-13_03:11:30.387000      1145.57        1.50709600e-03       -1.44666881e-06  88.3978  87.7723
0202-12-13_03:11:32.480000      1147.66        1.40083200e-03       -1.42150558e-06  88.3504  87.7861
0202-12-13_03:11:34.630000      1149.81        1.82722100e-03       -1.37077640e-06  88.3421  87.8004
0202-12-13_03:11:36.720000      1151.90        1.46361100e-03       -1.40731207e-06  88.3714  87.8279
0202-12-13_03:11:38.820000      1154.00        1.03640600e-03       -1.39956477e-06  88.3956  87.8451
0202-12-13_03:11:40.906000      1156.09        1.29508900e-03       -1.47635587e-06  88.4894  87.8534
0202-12-13_03:11:42.992000      1158.17        1.16730600e-03       -1.44378591e-06  88.4871  87.8747
0202-12-13_03:11:45.090000      1160.27        1.22429700e-03       -1.39978128e-06  88.4743  87.8999
0202-12-13_03:11:47.207000      1162.39        1.14393100e-03       -1.47183285e-06  88.5240  87.9205
0202-12-13_03:11:49.305000      1164.48        1.29560900e-03       -1.44068869e-06  88.4878  87.9355
0202-12-13_03:11:51.383000      1166.56        1.48513100e-03       -1.42438841e-06  88.4527  87.9363
0202-12-13_03:11:53.470000      1168.65        1.13636300e-03       -1.47496191e-06  88.5652  87.9760
0202-12-13_03:11:55.555000      1170.74        1.26281000e-03       -1.39299548e-06  88.5962  87.9827
0202-12-13_03:11:57.664000      1172.84        1.04345700e-03       -1.40588716e-06  88.5259  87.9819
0202-12-13_03:11:59.754000      1174.93        1.33879700e-03       -1.46987891e-06  88.7024  88.0306
0202-12-13_03:12:01.836000      1177.02        1.20700700e-03       -1.37489707e-06  88.6656  88.0485
0202-12-13_03:12:03.914000      1179.09        1.17220400e-03       -1.41856082e-06  88.6164  88.0426
0202-12-13_03:12:05.992000      1181.17        1.26266100e-03       -1.44322832e-06  88.7352  88.0726
0202-12-13_03:12:08.120000      1183.30        1.10178300e-03       -1.34207962e-06  88.6663  88.0911
0202-12-13_03:12:10.210000      1185.39        1.29494100e-03       -1.46572534e-06  88.7251  88.1255
0202-12-13_03:12:12.290000      1187.47        1.08159900e-03       -1.38639309e-06  88.8116  88.1166
0202-12-13_03:12:14.375000      1189.56        1.13532400e-03       -1.35995933e-06  88.7250  88.1238
0202-12-13_03:12:16.465000      1191.65        1.15372700e-03       -1.44220397e-06  88.7595  88.1627
0202-12-13_03:12:18.620000      1193.80        1.34562400e-03       -1.40163917e-06  88.7699  88.1795
0202-12-13_03:12:20.707000      1195.89        1.47741400e-03       -1.36029961e-06  88.7972  88.1890
0202-12-13_03:12:22.810000      1197.99        1.33441800e-03       -1.44914565e-06  88.7333  88.2034
0202-12-13_03:12:24.906000      1200.08        1.84295300e-03       -1.33901021e-06  88.8632  88.2352
0202-12-13_03:12:26.996000      1202.17        1.15654600e-03       -1.39984189e-06  88.8625  88.2415
0202-12-13_03:12:29.090000      1204.27        1.10029700e-03       -1.35679810e-06  88.8036  88.2522
0202-12-13_03:12:31.220000      1206.40        7.95532800e-04       -1.27886038e-06  88.8950  88.2745
0202-12-13_03:12:33.297000      1208.48        1.34562300e-03       -1.36228349e-06  88.8904  88.3086
0202-12-13_03:12:35.395000      1210.57        1.33471500e-03       -1.34232646e-06  88.9086  88.3006
0202-12-13_03:12:37.473000      1212.65        1.22526000e-03       -1.31081049e-06  88.8856  88.3139
0202-12-13_03:12:39.586000      1214.77        1.13702900e-03       -1.36609580e-06  88.8868  88.3421
0202-12-13_03:12:41.700000      1216.88        1.13101900e-03       -1.33222464e-06  88.9260  88.3815
0202-12-13_03:12:43.777000      1218.96        1.14675000e-03       -1.29429386e-06  88.9616  88.3826
0202-12-13_03:12:45.850000      1221.03        1.09740300e-03       -1.36572404e-06  89.0548  88.3962
0202-12-13_03:12:47.950000      1223.13        8.85098400e-04       -1.29107111e-06  89.0387  88.4344
0202-12-13_03:12:50.040000      1225.22        1.11981300e-03       -1.33281375e-06  89.0892  88.4441
0202-12-13_03:12:52.160000      1227.34        7.52121100e-04       -1.39032883e-06  89.1066  88.4513
0202-12-13_03:12:54.250000      1229.43        1.02445800e-03       -1.33603582e-06  89.1471  88.4677
0202-12-13_03:12:56.348000      1231.53        9.44539000e-04       -1.36894647e-06  89.0802  88.4969
0202-12-13_03:12:58.420000      1233.60        8.92001300e-04       -1.38834575e-06  89.1482  88.5178
0202-12-13_03:13:00.510000      1235.69        1.15469100e-03       -1.33743054e-06  89.1363  88.5208
0202-12-13_03:13:02.640000      1237.82        1.55874400e-03       -1.45890822e-06  89.1280  88.5249
0202-12-13_03:13:04.750000      1239.93        1.35208000e-03       -1.36479411e-06  89.0740  88.5663
0202-12-13_03:13:06.844000      1242.02        1.28306800e-03       -1.37846021e-06  89.1247  88.5776
0202-12-13_03:13:08.934000      1244.11        1.45515200e-03       -1.45847501e-06  89.1527  88.5862
0202-12-13_03:13:11.030000      1246.21        1.39883000e-03       -1.33994137e-06  89.1807  88.6157
0202-12-13_03:13:13.140000      1248.32        1.45953000e-03       -1.43665865e-06  89.2374  88.6364
0202-12-13_03:13:15.223000      1250.40        1.59888900e-03       -1.38552635e-06  89.1262  88.6340
0202-12-13_03:13:17.300000      1252.48        1.59666300e-03       -1.35735718e-06  89.2913  88.6559
0202-12-13_03:13:19.375000      1254.56        1.39630600e-03       -1.43346637e-06  89.2323  88.6943
0202-12-13_03:13:21.460000      1256.64        1.62196700e-03       -1.43073904e-06  89.3002  88.6988
0202-12-13_03:13:23.600000      1258.78        1.53685200e-03       -1.38797398e-06  89.2837  88.7032
0202-12-13_03:13:25.720000      1260.90        1.20188600e-03       -1.44700729e-06  89.3592  88.7138
0202-12-13_03:13:27.793000      1262.97        8.97714400e-04       -1.41236142e-06  89.3378  88.7753
0202-12-13_03:13:29.870000      1265.05        1.10445300e-03       -1.37492653e-06  89.3052  88.7809
0202-12-13_03:13:31.970000      1267.15        1.46880500e-03       -1.37399681e-06  89.4149  88.7864
0202-12-13_03:13:34.080000      1269.26        1.16574800e-03       -1.42528385e-06  89.4339  88.8029
0202-12-13_03:13:36.200000      1271.38        1.27972800e-03       -1.46268780e-06  89.3948  88.7938
0202-12-13_03:13:38.273000      1273.45        1.31557000e-03       -1.39590590e-06  89.4536  88.8259
0202-12-13_03:13:40.370000      1275.55        1.24722600e-03       -1.37597988e-06  89.4277  88.8499
0202-12-13_03:13:42.457000      1277.64        1.01911700e-03       -1.41604900e-06  89.5910  88.8721
0202-12-13_03:13:44.547000      1279.73        1.17598900e-03       -1.40916967e-06  89.4484  88.8901
0202-12-13_03:13:46.688000      1281.87        1.55065500e-03       -1.45528153e-06  89.5051  88.9177
0202-12-13_03:13:48.773000      1283.95        1.53269700e-03       -1.43005622e-06  89.4887  88.9299
0202-12-13_03:13:50.870000      1286.05        1.03403300e-03       -1.41921002e-06  89.5119  88.9514
0202-12-13_03:13:52.950000      1288.13        1.01585200e-03       -1.40371535e-06  89.5545  88.9549
0202-12-13_03:13:55.027000      1290.21        1.29442100e-03       -1.38930613e-06  89.5951  88.9758
0202-12-13_03:13:57.150000      1292.33        9.94925400e-04       -1.39122746e-06  89.5849  88.9969
0202-12-13_03:13:59.254000      1294.43        1.09391600e-03       -1.42894091e-06  89.6313  89.0033
0202-12-13_03:14:01.350000      1296.53        1.01510900e-03       -1.43919985e-06  89.5986  89.0260
0202-12-13_03:14:03.438000      1298.62        9.17676200e-04       -1.39482333e-06  89.5886  89.0339
0202-12-13_03:14:05.523000      1300.70        1.04597800e-03       -1.40250873e-06  89.6269  89.0484
0202-12-13_03:14:07.637000      1302.81        1.07729300e-03       -1.38134358e-06  89.6064  89.0598
0202-12-13_03:14:09.730000      1304.91        1.17947500e-03       -1.36073576e-06  89.8233  89.1090