# Tc =  nan K, f26-afterirr
#datetime                        t_s     iHTS_A                vHTS_V                tHTS_K  tTAR_K
0202-11-11_00:11:13.940000      493.07        6.41026700e-04        9.11075000e-09  74.9199  73.9962
0202-11-11_00:11:16.030000      495.16        8.98746200e-04        3.82402000e-08  74.8766  73.9791
0202-11-11_00:11:18.152000      497.28        6.52454300e-04        4.90554500e-08  74.8826  73.9930
0202-11-11_00:11:20.250000      499.38        9.11881300e-04        1.27364000e-08  74.9297  73.9930
0202-11-11_00:11:22.330000      501.46        1.21820700e-03        2.60926500e-08  74.8679  73.9992
0202-11-11_00:11:24.426000      503.55        7.02917400e-04        1.48126500e-08  74.8996  74.0088
0202-11-11_00:11:26.510000      505.64        7.38759600e-04        4.02258500e-08  74.9026  74.0137
0202-11-11_00:11:28.652000      507.78        5.00259500e-04        3.98827500e-08  74.9013  74.0228
0202-11-11_00:11:30.746000      509.88        6.46891700e-04        4.16800500e-08  74.9059  74.0245
0202-11-11_00:11:32.836000      511.97        6.46297800e-04        2.45136500e-08  74.8885  74.0417
0202-11-11_00:11:34.938000      514.07        7.33119700e-04       -3.00590000e-09  74.9429  74.0459
0202-11-11_00:11:37.010000      516.14        8.31517700e-04        3.72177000e-08  74.9396  74.0536
0202-11-11_00:11:39.133000      518.27        6.48153900e-04        1.99882000e-08  74.9192  74.0679
0202-11-11_00:11:41.234000      520.36        5.23857800e-04        3.14228000e-08  74.9564  74.0865
0202-11-11_00:11:43.312000      522.44        5.40776700e-04        1.92130000e-09  74.9207  74.0932
0202-11-11_00:11:45.390000      524.52        6.47041000e-04        1.54635000e-08  74.9396  74.1114
0202-11-11_00:11:47.484000      526.62        1.73899700e-04        3.68149000e-08  74.9372  74.1196
0202-11-11_00:11:49.617000      528.75        5.89457000e-04        1.64218500e-08  74.9431  74.1367
0202-11-11_00:11:51.710000      530.84        6.38062200e-04        2.15373500e-08  74.9822  74.1495
0202-11-11_00:11:53.797000      532.93        4.16036600e-04        1.44408500e-08  74.9897  74.1675
0202-11-11_00:11:55.875000      535.00        3.17119600e-04        2.27725000e-08  75.0088  74.1848
0202-11-11_00:11:57.960000      537.09        4.77478800e-04        1.13729000e-08  74.9725  74.2021
0202-11-11_00:12:00.060000      539.19        5.93389000e-04        1.60523000e-08  74.9731  74.2210
0202-11-11_00:12:02.180000      541.31        3.67578000e-04        1.72904000e-08  75.0217  74.2343
0202-11-11_00:12:04.273000      543.40        4.74880300e-04        6.13580000e-09  75.0900  74.2551
0202-11-11_00:12:06.360000      545.49        3.38266000e-04       -9.66855000e-09  75.0119  74.2616
0202-11-11_00:12:08.440000      547.57        9.25018000e-04        1.50606000e-08  75.0825  74.2853
0202-11-11_00:12:10.555000      549.69        7.17239400e-04        1.00094500e-08  75.0563  74.3071
0202-11-11_00:12:12.688000      551.82        6.22254800e-04        2.50713000e-08  75.0998  74.3165
0202-11-11_00:12:14.785000      553.92        3.16524200e-04        1.26745000e-08  75.1331  74.3481
0202-11-11_00:12:16.863000      555.99        6.75164700e-04        1.18997500e-08  75.1073  74.3614
0202-11-11_00:12:18.965000      558.10        6.48747100e-04       -4.86205000e-09  75.1399  74.3801
0202-11-11_00:12:21.050000      560.18        7.62728400e-04       -3.09850000e-10  75.1575  74.3936
0202-11-11_00:12:23.168000      562.30        3.69804400e-04       -1.26124500e-08  75.1855  74.4176
0202-11-11_00:12:25.266000      564.40        4.71318400e-04        6.29120000e-09  75.1747  74.4393
0202-11-11_00:12:27.350000      566.48        5.29866800e-04        3.40875000e-09  75.2192  74.4524
0202-11-11_00:12:29.440000      568.57        2.23689400e-04       -1.20860000e-09  75.2045  74.4785
0202-11-11_00:12:31.516000      570.65        5.37954300e-04        3.09900000e-10  75.2250  74.4940
0202-11-11_00:12:33.680000      572.81        4.89942400e-04       -6.38375000e-09  75.1850  74.5074
0202-11-11_00:12:35.766000      574.90        5.25264500e-04       -8.02620000e-09  75.2913  74.5378
0202-11-11_00:12:37.844000      576.97        5.41589500e-04        1.97709500e-08  75.2641  74.5623
0202-11-11_00:12:39.938000      579.07        6.97868700e-04        5.02020000e-09  75.2921  74.5705
0202-11-11_00:12:42.023000      581.15        8.91771300e-04        1.34200000e-08  75.3164  74.5981
0202-11-11_00:12:44.150000      583.28        8.01684500e-04       -8.08810000e-09  75.3751  74.6181
0202-11-11_00:12:46.246000      585.38        4.16848500e-04        1.48127000e-08  75.3238  74.6342
0202-11-11_00:12:48.324000      587.46        5.75502900e-04       -1.07192500e-08  75.3199  74.6570
0202-11-11_00:12:50.402000      589.53        3.38412600e-04        1.39450500e-08  75.3605  74.6789
0202-11-11_00:12:52.500000      591.63        5.91902700e-04        2.91606500e-08  75.3524  74.6993
0202-11-11_00:12:54.640000      593.77        4.16330300e-04        9.38965000e-09  75.4301  74.7095
0202-11-11_00:12:56.742000      595.87        7.36828400e-04       -1.30155000e-09  75.3857  74.7298
0202-11-11_00:12:58.832000      597.96        5.80697500e-04        7.74500000e-10  75.4037  74.7684
0202-11-11_00:13:00.930000      600.06        6.67518800e-04       -7.12750000e-10  75.4707  74.7852
0202-11-11_00:13:03.004000      602.14        8.05988600e-04        1.32632500e-08  75.4831  74.8078
0202-11-11_00:13:05.156000      604.29        6.91487600e-04       -6.16930000e-09  75.5233  74.8256
0202-11-11_00:13:07.250000      606.38        6.92303800e-04        1.73538000e-08  75.5031  74.8419
0202-11-11_00:13:09.344000      608.48        4.81334100e-04       -2.46671500e-08  75.5288  74.8639
0202-11-11_00:13:11.434000      610.57        3.87685100e-04       -1.10632500e-08  75.5784  74.8790
0202-11-11_00:13:13.523000      612.65        5.46784200e-04        1.93061000e-08  75.5746  74.8969
0202-11-11_00:13:15.656000      614.79        5.67859000e-04       -7.40635000e-09  75.5871  74.9192
0202-11-11_00:13:17.754000      616.88        1.01169000e-03        2.26220000e-09  75.6078  74.9360
0202-11-11_00:13:19.848000      618.98        3.11476700e-04        1.66410500e-08  75.5864  74.9683
0202-11-11_00:13:21.926000      621.06        6.82955200e-04       -1.82524500e-08  75.6318  74.9829
0202-11-11_00:13:24.008000      623.14        3.53105000e-04        3.84265000e-09  75.6750  75.0015
0202-11-11_00:13:26.156000      625.29        6.44737300e-04        5.23710000e-09  75.6683  75.0216
0202-11-11_00:13:28.240000      627.37        7.96861400e-04        5.26700000e-09  75.7041  75.0474
0202-11-11_00:13:30.316000      629.45        4.85341200e-04       -1.59593000e-08  75.7375  75.0582
0202-11-11_00:13:32.414000      631.55        7.74451300e-04       -6.69360000e-09  75.7123  75.0753
0202-11-11_00:13:34.500000      633.63        9.58557800e-04        2.46659000e-08  75.7278  75.0995
0202-11-11_00:13:36.633000      635.76        8.64240400e-04        3.04930500e-08  75.7649  75.1206
0202-11-11_00:13:38.734000      637.87        5.90194500e-04       -1.89962000e-08  75.8293  75.1489
0202-11-11_00:13:40.816000      639.95        6.26037100e-04       -4.55415000e-09  75.9027  75.1637
0202-11-11_00:13:42.914000      642.04        4.29983800e-04        1.95230000e-09  75.8313  75.1814
0202-11-11_00:13:44.992000      644.12        5.86560000e-04        2.16920000e-09  75.8132  75.2030
0202-11-11_00:13:47.070000      646.20        4.08834700e-04        1.11250500e-08  75.8807  75.2150
0202-11-11_00:13:49.184000      648.31        5.57693500e-04        3.56375000e-09  75.8790  75.2328
0202-11-11_00:13:51.277000      650.41        5.56654600e-04        3.74945000e-09  75.9060  75.2591
0202-11-11_00:13:53.355000      652.49        4.05644200e-04        1.42549000e-08  75.9430  75.2696
0202-11-11_00:13:55.453000      654.58        4.16331400e-04       -7.49930000e-09  76.0015  75.2959
0202-11-11_00:13:57.527000      656.66        4.49798700e-04        2.73045000e-09  75.9246  75.3077
0202-11-11_00:13:59.703000      658.83        4.76290300e-04        1.37281000e-08  75.9976  75.3353
0202-11-11_00:14:01.777000      660.91        6.51640300e-04       -2.10725000e-09  76.0490  75.3633
0202-11-11_00:14:03.855000      662.98        4.44159000e-04        2.47298000e-08  76.0120  75.3768
0202-11-11_00:14:05.940000      665.07        5.41963300e-04       -2.88195000e-09  76.0803  75.3963
0202-11-11_00:14:08.027000      667.16        8.21944200e-04        2.07625000e-09  76.0854  75.4154
0202-11-11_00:14:10.184000      669.32        6.03553800e-04        9.79250000e-09  76.0638  75.4275
0202-11-11_00:14:12.260000      671.39        6.55126200e-04        2.21261500e-08  76.0753  75.4480
0202-11-11_00:14:14.340000      673.47        4.87195500e-04        8.86400000e-09  76.1042  75.4606
0202-11-11_00:14:16.418000      675.55        2.52627000e-04       -1.08461500e-08  76.1459  75.4827
0202-11-11_00:14:18.520000      677.65        2.83348900e-04       -2.11344500e-08  76.1253  75.4886
0202-11-11_00:14:20.700000      679.83        4.18628200e-04        6.47260000e-09  76.2221  75.5157
0202-11-11_00:14:22.777000      681.91        4.05938200e-04        1.76640000e-09  76.1861  75.5433
0202-11-11_00:14:24.875000      684.00        7.43208600e-04        1.70749000e-08  76.2502  75.5552
0202-11-11_00:14:26.957000      686.09        4.90089400e-04        7.49980000e-09  76.2365  75.5779
0202-11-11_00:14:29.043000      688.18        4.82520000e-04        1.34492000e-08  76.2247  75.5944
0202-11-11_00:14:31.145000      690.28        4.71241400e-04       -4.86525000e-09  76.2724  75.6203
0202-11-11_00:14:33.246000      692.38        4.49351400e-04       -1.92130000e-09  76.3009  75.6378
0202-11-11_00:14:35.324000      694.45        4.58478400e-04       -6.50750000e-10  76.3098  75.6525
0202-11-11_00:14:37.400000      696.53        4.35103800e-04        1.26123500e-08  76.3340  75.6720
0202-11-11_00:14:39.477000      698.61        7.48850100e-04       -1.18377500e-08  76.3688  75.6799
0202-11-11_00:14:41.605000      700.73        6.39840500e-04        1.85950000e-10  76.3213  75.7027
0202-11-11_00:14:43.707000      702.84        7.06923500e-04        1.08805000e-08  76.3412  75.7091
0202-11-11_00:14:45.797000      704.93        9.68205500e-04        1.09391000e-08  76.4152  75.7478
0202-11-11_00:14:47.883000      707.01        5.67935200e-04       -1.41619000e-08  76.3604  75.7592
0202-11-11_00:14:49.957000      709.09        6.75534300e-04        9.63695000e-09  76.4646  75.7742
0202-11-11_00:14:52.035000      711.17        5.44633500e-04       -2.94395000e-09  76.4695  75.8002
0202-11-11_00:14:54.200000      713.33        7.28146000e-04       -1.22716000e-08  76.4386  75.8152
0202-11-11_00:14:56.277000      715.41        6.65515000e-04        2.07625000e-09  76.4814  75.8256
0202-11-11_00:14:58.370000      717.50        6.59207500e-04       -1.23026000e-08  76.4858  75.8471
0202-11-11_00:15:00.465000      719.60        4.53729600e-04       -5.26795000e-09  76.5403  75.8704
0202-11-11_00:15:02.582000      721.71        5.37212100e-04       -5.02020000e-09  76.5428  75.8873
0202-11-11_00:15:04.695000      723.82        5.95538100e-04        3.00283000e-08  76.5065  75.8973
0202-11-11_00:15:06.770000      725.90        4.53209800e-04        1.40023500e-08  76.6008  75.9214
0202-11-11_00:15:08.870000      728.00        6.02662800e-04       -2.33966500e-08  76.6294  75.9464
0202-11-11_00:15:10.945000      730.08        4.62339200e-04        1.23950000e-10  76.6241  75.9652
0202-11-11_00:15:13.023000      732.15        3.24907900e-04        5.58400000e-10  76.6404  75.9770
0202-11-11_00:15:15.168000      734.30        1.86437900e-04        8.08815000e-09  76.6757  75.9960
0202-11-11_00:15:17.258000      736.39        4.08242300e-04        4.95820000e-09  76.6821  76.0088
0202-11-11_00:15:19.355000      738.49        4.96028800e-04        6.04275000e-09  76.7045  76.0328
0202-11-11_00:15:21.430000      740.56        6.77167700e-04       -1.14660000e-09  76.6637  76.0448
0202-11-11_00:15:23.508000      742.64        5.42185700e-04        3.09890000e-09  76.7276  76.0598
0202-11-11_00:15:25.625000      744.76        5.28382900e-04        2.57210000e-09  76.6836  76.0802
0202-11-11_00:15:27.740000      746.87        3.78706500e-04       -7.49930000e-09  76.7791  76.1035
0202-11-11_00:15:29.812000      748.94        4.18111300e-04        9.61550000e-10  76.7468  76.1177
0202-11-11_00:15:31.890000      751.02        6.65739700e-04        2.62476000e-08  76.8287  76.1376
0202-11-11_00:15:33.977000      753.11        8.81458600e-04       -9.29650000e-10  76.8298  76.1449
0202-11-11_00:15:36.066000      755.20        4.14402300e-04       -5.76240000e-09  76.8484  76.1723
0202-11-11_00:15:38.180000      757.31        5.62445700e-04        1.42239000e-08  76.8115  76.1819
0202-11-11_00:15:40.258000      759.39        6.19287700e-04        1.31393000e-08  76.8829  76.1989
0202-11-11_00:15:42.350000      761.48        3.52367100e-04       -1.23700000e-10  76.9140  76.2200
0202-11-11_00:15:44.430000      763.56        5.13099100e-04       -6.50765000e-09  76.9351  76.2340
0202-11-11_00:15:46.527000      765.66        8.05918300e-04       -1.00714000e-08  76.9059  76.2443
0202-11-11_00:15:48.668000      767.80        7.65104700e-04       -4.12150000e-09  76.9373  76.2703
0202-11-11_00:15:50.760000      769.89        7.59761300e-04       -2.84168000e-08  76.9194  76.2937
0202-11-11_00:15:52.848000      771.98        8.11556700e-04        2.36455500e-08  76.9769  76.3135
0202-11-11_00:15:54.938000      774.07        7.63173100e-04        9.11075000e-09  76.9939  76.3203
0202-11-11_00:15:57.016000      776.15        5.03746500e-04        1.23955500e-08  76.9754  76.3437
0202-11-11_00:15:59.137000      778.27        8.74408500e-04       -9.35720000e-09  77.0390  76.3644
0202-11-11_00:16:01.215000      780.34        4.51281700e-04        6.32175000e-09  77.0607  76.3755
0202-11-11_00:16:03.310000      782.44        6.24998700e-04        8.36700000e-09  77.0689  76.3921
0202-11-11_00:16:05.395000      784.53        5.43222300e-04        8.71145000e-09  77.0731  76.4125
0202-11-11_00:16:07.480000      786.61        3.17262300e-04        8.52195000e-09  77.0816  76.4272
0202-11-11_00:16:09.586000      788.72        2.35487000e-04       -9.30000000e-11  77.0796  76.4455
0202-11-11_00:16:11.707000      790.84        1.54824700e-04       -1.51846000e-08  77.1440  76.4521
0202-11-11_00:16:13.800000      792.93        2.25692700e-04        3.34680000e-09  77.1404  76.4786
0202-11-11_00:16:15.880000      795.01        2.46916000e-04       -6.10410000e-09  77.1541  76.5063
0202-11-11_00:16:17.957000      797.09        1.75752400e-04       -3.71870000e-09  77.2027  76.5187
0202-11-11_00:16:20.055000      799.18        3.19416500e-04       -1.60832500e-08  77.1665  76.5297
0202-11-11_00:16:22.188000      801.32        5.52500400e-04        1.06875500e-08  77.1993  76.5472
0202-11-11_00:16:24.277000      803.41        4.71392700e-04        1.64240000e-09  77.2080  76.5679
0202-11-11_00:16:26.363000      805.50        4.84601900e-04        1.21166500e-08  77.2182  76.5888
0202-11-11_00:16:28.450000      807.58        1.09338800e-04        4.33595000e-09  77.2692  76.5963
0202-11-11_00:16:30.547000      809.68        7.85138100e-04        1.29843500e-08  77.2779  76.6216
0202-11-11_00:16:32.684000      811.82        4.76586600e-04        2.72700000e-09  77.3230  76.6384
0202-11-11_00:16:34.780000      813.91        2.84761300e-04        9.91650000e-09  77.3149  76.6672
0202-11-11_00:16:36.860000      815.99        4.28203000e-04       -1.76947000e-08  77.3489  76.6797
0202-11-11_00:16:38.960000      818.09        3.10808400e-04       -2.42655500e-08  77.3339  76.6939
0202-11-11_00:16:41.035000      820.17        1.05553600e-04        1.46268000e-08  77.3379  76.7091
0202-11-11_00:16:43.190000      822.32        2.65097200e-04       -2.35515000e-09  77.3729  76.7198
0202-11-11_00:16:45.273000      824.41        3.77075100e-04        8.08730000e-09  77.4460  76.7438
0202-11-11_00:16:47.363000      826.49        3.36188100e-04       -1.28604000e-08  77.4180  76.7575
0202-11-11_00:16:49.450000      828.58        7.80982200e-05       -3.59470000e-09  77.3786  76.7831
0202-11-11_00:16:51.523000      830.66        3.43461900e-04        1.23005500e-08  77.4435  76.7931
0202-11-11_00:16:53.670000      832.80        4.36145900e-04       -2.60305000e-09  77.4654  76.8102
0202-11-11_00:16:55.758000      834.89        5.53243300e-04       -9.29650000e-10  77.5007  76.8332
0202-11-11_00:16:57.836000      836.97        6.31382700e-04        7.06550000e-09  77.4970  76.8547
0202-11-11_00:16:59.920000      839.05        9.01643200e-04        9.45165000e-09  77.5471  76.8645
0202-11-11_00:17:02.010000      841.14        7.79424700e-04       -5.45390000e-09  77.5176  76.8877
0202-11-11_00:17:04.145000      843.28        6.59802900e-04       -1.96470000e-08  77.5184  76.8997
0202-11-11_00:17:06.234000      845.37        8.11851500e-04        8.21205000e-09  77.5431  76.9244
0202-11-11_00:17:08.316000      847.45        6.91413600e-04        1.50626000e-08  77.6094  76.9342
0202-11-11_00:17:10.390000      849.52        8.54668500e-04        5.60900000e-09  77.6343  76.9464
0202-11-11_00:17:12.490000      851.62        6.46444500e-04       -1.38210500e-08  77.6010  76.9632
0202-11-11_00:17:14.625000      853.76        8.90584000e-04        3.03665000e-09  77.6428  76.9812
0202-11-11_00:17:16.730000      855.86        7.49961200e-04        1.45338000e-08  77.6788  77.0102
0202-11-11_00:17:18.816000      857.95        5.68080600e-04        1.30153500e-08  77.6950  77.0265
0202-11-11_00:17:20.914000      860.05        4.11431000e-04        1.46271000e-08  77.7227  77.0432
0202-11-11_00:17:22.992000      862.12        7.27403700e-04        1.02265000e-09  77.6980  77.0505
0202-11-11_00:17:25.105000      864.24        5.04041600e-04       -3.04621000e-08  77.7197  77.0723
0202-11-11_00:17:27.246000      866.38        4.75917200e-04        1.37900500e-08  77.7731  77.0895
0202-11-11_00:17:29.344000      868.47        5.21777500e-04        2.14443500e-08  77.7445  77.1078
0202-11-11_00:17:31.430000      870.56        1.76420900e-04        1.47183500e-08  77.8044  77.1202
0202-11-11_00:17:33.508000      872.64        5.90421300e-04        8.30505000e-09  77.8306  77.1435
0202-11-11_00:17:35.668000      874.80        5.52502400e-04        1.54945000e-09  77.8182  77.1557
0202-11-11_00:17:37.758000      876.89        4.48168000e-04        9.42390000e-09  77.7933  77.1829
0202-11-11_00:17:39.844000      878.98        7.41951000e-04        3.00595000e-09  77.8124  77.2011
0202-11-11_00:17:41.934000      881.06        6.61585100e-04        4.30745000e-09  77.8623  77.2138
0202-11-11_00:17:44.020000      883.15        7.63100100e-04        6.63125000e-09  77.9215  77.2340
0202-11-11_00:17:46.170000      885.30        3.78709700e-04        9.07975000e-09  77.8269  77.2429
0202-11-11_00:17:48.254000      887.38        7.49740400e-04       -8.30505000e-09  77.9656  77.2611
0202-11-11_00:17:50.350000      889.48        6.57871900e-04        1.03503000e-08  77.9151  77.2732
0202-11-11_00:17:52.426000      891.56        5.25709600e-04        5.33010000e-09  77.9890  77.2962
0202-11-11_00:17:54.530000      893.66        5.08195400e-04        8.06025000e-09  77.9981  77.3203
0202-11-11_00:17:56.664000      895.79        5.22665400e-04        1.34492000e-08  77.9827  77.3308
0202-11-11_00:17:58.766000      897.90        4.25974300e-04        1.96470000e-08  77.9543  77.3564
0202-11-11_00:18:00.850000      899.98        3.79224500e-04        1.52466000e-08  78.0815  77.3752
0202-11-11_00:18:02.938000      902.07        4.72651400e-04       -1.69509500e-08  78.0673  77.3786
0202-11-11_00:18:05.023000      904.16        6.26482900e-04       -1.22406000e-08  78.0891  77.4015
0202-11-11_00:18:07.152000      906.28        7.07665300e-04        3.44270500e-08  78.0697  77.4252
0202-11-11_00:18:09.258000      908.39        3.81230100e-04       -2.54110000e-09  78.1304  77.4460
0202-11-11_00:18:11.336000      910.47        3.94809700e-04       -6.63160000e-09  78.1437  77.4646
0202-11-11_00:18:13.410000      912.54        7.89738300e-04        1.04742500e-08  78.1415  77.4738
0202-11-11_00:18:15.500000      914.63        7.45437300e-04       -1.39450000e-09  78.1479  77.4975
0202-11-11_00:18:17.652000      916.78        4.68869100e-04       -1.17769500e-08  78.1604  77.4997
0202-11-11_00:18:19.754000      918.89        6.82213100e-04       -1.33255000e-09  78.2159  77.5285
0202-11-11_00:18:21.832000      920.96        7.99162900e-04        1.84074000e-08  78.1952  77.5522
0202-11-11_00:18:23.918000      923.05        6.95644200e-04       -5.08265000e-09  78.2068  77.5637
0202-11-11_00:18:25.996000      925.13        1.05910900e-03       -1.07841000e-08  78.2859  77.5842
0202-11-11_00:18:28.130000      927.26        9.50247700e-04        2.07315500e-08  78.2745  77.5896
0202-11-11_00:18:30.223000      929.35        8.70253100e-04       -2.63170000e-09  78.2856  77.6149
0202-11-11_00:18:32.310000      931.44        7.21023500e-04       -2.72700000e-09  78.3492  77.6375
0202-11-11_00:18:34.395000      933.53        6.10751900e-04        8.36705000e-09  78.3061  77.6487
0202-11-11_00:18:36.490000      935.62        6.94828000e-04        2.10415000e-08  78.2551  77.6593
0202-11-11_00:18:38.610000      937.74        6.30564900e-04        8.98680000e-09  78.3564  77.6806
0202-11-11_00:18:40.740000      939.87        4.41486500e-04        1.03776000e-08  78.3684  77.6973
0202-11-11_00:18:42.820000      941.95        9.27095400e-04        1.32322500e-08  78.3934  77.7275
0202-11-11_00:18:44.918000      944.05        9.17299900e-04        1.96469500e-08  78.4103  77.7387
0202-11-11_00:18:46.996000      946.13        6.07041900e-04        5.48480000e-09  78.3840  77.7526
0202-11-11_00:18:49.098000      948.23        1.16826700e-03       -1.03812500e-08  78.4320  77.7753
0202-11-11_00:18:51.210000      950.34        5.35877700e-04        1.42550000e-09  78.3948  77.7889
0202-11-11_00:18:53.300000      952.43        4.61152300e-04        7.90330000e-09  78.4888  77.8053
0202-11-11_00:18:55.387000      954.52        6.66927100e-04        2.78900000e-09  78.5038  77.8192
0202-11-11_00:18:57.477000      956.61        6.42290500e-04        1.21477000e-08  78.5196  77.8406
0202-11-11_00:18:59.586000      958.72        8.69288100e-04       -4.43145000e-09  78.5197  77.8563
0202-11-11_00:19:01.720000      960.85        1.04085400e-03       -1.17448500e-08  78.5533  77.8752
0202-11-11_00:19:03.797000      962.93        1.09250200e-03       -1.14340500e-08  78.6073  77.8957
0202-11-11_00:19:05.875000      965.00        5.53836000e-04       -1.54945000e-09  78.5989  77.9129
0202-11-11_00:19:07.973000      967.10        9.28876500e-04       -1.28294500e-08  78.5864  77.9328
0202-11-11_00:19:10.060000      969.19        7.62133500e-04       -5.95080000e-09  78.5952  77.9435
0202-11-11_00:19:12.190000      971.32        1.05910800e-03       -9.29670000e-09  78.5789  77.9626
0202-11-11_00:19:14.270000      973.40        1.03595600e-03       -7.40640000e-09  78.7083  77.9764
0202-11-11_00:19:16.350000      975.48        8.94072900e-04       -1.85939000e-08  78.6591  77.9971
0202-11-11_00:19:18.450000      977.58        9.17373700e-04       -1.50296500e-08  78.6451  78.0114
0202-11-11_00:19:20.527000      979.66        4.85415900e-04        2.06386500e-08  78.6891  78.0325
0202-11-11_00:19:22.684000      981.81        5.00183500e-04       -2.05456500e-08  78.6386  78.0437
0202-11-11_00:19:24.760000      983.89        7.88551100e-04       -2.85100000e-09  78.7188  78.0785
0202-11-11_00:19:26.863000      985.99        6.16985300e-04       -9.90600000e-10  78.7081  78.0771
0202-11-11_00:19:28.940000      988.07        5.06120200e-04        1.93991000e-08  78.7531  78.1017
0202-11-11_00:19:31.035000      990.17        5.47230300e-04       -7.80920000e-09  78.8522  78.1244
0202-11-11_00:19:33.184000      992.31        8.70846100e-04        1.57428000e-08  78.7967  78.1340
0202-11-11_00:19:35.270000      994.40        6.06670200e-04       -1.01643500e-08  78.8403  78.1492
0202-11-11_00:19:37.355000      996.49        6.86591300e-04       -2.42023500e-08  78.8488  78.1714
0202-11-11_00:19:39.434000      998.57        8.68472200e-04       -7.93590000e-09  78.8959  78.1958
0202-11-11_00:19:41.510000      1000.64        8.12520500e-04       -1.29534000e-08  78.8876  78.2037
0202-11-11_00:19:43.660000      1002.79        6.80211400e-04        7.18945000e-09  78.9151  78.2208
0202-11-11_00:19:45.754000      1004.88        7.17389400e-04        3.21355000e-08  78.9084  78.2401
0202-11-11_00:19:47.844000      1006.98        6.76205300e-04        1.19927000e-08  78.9148  78.2644
0202-11-11_00:19:49.940000      1009.07        3.54816700e-04       -1.96164500e-08  78.9244  78.2837
0202-11-11_00:19:52.035000      1011.17        2.52559400e-04        2.61856000e-08  78.9632  78.2925
0202-11-11_00:19:54.168000      1013.30        3.48507800e-04        1.01953500e-08  78.9568  78.3089
0202-11-11_00:19:56.250000      1015.38        5.91162700e-04        5.85940000e-09  79.0387  78.3273
0202-11-11_00:19:58.348000      1017.48        1.75457200e-04       -3.47080000e-09  79.0010  78.3422
0202-11-11_00:20:00.445000      1019.58        5.49457600e-04       -6.91055000e-09  78.9851  78.3572
0202-11-11_00:20:02.535000      1021.67        3.18080300e-04        1.34514000e-08  79.0703  78.3769
0202-11-11_00:20:04.695000      1023.82        2.16564400e-04        1.10630500e-08  79.1155  78.3951
0202-11-11_00:20:06.780000      1025.91        2.90251800e-04       -2.67434500e-08  79.0845  78.4278
0202-11-11_00:20:08.855000      1027.99        4.65677200e-04       -9.91650000e-10  79.1067  78.4483
0202-11-11_00:20:10.953000      1030.08        5.58361700e-04        7.74700000e-10  79.1331  78.4556
0202-11-11_00:20:13.027000      1032.16        3.22236400e-04        1.67340000e-09  79.1452  78.4756
0202-11-11_00:20:15.156000      1034.29        6.06967500e-04        1.32633000e-08  79.1464  78.4897
0202-11-11_00:20:17.258000      1036.39        5.33725200e-04       -3.47075000e-09  79.1942  78.4999
0202-11-11_00:20:19.336000      1038.47        5.96281600e-04        2.97120000e-09  79.2164  78.5120
0202-11-11_00:20:21.414000      1040.54        7.17387100e-04        1.80355500e-08  79.2089  78.5394
0202-11-11_00:20:23.510000      1042.64        6.92082800e-04        6.84855000e-09  79.2164  78.5579
0202-11-11_00:20:25.652000      1044.78        8.57192400e-04       -1.76650000e-09  79.2414  78.5712
0202-11-11_00:20:27.750000      1046.88        9.65904800e-04       -6.50765000e-09  79.2666  78.5919
0202-11-11_00:20:29.830000      1048.96        9.53438000e-04       -8.36700000e-10  79.3299  78.6132
0202-11-11_00:20:31.906000      1051.04        6.61731600e-04        3.40265000e-08  79.3175  78.6284
0202-11-11_00:20:33.996000      1053.13        5.86486300e-04       -1.58973000e-08  79.3068  78.6420
0202-11-11_00:20:36.117000      1055.25        5.49754900e-04       -4.98925000e-09  79.3718  78.6646
0202-11-11_00:20:38.210000      1057.34        6.03183100e-04       -1.13729000e-08  79.3480  78.6807
0202-11-11_00:20:40.285000      1059.42        5.33725300e-04        4.49340000e-09  79.3832  78.7013
0202-11-11_00:20:42.390000      1061.52        9.73473900e-04        6.41660000e-09  79.3226  78.7132
0202-11-11_00:20:44.470000      1063.60        5.67340500e-04        1.19617500e-08  79.4063  78.7393
0202-11-11_00:20:46.594000      1065.73        4.08168500e-04       -1.92130000e-09  79.4724  78.7552
0202-11-11_00:20:48.710000      1067.84        7.02545800e-04       -1.48345000e-09  79.4381  78.7661
0202-11-11_00:20:50.810000      1069.94        6.24405100e-04       -2.85098500e-08  79.4547  78.7903
0202-11-11_00:20:52.887000      1072.02        6.30118800e-04       -9.51360000e-09  79.4294  78.8051
0202-11-11_00:20:54.965000      1074.09        6.49783600e-04       -1.33573500e-08  79.4967  78.8224
0202-11-11_00:20:57.050000      1076.18        5.72534600e-04       -1.19927500e-08  79.4977  78.8455
0202-11-11_00:20:59.180000      1078.31        7.67549900e-04        1.76947000e-08  79.5148  78.8531
0202-11-11_00:21:01.260000      1080.39        1.20559200e-03        1.66720500e-08  79.5760  78.8773
0202-11-11_00:21:03.355000      1082.49        8.56003600e-04        6.81755000e-09  79.6176  78.8939
0202-11-11_00:21:05.434000      1084.57        7.28887000e-04       -7.74935000e-09  79.5600  78.9036
0202-11-11_00:21:07.516000      1086.65        6.42807100e-04       -9.94745000e-09  79.6281  78.9254
0202-11-11_00:21:09.688000      1088.82        8.08065800e-04        1.28604500e-08  79.5947  78.9442
0202-11-11_00:21:11.777000      1090.91        1.01079900e-03        8.51940000e-09  79.6304  78.9640
0202-11-11_00:21:13.863000      1092.99        1.27022600e-03        5.20615000e-09  79.7002  78.9822
0202-11-11_00:21:15.960000      1095.09        7.95005700e-04        3.10000000e-11  79.6178  79.0059
0202-11-11_00:21:18.047000      1097.18        7.07739100e-04        2.91215000e-09  79.7116  79.0181
0202-11-11_00:21:20.156000      1099.29        4.92762300e-04       -3.31585000e-09  79.6567  79.0328
0202-11-11_00:21:22.240000      1101.37        4.95508000e-04       -1.22096500e-08  79.7408  79.0556
0202-11-11_00:21:24.316000      1103.45        3.60897300e-04        1.89652500e-08  79.7523  79.0656
0202-11-11_00:21:26.418000      1105.55        1.78349300e-04        2.85100000e-09  79.8049  79.0871
0202-11-11_00:21:28.496000      1107.63        3.37670700e-04        3.12990000e-09  79.7571  79.1084
0202-11-11_00:21:30.668000      1109.80        4.27906200e-04       -4.21450000e-09  79.7761  79.1181
0202-11-11_00:21:32.766000      1111.90        6.78207700e-06        1.76637000e-08  79.8203  79.1527
0202-11-11_00:21:34.855000      1113.98        8.55898100e-05       -3.84500000e-09  79.8811  79.1643
0202-11-11_00:21:36.940000      1116.07        2.68286700e-04       -5.57800000e-09  79.8904  79.1809
0202-11-11_00:21:39.027000      1118.16        6.12086500e-04       -7.93315000e-09  79.8723  79.1975
0202-11-11_00:21:41.160000      1120.29        6.61285800e-04        2.14152000e-08  79.9040  79.2083
0202-11-11_00:21:43.258000      1122.39        1.45475600e-04       -5.17520000e-09  79.8973  79.2315
0202-11-11_00:21:45.348000      1124.48        1.74415800e-04       -8.05700000e-10  79.8963  79.2498
0202-11-11_00:21:47.420000      1126.55        3.92115500e-05        1.74467500e-08  79.9607  79.2705
0202-11-11_00:21:49.520000      1128.65        5.88564100e-04        1.62382000e-08  79.9673  79.2707
0202-11-11_00:21:51.652000      1130.78        5.81439900e-04       -1.15583500e-08  80.0056  79.3028
0202-11-11_00:21:53.746000      1132.88        1.75676800e-04       -3.71850000e-10  79.9679  79.3154
0202-11-11_00:21:55.836000      1134.97        4.22859200e-04        1.20547000e-08  80.0031  79.3365
0202-11-11_00:21:57.918000      1137.05        6.04442900e-04       -1.99544000e-08  80.0541  79.3579
0202-11-11_00:22:00.023000      1139.15        4.54471000e-04        1.48747000e-08  79.9956  79.3654
0202-11-11_00:22:02.160000      1141.29        3.86126800e-04        5.14415000e-09  80.0660  79.3793
0202-11-11_00:22:04.260000      1143.39        3.69875500e-04        1.16863000e-08  80.0810  79.4012
0202-11-11_00:22:06.340000      1145.47        1.74935400e-04       -2.39544500e-08  80.1099  79.4182
0202-11-11_00:22:08.420000      1147.55        5.26897900e-04        1.52156000e-08  80.0880  79.4312
0202-11-11_00:22:10.520000      1149.65        1.68109500e-04        1.25505000e-08  80.1331  79.4488
0202-11-11_00:22:12.660000      1151.79        6.35611700e-04       -3.31580000e-09  80.1592  79.4698
0202-11-11_00:22:14.758000      1153.89        4.87273000e-04       -2.77800000e-10  80.1610  79.4881
0202-11-11_00:22:16.832000      1155.96       -1.22849700e-05        1.89030000e-09  80.2093  79.5059
0202-11-11_00:22:18.930000      1158.06        4.70576900e-04       -8.61490000e-09  80.2506  79.5325
0202-11-11_00:22:21.004000      1160.14        2.34971800e-04        1.18059500e-08  80.2816  79.5441
0202-11-11_00:22:23.152000      1162.28        3.06432400e-04       -1.04742500e-08  80.2527  79.5618
0202-11-11_00:22:25.242000      1164.37        2.41426800e-04        1.40690000e-08  80.2402  79.5717
0202-11-11_00:22:27.320000      1166.45        5.38311200e-05        2.06980000e-09  80.2781  79.5896
0202-11-11_00:22:29.406000      1168.54        2.69475500e-04        2.88200000e-09  80.2801  79.6091
0202-11-11_00:22:31.504000      1170.64        1.79759600e-04        6.87950000e-09  80.3144  79.6242
0202-11-11_00:22:33.684000      1172.82        6.40582500e-04        7.71630000e-09  80.3280  79.6431
0202-11-11_00:22:35.785000      1174.92        2.65986800e-04       -1.83455000e-08  80.3172  79.6651
0202-11-11_00:22:37.870000      1177.00        2.22056000e-04        2.72640000e-09  80.3593  79.6850
0202-11-11_00:22:39.957000      1179.09        4.75694200e-04       -1.11560000e-09  80.3280  79.6933
0202-11-11_00:22:42.040000      1181.17        3.10435800e-04        3.40880000e-09  80.3670  79.7127
0202-11-11_00:22:44.227000      1183.36        4.37923500e-04       -2.65600000e-08  80.3914  79.7284
0202-11-11_00:22:46.312000      1185.44        1.38426100e-04        3.34680000e-09  80.4759  79.7453
0202-11-11_00:22:48.395000      1187.53        1.40949400e-04        9.66855000e-09  80.4479  79.7656
0202-11-11_00:22:50.473000      1189.60        3.14889700e-04       -8.55025000e-09  80.4694  79.7838
0202-11-11_00:22:52.610000      1191.74        2.62648600e-04        9.85450000e-09  80.4441  79.7994
0202-11-11_00:22:54.720000      1193.85        3.33887500e-04        7.06550000e-09  80.4744  79.8166
0202-11-11_00:22:56.793000      1195.93        1.01694800e-04       -2.85100000e-09  80.5580  79.8455
0202-11-11_00:22:58.890000      1198.02        3.33962400e-04       -8.21210000e-09  80.5239  79.8588
0202-11-11_00:23:00.970000      1200.10        2.48179400e-05        9.29670000e-09  80.5616  79.8749
0202-11-11_00:23:03.047000      1202.18        2.67992700e-04        7.37535000e-09  80.5614  79.8879
0202-11-11_00:23:05.184000      1204.32        2.99010500e-04        4.89630000e-09  80.5807  79.9028
0202-11-11_00:23:07.273000      1206.40        4.89647400e-04        1.14780000e-09  80.6124  79.9263
0202-11-11_00:23:09.350000      1208.48        7.61318000e-04        2.29318500e-08  80.6241  79.9410
0202-11-11_00:23:11.450000      1210.58        3.37301500e-04        1.22406500e-08  80.6563  79.9644
0202-11-11_00:23:13.540000      1212.67        3.85239200e-04       -7.93385000e-09  80.6334  79.9653
0202-11-11_00:23:15.700000      1214.83        5.34912400e-04        1.71679000e-08  80.6136  79.9851
0202-11-11_00:23:17.780000      1216.91        7.31115000e-04        1.56184500e-08  80.7057  80.0130
0202-11-11_00:23:19.875000      1219.01        4.56401300e-04        1.15276500e-08  80.7255  80.0341
0202-11-11_00:23:21.953000      1221.08        6.84067400e-04        2.68054000e-08  80.7253  80.0434
0202-11-11_00:23:24.030000      1223.16        6.39914500e-04        1.30773500e-08  80.7299  80.0628
0202-11-11_00:23:26.156000      1225.29        7.72595900e-04        5.40447000e-08  80.6875  80.0745
0202-11-11_00:23:28.250000      1227.38        4.45715100e-04        5.22473500e-08  80.7481  80.0982
0202-11-11_00:23:30.340000      1229.47        8.39825900e-04        3.44595500e-08  80.7336  80.1116
0202-11-11_00:23:32.418000      1231.55        4.64562200e-04        3.54513500e-08  80.7987  80.1338
0202-11-11_00:23:34.510000      1233.64        4.15363300e-04        5.19065000e-08  80.7858  80.1434
0202-11-11_00:23:36.676000      1235.81        4.99736100e-04        7.64799500e-08  80.7873  80.1658
0202-11-11_00:23:38.754000      1237.88        4.99068100e-04        5.83831500e-08  80.8706  80.1878
0202-11-11_00:23:40.832000      1239.96        3.15628400e-04        9.80490000e-08  80.8278  80.2097
0202-11-11_00:23:42.906000      1242.04        6.81690800e-04        1.10348900e-07  80.8682  80.2187
0202-11-11_00:23:44.992000      1244.12        2.15004100e-04        1.21073650e-07  80.9144  80.2392
0202-11-11_00:23:47.125000      1246.25        7.21763400e-04        1.62505850e-07  80.9633  80.2552
0202-11-11_00:23:49.227000      1248.36        6.03849900e-04        1.80882250e-07  80.9741  80.2748
0202-11-11_00:23:51.305000      1250.43        3.62753400e-04        2.13606550e-07  80.9902  80.2859
0202-11-11_00:23:53.380000      1252.51        3.94736700e-04        2.22841400e-07  80.9561  80.3020
0202-11-11_00:23:55.460000      1254.59        1.29076600e-04        3.07317000e-07  81.0005  80.3186
0202-11-11_00:23:57.613000      1256.74        6.93418500e-04        3.32325050e-07  81.0455  80.3355
0202-11-11_00:23:59.723000      1258.85        2.42910100e-04        3.63560350e-07  81.0340  80.3618
0202-11-11_00:24:01.800000      1260.93        3.98743300e-04        4.21108200e-07  81.0378  80.3758
0202-11-11_00:24:03.900000      1263.03        3.43606900e-04        5.02392100e-07  81.0886  80.3952
0202-11-11_00:24:05.977000      1265.11        5.01592400e-04        5.28051900e-07  81.0740  80.4047
0202-11-11_00:24:08.062000      1267.19        3.65125100e-04        5.85783350e-07  81.0924  80.4273
0202-11-11_00:24:10.203000      1269.33        4.04529000e-04        6.30066500e-07  81.0889  80.4414
0202-11-11_00:24:12.285000      1271.42        1.25882800e-04        7.09831950e-07  81.1110  80.4648
0202-11-11_00:24:14.387000      1273.52        4.06459000e-04        7.67254400e-07  81.1818  80.4738
0202-11-11_00:24:16.465000      1275.59        2.98933600e-04        8.23406400e-07  81.1518  80.4909
0202-11-11_00:24:18.540000      1277.67        2.06399100e-04        8.78380650e-07  81.1946  80.5152
0202-11-11_00:24:20.690000      1279.82        3.66611800e-04        9.11321850e-07  81.1906  80.5232
0202-11-11_00:24:22.770000      1281.90        4.18185500e-04        9.96198450e-07  81.2675  80.5508
0202-11-11_00:24:24.855000      1283.99        3.40342600e-04        1.02697220e-06  81.2022  80.5643
0202-11-11_00:24:26.938000      1286.07        5.98433000e-04        1.07500500e-06  81.2281  80.5883
0202-11-11_00:24:29.023000      1288.15        6.08005800e-04        1.13097490e-06  81.2249  80.6099
0202-11-11_00:24:31.137000      1290.27        5.68676100e-04        1.17999615e-06  81.2619  80.6188
0202-11-11_00:24:33.242000      1292.37        5.08420200e-04        1.23630300e-06  81.3215  80.6291
0202-11-11_00:24:35.320000      1294.45        7.30965700e-04        1.26140385e-06  81.3346  80.6586
0202-11-11_00:24:37.406000      1296.54        5.59251700e-04        1.31513860e-06  81.3212  80.6706
0202-11-11_00:24:39.492000      1298.62        5.52944800e-04        1.36025910e-06  81.3225  80.6830
0202-11-11_00:24:41.613000      1300.74        4.54546200e-04        1.39375795e-06  81.3791  80.7119
0202-11-11_00:24:43.715000      1302.85        6.95866800e-04        1.44774070e-06  81.3465  80.7011
0202-11-11_00:24:45.797000      1304.93        6.88075400e-04        1.48849435e-06  81.3747  80.7467
0202-11-11_00:24:47.895000      1307.03        1.00427000e-03        1.49946175e-06  81.4199  80.7656
0202-11-11_00:24:49.973000      1309.10        4.52171600e-04        1.57278155e-06  81.4596  80.7747
0202-11-11_00:24:52.062000      1311.20        4.80370400e-04        1.59815410e-06  81.4346  80.7987
0202-11-11_00:24:54.156000      1313.29        6.53049500e-04        1.62183565e-06  81.4930  80.8194
0202-11-11_00:24:56.258000      1315.39        4.11135700e-04        1.65775175e-06  81.4642  80.8315
0202-11-11_00:24:58.336000      1317.47        7.15828800e-04        1.70628090e-06  81.5264  80.8649
0202-11-11_00:25:00.420000      1319.55        5.99176100e-04        1.72924370e-06  81.5397  80.8662
0202-11-11_00:25:02.496000      1321.63        5.46414800e-04        1.78304045e-06  81.5161  80.8840
0202-11-11_00:25:04.656000      1323.79        5.43075600e-04        1.81532925e-06  81.5926  80.9182
0202-11-11_00:25:06.750000      1325.88        5.38771800e-04        1.83051380e-06  81.5774  80.9086
0202-11-11_00:25:08.824000      1327.96        8.29587500e-04        1.86763860e-06  81.5915  80.9340
0202-11-11_00:25:10.906000      1330.04        3.83011900e-04        1.89741885e-06  81.5582  80.9396
0202-11-11_00:25:13.004000      1332.13        7.45585100e-04        1.95301290e-06  81.5961  80.9676
0202-11-11_00:25:15.133000      1334.26        7.81946100e-04        1.99126210e-06  81.5766  80.9689
0202-11-11_00:25:17.220000      1336.35        3.93771500e-04        2.00668765e-06  81.6431  80.9910
0202-11-11_00:25:19.300000      1338.43        6.23219300e-04        2.03950490e-06  81.6936  81.0023
0202-11-11_00:25:21.400000      1340.53        5.30757500e-04        2.06665240e-06  81.6920  81.0297
0202-11-11_00:25:23.477000      1342.61        5.49754700e-04        2.09432520e-06  81.7720  81.0439
0202-11-11_00:25:25.570000      1344.70        5.81143900e-04        2.12711150e-06  81.7590  81.0544
0202-11-11_00:25:27.703000      1346.83        4.13510700e-04        2.18344985e-06  81.7712  81.0654
0202-11-11_00:25:29.800000      1348.93        4.85490900e-04        2.20498715e-06  81.7948  81.1310
0202-11-11_00:25:31.883000      1351.01        1.77829900e-04        2.24074570e-06  81.8018  81.1345
0202-11-11_00:25:33.957000      1353.09        9.64494400e-04        2.25621120e-06  81.8505  81.1543
0202-11-11_00:25:36.055000      1355.19        5.44037900e-04        2.28785085e-06  81.8205  81.1824
0202-11-11_00:25:38.184000      1357.32        9.26425700e-04        2.30771160e-06  81.8377  81.1977
0202-11-11_00:25:40.270000      1359.40        5.70159000e-04        2.36116985e-06  81.8899  81.2114
0202-11-11_00:25:42.348000      1361.48        8.40271400e-04        2.40861390e-06  81.8654  81.2381
0202-11-11_00:25:44.426000      1363.56        6.92303000e-04        2.41955115e-06  81.8901  81.2498
0202-11-11_00:25:46.527000      1365.66        3.58892200e-04        2.45187325e-06  81.9521  81.2666
0202-11-11_00:25:48.690000      1367.82        6.42288200e-04        2.48735555e-06  82.0333  81.2844
0202-11-11_00:25:50.773000      1369.91        5.16285800e-04        2.52302480e-06  81.9335  81.2697
0202-11-11_00:25:52.870000      1372.00        5.91755400e-04        2.55454050e-06  82.0583  81.2944
0202-11-11_00:25:54.950000      1374.08        5.39439600e-04        2.57047345e-06  82.0112  81.3047
0202-11-11_00:25:57.035000      1376.17        5.50422000e-04        2.61425775e-06  82.0171  81.3199
0202-11-11_00:25:59.184000      1378.31        2.27400500e-04        2.63836710e-06  82.0049  81.3405
0202-11-11_00:26:01.290000      1380.42        5.99769200e-04        2.67868030e-06  82.0740  81.3552
0202-11-11_00:26:03.375000      1382.51        4.91723700e-04        2.70796730e-06  82.0579  81.3883
0202-11-11_00:26:05.457000      1384.59        5.81884500e-04        2.72033190e-06  82.0419  81.3845
0202-11-11_00:26:07.535000      1386.67        3.64013100e-04        2.72987670e-06  82.1189  81.4051
0202-11-11_00:26:09.707000      1388.84        7.90404200e-04        2.77323015e-06  82.1104  81.4301
0202-11-11_00:26:11.805000      1390.94        6.95864600e-04        2.79743250e-06  82.0997  81.4841
0202-11-11_00:26:13.887000      1393.02        9.74289300e-04        2.85857305e-06  82.0931  81.4866
0202-11-11_00:26:15.990000      1395.12        5.05228500e-04        2.88094705e-06  82.2529  81.5189
0202-11-11_00:26:18.062000      1397.20        7.85062800e-04        2.89525975e-06  82.1936  81.5298
0202-11-11_00:26:20.180000      1399.31        5.38029200e-04        2.92448490e-06  82.1982  81.5416
0202-11-11_00:26:22.277000      1401.41        6.04444300e-04        2.93722130e-06  82.2323  81.5642
0202-11-11_00:26:24.360000      1403.49        6.58392500e-04        2.98370890e-06  82.2343  81.5776
0202-11-11_00:26:26.445000      1405.58        3.80340200e-04        3.01463290e-06  82.2499  81.5801
0202-11-11_00:26:28.527000      1407.66        9.40303900e-04        3.05364800e-06  82.2598  81.6176
0202-11-11_00:26:30.664000      1409.79        6.81470400e-04        3.05733625e-06  82.2714  81.6305
0202-11-11_00:26:32.754000      1411.89        7.10484900e-04        3.09982180e-06  82.2471  81.6162
0202-11-11_00:26:34.832000      1413.96        8.67580200e-04        3.12300155e-06  82.2481  81.6416
0202-11-11_00:26:36.918000      1416.05        4.55139400e-04        3.16871085e-06  82.3361  81.6543
0202-11-11_00:26:38.996000      1418.13        5.75428700e-04        3.16768820e-06  82.3701  81.6674
0202-11-11_00:26:41.090000      1420.22        4.02304300e-04        3.21987395e-06  82.3536  81.6831
0202-11-11_00:26:43.234000      1422.36        8.09921600e-04        3.25541810e-06  82.4028  81.7066
0202-11-11_00:26:45.324000      1424.46        7.88995200e-04        3.27596370e-06  82.4009  81.7322
0202-11-11_00:26:47.410000      1426.54        7.32597900e-04        3.30562400e-06  82.4172  81.7361
0202-11-11_00:26:49.510000      1428.64        1.03884900e-03        3.35012155e-06  82.4284  81.7578
0202-11-11_00:26:51.650000      1430.78        8.27879900e-04        3.38086260e-06  82.4368  81.7781
0202-11-11_00:26:53.750000      1432.88        7.46920700e-04        3.39344210e-06  82.4597  81.7923
0202-11-11_00:26:55.830000      1434.96        7.87660200e-04        3.40763580e-06  82.5356  81.8536
0202-11-11_00:26:57.920000      1437.05        9.10324400e-04        3.43540190e-06  82.4590  81.8658
0202-11-11_00:27:00.010000      1439.14        5.92572200e-04        3.46375725e-06  82.5365  81.8906
0202-11-11_00:27:02.113000      1441.25        7.48703400e-04        3.50348505e-06  82.5628  81.8961
0202-11-11_00:27:04.242000      1443.37        6.34128500e-04        3.52542460e-06  82.5591  81.9126
0202-11-11_00:27:06.320000      1445.45        3.43461800e-04        3.52365855e-06  82.5628  81.9264
0202-11-11_00:27:08.414000      1447.54        4.35032600e-04        3.58737180e-06  82.6586  81.9476
0202-11-11_00:27:10.490000      1449.62        5.70088400e-04        3.57840615e-06  82.6223  81.9522
0202-11-11_00:27:12.590000      1451.72        4.43640900e-04        3.56679165e-06  82.6183  81.9366
0202-11-11_00:27:14.703000      1453.83        5.55246900e-04        3.57205975e-06  82.6874  81.9470
0202-11-11_00:27:16.780000      1455.91        1.83100100e-04        3.61370715e-06  82.6794  81.9412
0202-11-11_00:27:18.863000      1457.99        4.11878300e-04        3.64200070e-06  82.6932  81.9705
0202-11-11_00:27:20.940000      1460.07        2.81719500e-04        3.61739550e-06  82.7140  81.9357
0202-11-11_00:27:23.040000      1462.17        4.35772700e-04        3.62709470e-06  82.7160  81.9548
0202-11-11_00:27:25.200000      1464.33        3.67873700e-04        3.64711350e-06  82.7244  81.9795
0202-11-11_00:27:27.297000      1466.43        2.80160900e-04        3.66707075e-06  82.7624  82.0056
0202-11-11_00:27:29.395000      1468.52        5.25784000e-04        3.66663675e-06  82.7861  82.0259
0202-11-11_00:27:31.470000      1470.60        1.42506200e-04        3.67698705e-06  82.8226  82.0477
0202-11-11_00:27:33.617000      1472.75        1.59843200e-05        3.68510870e-06  82.8378  82.0691
0202-11-11_00:27:35.730000      1474.86       -1.52730500e-06        3.70435115e-06  82.8460  82.0932
0202-11-11_00:27:37.816000      1476.95        2.97748700e-04        3.71101380e-06  82.9003  82.1561
0202-11-11_00:27:39.890000      1479.02        6.48141000e-05        3.72232920e-06  82.9171  82.1709
0202-11-11_00:27:41.973000      1481.10       -1.41703700e-04        3.73360730e-06  82.9126  82.1930
0202-11-11_00:27:44.060000      1483.19       -1.84371800e-04        3.73710910e-06  82.9680  82.2159
0202-11-11_00:27:46.188000      1485.32       -1.94018300e-04        3.73478500e-06  82.9604  82.2311
0202-11-11_00:27:48.280000      1487.41       -1.61071300e-04        3.75780980e-06  82.9825  82.2567
0202-11-11_00:27:50.355000      1489.49        6.28851800e-05        3.76880960e-06  82.9916  82.2703
0202-11-11_00:27:52.434000      1491.56        1.40876700e-04        3.77819955e-06  83.0245  82.2917
0202-11-11_00:27:54.523000      1493.65       -9.09607300e-06        3.78055470e-06  83.0766  82.3129
0202-11-11_00:27:56.703000      1495.83        2.29180800e-04        3.79621005e-06  83.0720  82.3267
0202-11-11_00:27:58.777000      1497.91       -3.29002400e-04        3.79667115e-06  83.0799  82.3248
0202-11-11_00:28:00.875000      1500.01       -4.96136700e-05        3.80271400e-06  83.1041  82.3399
0202-11-11_00:28:02.957000      1502.09        1.16460800e-04        3.81393625e-06  83.1098  82.3582
0202-11-11_00:28:05.043000      1504.17       -9.94050300e-05        3.83144300e-06  83.1271  82.3833
0202-11-11_00:28:07.234000      1506.36        2.60496400e-04        3.83271360e-06  83.1298  82.3993
0202-11-11_00:28:09.312000      1508.44        4.98254000e-04        3.84786700e-06  83.1739  82.4121
0202-11-11_00:28:11.402000      1510.53        2.84166900e-04        3.84761905e-06  83.1698  82.4358
0202-11-11_00:28:13.490000      1512.62        7.33462700e-05        3.85403285e-06  83.2121  82.4565
0202-11-11_00:28:15.605000      1514.74        1.84286100e-04        3.86425945e-06  83.2080  82.4688
0202-11-11_00:28:17.715000      1516.85        2.18569100e-04        3.86807105e-06  83.2642  82.4877
0202-11-11_00:28:19.793000      1518.92        2.09571100e-05        3.87259065e-06  83.2735  82.5534
0202-11-11_00:28:21.875000      1521.01        6.91166200e-05        3.88570200e-06  83.3307  82.5663
0202-11-11_00:28:23.953000      1523.09        2.11790600e-05        3.88935865e-06  83.3964  82.5890
0202-11-11_00:28:26.040000      1525.17        2.98117900e-04        3.88640895e-06  83.3279  82.6035
0202-11-11_00:28:28.176000      1527.31        3.04425500e-04        3.90203025e-06  83.3593  82.6233
0202-11-11_00:28:30.280000      1529.41        4.67829800e-04        3.90283595e-06  83.3348  82.6393
0202-11-11_00:28:32.363000      1531.49        5.65930700e-04        3.91191610e-06  83.4252  82.6567
0202-11-11_00:28:34.457000      1533.59        3.52660500e-04        3.90206160e-06  83.4222  82.6771
0202-11-11_00:28:36.535000      1535.67        3.42048200e-04        3.91910625e-06  83.4438  82.6920
0202-11-11_00:28:38.695000      1537.83        4.53210100e-04        3.91830050e-06  83.4391  82.7122
0202-11-11_00:28:40.793000      1539.92        2.93370000e-04        3.93382600e-06  83.4869  82.7024
0202-11-11_00:28:42.880000      1542.01        1.40060000e-04        3.93137585e-06  83.5116  82.7192
0202-11-11_00:28:44.970000      1544.10        1.98460600e-04        3.93974410e-06  83.4829  82.7360
0202-11-11_00:28:47.050000      1546.18        1.44512500e-04        3.94290495e-06  83.4887  82.7528
0202-11-11_00:28:49.227000      1548.36        2.78603300e-04        3.93689050e-06  83.4981  82.7701
0202-11-11_00:28:51.312000      1550.44       -6.68287300e-05        3.94972105e-06  83.5975  82.7890
0202-11-11_00:28:53.410000      1552.54        6.97120200e-05        3.95415250e-06  83.5829  82.8016
0202-11-11_00:28:55.508000      1554.64       -7.35821600e-05        3.96202510e-06  83.6074  82.8203
0202-11-11_00:28:57.670000      1556.80        1.20022300e-04        3.96803695e-06  83.5987  82.8342
0202-11-11_00:28:59.754000      1558.89        4.01116800e-04        3.97395920e-06  83.6569  82.8985
0202-11-11_00:29:01.840000      1560.97        3.74031200e-04        3.96930965e-06  83.6576  82.9185
0202-11-11_00:29:03.920000      1563.05        1.51188800e-04        3.97587935e-06  83.6561  82.9304
0202-11-11_00:29:06             1565.13        2.82386900e-04        3.98560830e-06  83.7045  82.9502
0202-11-11_00:29:08.113000      1567.24        1.41246800e-04        3.98185955e-06  83.7256  82.9655
0202-11-11_00:29:10.220000      1569.35        1.79147100e-05        3.99329445e-06  83.7365  82.9829
0202-11-11_00:29:12.297000      1571.43        2.49587900e-04        3.99893830e-06  83.7425  82.9999
0202-11-11_00:29:14.380000      1573.51       -6.34885200e-05        4.01015460e-06  83.7565  83.0174
0202-11-11_00:29:16.457000      1575.59        3.00124100e-05        3.99642655e-06  83.8045  83.0329
0202-11-11_00:29:18.535000      1577.66        9.44984300e-05        4.00565925e-06  83.8159  83.0475
0202-11-11_00:29:20.700000      1579.83        3.69284800e-04        4.01690820e-06  83.8499  83.0682
0202-11-11_00:29:22.800000      1581.93        1.11043700e-04        4.01780675e-06  83.8093  83.0524
0202-11-11_00:29:24.887000      1584.02        1.85991600e-04        4.01879840e-06  83.8239  83.0732
0202-11-11_00:29:26.990000      1586.12        8.88543500e-05        4.00847910e-06  83.8360  83.0864
0202-11-11_00:29:29.062000      1588.19        4.98623300e-04        4.02153195e-06  83.9016  83.1036
0202-11-11_00:29:31.184000      1590.32        4.51576000e-04        4.03463630e-06  83.8988  83.1235
0202-11-11_00:29:33.285000      1592.41        2.31788900e-05        4.03268395e-06  83.9217  83.1332
0202-11-11_00:29:35.360000      1594.49        4.57382400e-05        4.03612515e-06  83.9280  83.1497
0202-11-11_00:29:37.450000      1596.58        4.43486800e-04        4.03252975e-06  83.9489  83.1728
0202-11-11_00:29:39.527000      1598.66        3.21491400e-04        4.04297305e-06  83.9520  83.1866
0202-11-11_00:29:41.684000      1600.82        2.34893000e-04        4.04058715e-06  83.9920  83.2061
0202-11-11_00:29:43.770000      1602.90       -7.12844500e-05        4.04666100e-06  83.9970  83.2595
0202-11-11_00:29:45.867000      1605.00        4.38103800e-05        4.04991575e-06  84.0865  83.2795
0202-11-11_00:29:47.945000      1607.08        8.71485200e-05        4.05732215e-06  84.0715  83.2940
0202-11-11_00:29:50.043000      1609.17        2.25692300e-04        4.06739350e-06  84.0604  83.3128
0202-11-11_00:29:52.190000      1611.32       -1.75989200e-04        4.06971625e-06  84.1415  83.3284
0202-11-11_00:29:54.285000      1613.42       -2.43890000e-04        4.05543120e-06  84.1272  83.3419
0202-11-11_00:29:56.363000      1615.49        7.62382800e-05        4.07213430e-06  84.1236  83.3630
0202-11-11_00:29:58.460000      1617.59        7.85395700e-05        4.07717940e-06  84.1570  83.3787
0202-11-11_00:30:00.540000      1619.67        1.24236100e-05        4.07665575e-06  84.1267  83.3901
0202-11-11_00:30:02.695000      1621.83       -2.05742300e-04        4.07622190e-06  84.1597  83.4111
0202-11-11_00:30:04.780000      1623.91        9.31619100e-05        4.08870850e-06  84.2045  83.3965
0202-11-11_00:30:06.875000      1626.01        1.15943600e-04        4.09481335e-06  84.2384  83.4162
0202-11-11_00:30:08.953000      1628.09       -4.20791600e-04        4.09757070e-06  84.2175  83.4366
0202-11-11_00:30:11.040000      1630.17       -4.78078500e-04        4.09958480e-06  84.2154  83.4492
0202-11-11_00:30:13.184000      1632.31        1.16909800e-04        4.10122720e-06  84.2550  83.4651
0202-11-11_00:30:15.285000      1634.42        1.49335900e-04        4.10609125e-06  84.2822  83.4820
0202-11-11_00:30:17.367000      1636.50        5.28651000e-05        4.11263065e-06  84.3398  83.4995
0202-11-11_00:30:19.460000      1638.59       -1.29536200e-04        4.11703110e-06  84.3189  83.5163
0202-11-11_00:30:21.547000      1640.68        7.48284000e-05        4.12317185e-06  84.3246  83.5309
0202-11-11_00:30:23.703000      1642.83       -3.20173300e-04        4.13212510e-06  84.3269  83.5511
0202-11-11_00:30:25.780000      1644.91       -1.95579700e-04        4.12871630e-06  84.3923  83.6023
0202-11-11_00:30:27.855000      1646.99       -2.18137600e-04        4.13848140e-06  84.3659  83.6238
0202-11-11_00:30:29.945000      1649.08       -5.33589000e-04        4.14517500e-06  84.3975  83.6406
0202-11-11_00:30:32.040000      1651.17        1.13715600e-04        4.14539180e-06  84.4290  83.6536
0202-11-11_00:30:34.180000      1653.31        2.97139400e-05        4.15090770e-06  84.4355  83.6777
0202-11-11_00:30:36.277000      1655.41       -4.19754800e-04        4.15106260e-06  84.4405  83.6938
0202-11-11_00:30:38.360000      1657.49       -2.03071300e-04        4.15605210e-06  84.4691  83.7029
0202-11-11_00:30:40.450000      1659.58       -2.15688200e-04        4.16296250e-06  84.5116  83.7213
0202-11-11_00:30:42.530000      1661.66       -1.21150300e-04        4.16522465e-06  84.5225  83.7367
0202-11-11_00:30:44.688000      1663.82       -3.40323000e-05        4.17107435e-06  84.5281  83.7510
0202-11-11_00:30:46.766000      1665.90       -7.67012000e-05        4.17510660e-06  84.5743  83.7415
0202-11-11_00:30:48.850000      1667.98       -2.47745900e-04        4.18136640e-06  84.5244  83.7597
0202-11-11_00:30:50.938000      1670.07       -1.77787000e-05        4.16946645e-06  84.6103  83.7769
0202-11-11_00:30:53.016000      1672.15       -2.37578800e-04        4.17770945e-06  84.5628  83.7935
0202-11-11_00:30:55.168000      1674.30       -3.15643300e-04        4.18784335e-06  84.5962  83.8087
0202-11-11_00:30:57.250000      1676.38       -8.26328500e-05        4.19097375e-06  84.6459  83.8232
0202-11-11_00:30:59.340000      1678.47       -1.91127700e-05        4.19565305e-06  84.6369  83.8385
0202-11-11_00:31:01.420000      1680.55       -7.72170700e-05        4.19674025e-06  84.6775  83.8600
0202-11-11_00:31:03.520000      1682.65        3.37959400e-05        4.19590200e-06  84.7032  83.8757
0202-11-11_00:31:05.715000      1684.85        2.50329700e-04        4.20606640e-06  84.7150  83.8914
0202-11-11_00:31:07.812000      1686.94        5.50866400e-04        4.19365010e-06  84.7117  83.9519
0202-11-11_00:31:09.900000      1689.03       -1.81109300e-04        4.20449140e-06  84.7434  83.9681
0202-11-11_00:31:11.990000      1691.12       -8.43061500e-06        4.20411950e-06  84.7477  83.9864
0202-11-11_00:31:14.062000      1693.19       -2.62370000e-04        4.20926130e-06  84.7735  83.9998
0202-11-11_00:31:16.220000      1695.35        2.98566700e-05        4.20281560e-06  84.7742  84.0170
0202-11-11_00:31:18.293000      1697.43       -8.44946500e-05        4.21180165e-06  84.8247  84.0324
0202-11-11_00:31:20.383000      1699.52       -8.35852000e-06        4.21192540e-06  84.8292  84.0515
0202-11-11_00:31:22.484000      1701.61        8.52160700e-05        4.21146055e-06  84.8516  84.0717
0202-11-11_00:31:24.656000      1703.79        2.11004300e-05        4.22209260e-06  84.8480  84.0812
0202-11-11_00:31:26.730000      1705.86        2.91881100e-04        4.22224585e-06  84.8711  84.0719
0202-11-11_00:31:28.836000      1707.97       -1.94840400e-04        4.22388825e-06  84.8855  84.0883
0202-11-11_00:31:30.934000      1710.06       -6.13393700e-05        4.22613965e-06  84.9440  84.1124
0202-11-11_00:31:33.023000      1712.15        5.18274400e-05        4.21489580e-06  84.9238  84.1233
0202-11-11_00:31:35.156000      1714.29        1.09411400e-04        4.23014235e-06  84.9603  84.1415
0202-11-11_00:31:37.246000      1716.38       -3.19524900e-05        4.23135150e-06  84.9965  84.1560
0202-11-11_00:31:39.344000      1718.48       -1.78140300e-04        4.23699150e-06  84.9583  84.1753
0202-11-11_00:31:41.420000      1720.55        4.03652500e-06        4.23382960e-06  84.9755  84.1898
0202-11-11_00:31:43.500000      1722.63        4.09176000e-05        4.23816800e-06  85.0353  84.2057
0202-11-11_00:31:45.640000      1724.77       -2.25294000e-05        4.24386995e-06  85.0006  84.2193
0202-11-11_00:31:47.727000      1726.86        1.04882100e-04        4.24910010e-06  85.0765  84.2394
0202-11-11_00:31:49.816000      1728.95        2.89434000e-04        4.24461090e-06  85.0904  84.3007
0202-11-11_00:31:51.895000      1731.02        2.90843100e-04        4.25771920e-06  85.1100  84.3153
0202-11-11_00:31:53.990000      1733.12        2.59677200e-04        4.24985245e-06  85.1104  84.3288
0202-11-11_00:31:56.070000      1735.20        2.91957300e-04        4.25985960e-06  85.1246  84.3497
0202-11-11_00:31:58.184000      1737.32       -8.61481700e-07        4.26866050e-06  85.1435  84.3571
0202-11-11_00:32:00.270000      1739.40       -1.00890900e-04        4.25843470e-06  85.1784  84.3819
0202-11-11_00:32:02.360000      1741.49        2.30338800e-05        4.26729750e-06  85.1936  84.3986
0202-11-11_00:32:04.457000      1743.59        2.03451400e-06        4.26435305e-06  85.2337  84.4154
0202-11-11_00:32:06.547000      1745.68       -1.72647300e-04        4.26419760e-06  85.2283  84.4315
0202-11-11_00:32:08.715000      1747.85        9.28633600e-05        4.27798765e-06  85.2646  84.4485
0202-11-11_00:32:10.810000      1749.94       -7.70710600e-05        4.26878355e-06  85.2484  84.4405
0202-11-11_00:32:12.895000      1752.03        2.40727900e-05        4.28557980e-06  85.2579  84.4551
0202-11-11_00:32:14.990000      1754.12        4.77891100e-06        4.26900075e-06  85.2443  84.4676
0202-11-11_00:32:17.133000      1756.27       -2.32831700e-04        4.27739775e-06  85.2782  84.4863
0202-11-11_00:32:19.223000      1758.35       -7.17284500e-05        4.27997035e-06  85.3419  84.5043
0202-11-11_00:32:21.310000      1760.44        2.62985900e-05        4.29056855e-06  85.3450  84.5242
0202-11-11_00:32:23.383000      1762.51       -4.64234300e-05        4.29090665e-06  85.3382  84.5313
0202-11-11_00:32:25.480000      1764.61       -2.38765900e-04        4.29065875e-06  85.3697  84.5594
0202-11-11_00:32:27.656000      1766.79        2.19683800e-04        4.30014270e-06  85.3641  84.5680
0202-11-11_00:32:29.758000      1768.89        3.37956100e-05        4.29602260e-06  85.4326  84.6329
0202-11-11_00:32:31.855000      1770.99        2.39571100e-04        4.30479240e-06  85.4449  84.6430
0202-11-11_00:32:33.938000      1773.07       -5.00557200e-05        4.30470505e-06  85.4387  84.6660
0202-11-11_00:32:36.020000      1775.15       -2.29932500e-04        4.29884480e-06  85.4936  84.6832
0202-11-11_00:32:38.164000      1777.30       -3.00578200e-04        4.30439185e-06  85.5038  84.6986
0202-11-11_00:32:40.242000      1779.37       -1.29457900e-04        4.30913445e-06  85.5083  84.7153
0202-11-11_00:32:42.330000      1781.46       -2.04630500e-04        4.31619935e-06  85.5212  84.7290
0202-11-11_00:32:44.414000      1783.55       -2.11830700e-04        4.31464985e-06  85.5521  84.7526
0202-11-11_00:32:46.492000      1785.62       -1.44376300e-04        4.30907320e-06  85.5715  84.7652
0202-11-11_00:32:48.652000      1787.78        3.00121800e-04        4.31991930e-06  85.5628  84.7836
0202-11-11_00:32:50.734000      1789.86        1.70851200e-04        4.31898760e-06  85.5521  84.7725
0202-11-11_00:32:52.820000      1791.95       -1.83776800e-05        4.32276755e-06  85.6126  84.7887
0202-11-11_00:32:54.895000      1794.03       -2.82468200e-05        4.31430755e-06  85.5990  84.8049
0202-11-11_00:32:56.973000      1796.10       -1.67236200e-04        4.32068460e-06  85.6896  84.8250
0202-11-11_00:32:59.074000      1798.21       -3.23812500e-04        4.33048105e-06  85.6173  84.8374
0202-11-11_00:33:01.200000      1800.33        4.48027900e-06        4.33144175e-06  85.6725  84.8605
0202-11-11_00:33:03.277000      1802.41        2.45059500e-04        4.32977015e-06  85.6974  84.8726
0202-11-11_00:33:05.367000      1804.50        6.36242300e-05        4.34173085e-06  85.6880  84.8900
0202-11-11_00:33:07.460000      1806.59        3.51300200e-05        4.33243420e-06  85.7205  84.9095
0202-11-11_00:33:09.547000      1808.68        3.11996000e-04        4.33519540e-06  85.6766  84.9207
0202-11-11_00:33:11.715000      1810.85        1.60614600e-04        4.34123820e-06  85.7515  84.9345
0202-11-11_00:33:13.810000      1812.94        1.02733300e-04        4.34328350e-06  85.8010  84.9984
0202-11-11_00:33:15.900000      1815.03       -1.46675200e-04        4.34439905e-06  85.7791  85.0149
0202-11-11_00:33:17.992000      1817.12        1.96160400e-04        4.34700210e-06  85.8118  85.0346
0202-11-11_00:33:20.074000      1819.21        1.82877000e-04        4.34756870e-06  85.8217  85.0515
0202-11-11_00:33:22.207000      1821.34        1.50596300e-04        4.35602345e-06  85.8489  85.0696
0202-11-11_00:33:24.300000      1823.43        6.63718700e-05        4.34217140e-06  85.8994  85.0831
0202-11-11_00:33:26.383000      1825.51       -1.55506200e-04        4.35085055e-06  85.8771  85.0986
0202-11-11_00:33:28.480000      1827.61       -1.41332900e-04        4.35816275e-06  85.8713  85.1205
0202-11-11_00:33:30.613000      1829.74       -3.21059700e-04        4.35283265e-06  85.9230  85.1345
0202-11-11_00:33:32.715000      1831.85       -5.19043300e-04        4.35438035e-06  85.9457  85.1494
0202-11-11_00:33:34.793000      1833.92       -3.52451500e-04        4.36485465e-06  85.9973  85.1407
0202-11-11_00:33:36.890000      1836.02       -3.36942600e-04        4.36609400e-06  85.9606  85.1547
0202-11-11_00:33:38.970000      1838.10       -2.66520100e-04        4.36931660e-06  85.9525  85.1684
0202-11-11_00:33:41.062000      1840.19       -2.88782200e-04        4.36624865e-06  86.0157  85.1938
0202-11-11_00:33:43.195000      1842.33       -3.97494700e-04        4.37560235e-06  86.0603  85.2052
0202-11-11_00:33:45.293000      1844.42       -3.42211800e-04        4.36513105e-06  86.0215  85.2218
0202-11-11_00:33:47.370000      1846.50       -2.13761300e-04        4.37411780e-06  86.0435  85.2382
0202-11-11_00:33:49.465000      1848.60       -2.33426700e-04        4.37727340e-06  86.0793  85.2560
0202-11-11_00:33:51.547000      1850.68       -4.01057900e-04        4.36937425e-06  86.0980  85.2743
0202-11-11_00:33:53.700000      1852.83       -1.97583300e-04        4.38725485e-06  86.0704  85.2860
0202-11-11_00:33:55.773000      1854.90       -2.40919900e-04        4.36986880e-06  86.1316  85.3511
0202-11-11_00:33:57.860000      1856.99       -7.51461800e-04        4.38585905e-06  86.1116  85.3634
0202-11-11_00:33:59.950000      1859.08       -4.72594300e-04        4.37677975e-06  86.2019  85.3827
0202-11-11_00:34:02.043000      1861.18       -1.77473400e-04        4.38861890e-06  86.1652  85.4009
0202-11-11_00:34:04.176000      1863.31       -1.42744400e-04        4.38635670e-06  86.1961  85.4111
0202-11-11_00:34:06.270000      1865.40       -4.70663100e-04        4.38806070e-06  86.1827  85.4322
0202-11-11_00:34:08.348000      1867.48       -4.58791800e-04        4.38474510e-06  86.2331  85.4481
0202-11-11_00:34:10.445000      1869.58       -4.25918400e-04        4.39140775e-06  86.2828  85.4662
0202-11-11_00:34:12.520000      1871.65        9.98365300e-05        4.38183615e-06  86.2618  85.4862
0202-11-11_00:34:14.688000      1873.82       -3.11565300e-04        4.39630570e-06  86.2422  85.4947
0202-11-11_00:34:16.790000      1875.92       -2.89895600e-04        4.39082065e-06  86.2955  85.4886
0202-11-11_00:34:18.863000      1878.00       -3.50226900e-04        4.38766115e-06  86.3315  85.5035
0202-11-11_00:34:20.953000      1880.08        2.58936100e-04        4.39410685e-06  86.2914  85.5187
0202-11-11_00:34:23.040000      1882.17        5.20459400e-05        4.39689540e-06  86.3550  85.5332
0202-11-11_00:34:25.188000      1884.32       -3.50674800e-04        4.39677005e-06  86.3749  85.5539
0202-11-11_00:34:27.270000      1886.40       -1.06829900e-04        4.39800960e-06  86.3601  85.5734
0202-11-11_00:34:29.348000      1888.48       -5.04874700e-04        4.39767435e-06  86.4069  85.5820
0202-11-11_00:34:31.434000      1890.57       -5.57561600e-04        4.39965435e-06  86.4005  85.6013
0202-11-11_00:34:33.530000      1892.66       -2.71346400e-04        4.39528485e-06  86.3791  85.6245
0202-11-11_00:34:35.690000      1894.82       -3.83620600e-04        4.40609335e-06  86.4404  85.6396
0202-11-11_00:34:37.780000      1896.91       -3.29077100e-04        4.41350325e-06  86.4616  85.6970
0202-11-11_00:34:39.883000      1899.01       -3.93338400e-04        4.39469300e-06  86.4945  85.7213
0202-11-11_00:34:41.957000      1901.09        1.23289100e-04        4.40959825e-06  86.5521  85.7279
0202-11-11_00:34:44.055000      1903.19       -1.37175900e-04        4.40984620e-06  86.5517  85.7481
0202-11-11_00:34:46.176000      1905.31        1.35755800e-04        4.41238900e-06  86.5179  85.7655
0202-11-11_00:34:48.254000      1907.38        2.03135400e-04        4.41245285e-06  86.5902  85.7885
0202-11-11_00:34:50.336000      1909.47        2.16938200e-04        4.41363045e-06  86.5895  85.7992
0202-11-11_00:34:52.414000      1911.54        2.08181400e-04        4.41105030e-06  86.6017  85.8148
0202-11-11_00:34:54.500000      1913.63       -2.46797200e-05        4.41384410e-06  86.6452  85.8364
0202-11-11_00:34:56.680000      1915.81        7.08037800e-06        4.41880230e-06  86.6453  85.8466
0202-11-11_00:34:58.773000      1917.90       -1.56397500e-04        4.41858790e-06  86.6609  85.8388
0202-11-11_00:35:00.850000      1919.98       -2.72458000e-04        4.42407155e-06  86.6442  85.8507
0202-11-11_00:35:02.950000      1922.08       -1.89717500e-04        4.42007400e-06  86.6878  85.8724
0202-11-11_00:35:05.040000      1924.17       -6.16366400e-05        4.42450305e-06  86.7370  85.8843
0202-11-11_00:35:07.203000      1926.34       -1.59589800e-04        4.42338750e-06  86.7103  85.9079
0202-11-11_00:35:09.300000      1928.43       -2.39658700e-04        4.42363520e-06  86.7542  85.9202
0202-11-11_00:35:11.387000      1930.52       -2.96649700e-04        4.41548485e-06  86.7617  85.9370
0202-11-11_00:35:13.480000      1932.61       -1.29832000e-04        4.42493650e-06  86.7394  85.9509
0202-11-11_00:35:15.582000      1934.71       -1.91274900e-04        4.42803650e-06  86.7617  85.9700
0202-11-11_00:35:17.688000      1936.82       -5.01606900e-04        4.42763300e-06  86.8170  85.9908
0202-11-11_00:35:19.780000      1938.91       -3.18613100e-04        4.43125865e-06  86.7986  86.0506
0202-11-11_00:35:21.863000      1940.99       -3.45402900e-04        4.43705740e-06  86.8149  86.0612
0202-11-11_00:35:23.940000      1943.07       -1.77842800e-04        4.44433775e-06  86.8696  86.0796
0202-11-11_00:35:26.040000      1945.17       -1.33466600e-04        4.43135340e-06  86.8592  86.0972
0202-11-11_00:35:28.170000      1947.30       -9.36164400e-05        4.42661510e-06  86.9047  86.1108
0202-11-11_00:35:30.258000      1949.39        9.13054700e-05        4.43767815e-06  86.8738  86.1320
0202-11-11_00:35:32.340000      1951.47       -1.61146100e-04        4.44607645e-06  86.9293  86.1446
0202-11-11_00:35:34.438000      1953.57       -2.14055100e-04        4.43513835e-06  86.9772  86.1710
0202-11-11_00:35:36.510000      1955.64       -6.89804800e-05        4.44071635e-06  86.9853  86.1823
0202-11-11_00:35:38.652000      1957.78        3.19400100e-05        4.44799715e-06  86.9464  86.1978
0202-11-11_00:35:40.746000      1959.88       -3.42358000e-04        4.44607680e-06  87.0125  86.1866
0202-11-11_00:35:42.840000      1961.97       -6.46383700e-04        4.44601480e-06  87.0370  86.2101
0202-11-11_00:35:44.926000      1964.06       -2.80768100e-04        4.44855415e-06  87.0452  86.2232
0202-11-11_00:35:47.016000      1966.15       -2.92065100e-05        4.43169720e-06  87.0306  86.2339
0202-11-11_00:35:49.140000      1968.27        1.61356100e-04        4.44685080e-06  87.0328  86.2503
0202-11-11_00:35:51.227000      1970.36       -3.25440200e-04        4.45164980e-06  87.0813  86.2677
0202-11-11_00:35:53.320000      1972.45       -3.14977800e-04        4.45282740e-06  87.0644  86.2867
0202-11-11_00:35:55.400000      1974.53       -3.25441100e-04        4.45477970e-06  87.1183  86.3055
0202-11-11_00:35:57.492000      1976.62       -1.41928300e-04        4.45663825e-06  87.1439  86.3196
0202-11-11_00:35:59.656000      1978.79        1.70258000e-04        4.45908640e-06  87.1161  86.3329
0202-11-11_00:36:01.742000      1980.87       -9.87416200e-05        4.46197260e-06  87.1802  86.3976
0202-11-11_00:36:03.820000      1982.95        1.27291700e-04        4.45533850e-06  87.1784  86.4140
0202-11-11_00:36:05.914000      1985.05       -1.27374700e-05        4.46559580e-06  87.2091  86.4316
0202-11-11_00:36:07.992000      1987.12       -1.42967100e-05        4.45933705e-06  87.2103  86.4450
0202-11-11_00:36:10.074000      1989.20       -1.08761400e-04        4.46417070e-06  87.2215  86.4631
0202-11-11_00:36:12.207000      1991.34        1.48588900e-04        4.47163905e-06  87.2892  86.4808
0202-11-11_00:36:14.305000      1993.44        2.14187600e-04        4.46454850e-06  87.2864  86.4943
0202-11-11_00:36:16.383000      1995.51       -2.99515300e-05        4.46606620e-06  87.2622  86.5128
0202-11-11_00:36:18.477000      1997.61        1.46735300e-04        4.45986845e-06  87.2847  86.5344
0202-11-11_00:36:20.656000      1999.79       -1.53282600e-04        4.47340675e-06  87.3476  86.5524
0202-11-11_00:36:22.730000      2001.86        1.41170800e-04        4.47086570e-06  87.4186  86.5418
0202-11-11_00:36:24.820000      2003.95        1.00877700e-04        4.47433535e-06  87.3566  86.5571
0202-11-11_00:36:26.902000      2006.03        7.95797600e-05        4.47557555e-06  87.3862  86.5667
0202-11-11_00:36:28.996000      2008.13       -6.94283000e-05        4.47483180e-06  87.4056  86.5880
0202-11-11_00:36:31.090000      2010.22       -2.54976500e-05        4.46829415e-06  87.4331  86.6089
0202-11-11_00:36:33.190000      2012.32        1.82354400e-04        4.47659860e-06  87.4144  86.6212
0202-11-11_00:36:35.285000      2014.42        3.15184600e-04        4.48406695e-06  87.4619  86.6388
0202-11-11_00:36:37.383000      2016.51        1.05773400e-04        4.48015860e-06  87.4436  86.6564
0202-11-11_00:36:39.460000      2018.59       -3.69446900e-04        4.47953930e-06  87.5169  86.6766
0202-11-11_00:36:41.586000      2020.72        8.15079400e-05        4.48691465e-06  87.5136  86.6930
0202-11-11_00:36:43.695000      2022.82       -6.42352200e-05        4.48406715e-06  87.5040  86.7068
0202-11-11_00:36:45.785000      2024.92        2.55552300e-05        4.48701110e-06  87.5528  86.7711
0202-11-11_00:36:47.863000      2026.99       -8.22673400e-05        4.49305245e-06  87.5960  86.7808
0202-11-11_00:36:49.940000      2029.07       -1.73318300e-04        4.49268140e-06  87.5761  86.8007
0202-11-11_00:36:52.030000      2031.16        6.50336800e-05        4.49181370e-06  87.5813  86.8180
0202-11-11_00:36:54.180000      2033.31        6.03996600e-06        4.50612250e-06  87.5883  86.8352
0202-11-11_00:36:56.270000      2035.40       -9.30992500e-05        4.49912375e-06  87.6547  86.8510
0202-11-11_00:36:58.355000      2037.48        1.99200800e-04        4.50154085e-06  87.6686  86.8659
0202-11-11_00:37:00.440000      2039.57        2.42390100e-04        4.50513865e-06  87.6772  86.8828
0202-11-11_00:37:02.527000      2041.66        1.01982400e-05        4.49766995e-06  87.6806  86.8990
0202-11-11_00:37:04.684000      2043.82       -1.34727100e-04        4.50070685e-06  87.7045  86.9138
0202-11-11_00:37:06.790000      2045.92        2.32966500e-04        4.49996095e-06  87.6964  86.9038
0202-11-11_00:37:08.887000      2048.02       -9.19108700e-05        4.51291435e-06  87.7486  86.9187
0202-11-11_00:37:10.960000      2050.09       -1.21001100e-04        4.50817625e-06  87.7374  86.9376
0202-11-11_00:37:13.035000      2052.17       -5.75548000e-05        4.50634620e-06  87.7826  86.9540
0202-11-11_00:37:15.160000      2054.29        1.82875000e-04        4.51186220e-06  87.7854  86.9715
0202-11-11_00:37:17.254000      2056.39       -1.30296400e-05        4.50700455e-06  87.8011  86.9862
0202-11-11_00:37:19.336000      2058.47        1.63558800e-05        4.50960320e-06  87.8155  87.0064
0202-11-11_00:37:21.434000      2060.57       -2.42997000e-04        4.50935525e-06  87.8283  87.0217
0202-11-11_00:37:23.516000      2062.65       -6.42338100e-05        4.51177340e-06  87.8569  87.0379
0202-11-11_00:37:25.688000      2064.82        1.75306200e-04        4.52048110e-06  87.8746  87.0585
0202-11-11_00:37:27.785000      2066.91       -4.43650600e-04        4.51481015e-06  87.9232  87.1182
0202-11-11_00:37:29.863000      2068.99        2.48902800e-05        4.51230065e-06  87.9244  87.1326
0202-11-11_00:37:31.960000      2071.09       -2.72754400e-04        4.52361160e-06  87.9030  87.1549
0202-11-11_00:37:34.040000      2073.17       -2.40253400e-04        4.52087790e-06  87.9232  87.1644
0202-11-11_00:37:36.176000      2075.31       -2.21554300e-04        4.52608725e-06  87.9683  87.1853
0202-11-11_00:37:38.270000      2077.40       -3.00733000e-04        4.52345320e-06  88.0225  87.2017
0202-11-11_00:37:40.350000      2079.48       -1.95432800e-04        4.52599385e-06  88.0155  87.2186
0202-11-11_00:37:42.445000      2081.58       -2.39734500e-04        4.53318355e-06  88.0060  87.2312
0202-11-11_00:37:44.523000      2083.65        2.47401500e-05        4.52909300e-06  88.0291  87.2491
0202-11-11_00:37:46.650000      2085.78       -2.76317300e-04        4.53348955e-06  88.1085  87.2678
0202-11-11_00:37:48.740000      2087.87        1.41690600e-04        4.53538105e-06  88.0530  87.2531
0202-11-11_00:37:50.816000      2089.95       -2.97267400e-05        4.53101160e-06  88.0585  87.2705
0202-11-11_00:37:52.902000      2092.03        2.06918500e-04        4.53060740e-06  88.0808  87.2890
0202-11-11_00:37:54.977000      2094.11        1.88367500e-04        4.53593745e-06  88.1080  87.3071
0202-11-11_00:37:57.055000      2096.19        9.08602500e-05        4.55347960e-06  88.1386  87.3258
0202-11-11_00:37:59.168000      2098.30       -3.00429900e-04        4.53934795e-06  88.0916  87.3318
0202-11-11_00:38:01.266000      2100.40       -1.13503800e-04        4.54402725e-06  88.1388  87.3555
0202-11-11_00:38:03.344000      2102.47       -3.30262100e-04        4.54378430e-06  88.1980  87.3740
0202-11-11_00:38:05.420000      2104.55       -6.46307600e-04        4.54381240e-06  88.1348  87.3851
0202-11-11_00:38:07.516000      2106.65       -2.47150200e-04        4.54545480e-06  88.2324  87.4041
0202-11-11_00:38:09.652000      2108.78       -2.86034800e-04        4.55382500e-06  88.2257  87.4153
0202-11-11_00:38:11.746000      2110.88       -2.99021100e-04        4.54988810e-06  88.2609  87.4371
0202-11-11_00:38:13.820000      2112.95       -2.91007200e-04        4.55841005e-06  88.2707  87.4929
0202-11-11_00:38:15.918000      2115.05       -2.68746300e-04        4.54837110e-06  88.3210  87.5171
0202-11-11_00:38:17.996000      2117.13       -2.22145100e-04        4.55754380e-06  88.3397  87.5276
0202-11-11_00:38:20.090000      2119.22       -6.77944700e-05        4.56516765e-06  88.3155  87.5504
0202-11-11_00:38:22.195000      2121.33       -3.77682800e-04        4.56835960e-06  88.3332  87.5671
0202-11-11_00:38:24.273000      2123.41       -6.85640800e-04        4.56426905e-06  88.3577  87.5794
0202-11-11_00:38:26.350000      2125.48       -4.53374500e-04        4.56655930e-06  88.3980  87.6013
0202-11-11_00:38:28.434000      2127.56       -3.52750200e-04        4.57601265e-06  88.3927  87.6136
0202-11-11_00:38:30.510000      2129.64       -1.62335600e-04        4.56807945e-06  88.4177  87.6319
0202-11-11_00:38:32.656000      2131.79       -3.24329800e-04        4.57306930e-06  88.4352  87.6449
0202-11-11_00:38:34.742000      2133.87       -4.53301000e-04        4.56873050e-06  88.4534  87.6351
0202-11-11_00:38:36.836000      2135.97       -2.89675500e-04        4.56340040e-06  88.4665  87.6492
0202-11-11_00:38:38.920000      2138.05        5.51934400e-06        4.57908140e-06  88.4578  87.6670
0202-11-11_00:38:41.020000      2140.15       -1.21670400e-04        4.57939130e-06  88.4895  87.6870
0202-11-11_00:38:43.133000      2142.26       -3.89483900e-04        4.58899870e-06  88.4961  87.7034
0202-11-11_00:38:45.210000      2144.34       -5.76303100e-05        4.57579740e-06  88.5516  87.7208
0202-11-11_00:38:47.310000      2146.44        2.63387300e-04        4.58453630e-06  88.5770  87.7289
0202-11-11_00:38:49.390000      2148.52       -1.20929700e-04        4.59407585e-06  88.5435  87.7486
0202-11-11_00:38:51.477000      2150.61       -1.97111600e-05        4.59838625e-06  88.5766  87.7708
0202-11-11_00:38:53.660000      2152.79       -3.89632600e-04        4.60551365e-06  88.6165  87.7890
0202-11-11_00:38:55.746000      2154.88       -2.14281000e-04        4.60157065e-06  88.6344  87.8508
0202-11-11_00:38:57.836000      2156.97       -6.07459700e-05        4.60730690e-06  88.6405  87.8664
0202-11-11_00:38:59.918000      2159.05       -1.60478900e-04        4.62692290e-06  88.7239  87.8844
0202-11-11_00:39:01.992000      2161.12       -2.20734200e-04        4.62403950e-06  88.7111  87.8995
0202-11-11_00:39:04.156000      2163.29       -2.73271500e-04        4.63243750e-06  88.6791  87.9121
0202-11-11_00:39:06.234000      2165.37       -2.82695500e-04        4.64408885e-06  88.7081  87.9254
0202-11-11_00:39:08.324000      2167.46       -6.94997700e-05        4.66900370e-06  88.7301  87.9486
0202-11-11_00:39:10.402000      2169.53        3.66984400e-04        4.69413575e-06  88.7439  87.9665
0202-11-11_00:39:12.496000      2171.63        2.36603400e-04        4.70771105e-06  88.7403  87.9799
0202-11-11_00:39:14.652000      2173.78       -2.84847200e-04        4.74985475e-06  88.7550  87.9952
0202-11-11_00:39:16.750000      2175.88        1.69964600e-04        4.79574930e-06  88.8051  87.9914
0202-11-11_00:39:18.824000      2177.96        2.22575800e-04        4.83479855e-06  88.7907  88.0058
0202-11-11_00:39:20.918000      2180.05       -3.67441700e-04        4.88726130e-06  88.8405  88.0191
0202-11-11_00:39:22.992000      2182.12        9.23429500e-05        4.93978745e-06  88.8385  88.0378
0202-11-11_00:39:25.180000      2184.31       -1.05491800e-04        5.00282035e-06  88.8626  88.0527
0202-11-11_00:39:27.270000      2186.40       -1.25158000e-04        5.06659555e-06  88.9311  88.0767
0202-11-11_00:39:29.348000      2188.48       -3.31231500e-04        5.13371585e-06  88.9285  88.0879
0202-11-11_00:39:31.434000      2190.56       -9.62930700e-05        5.21031945e-06  88.9386  88.1037
0202-11-11_00:39:33.510000      2192.64       -6.19228200e-04        5.28063325e-06  88.9659  88.1218
0202-11-11_00:39:35.703000      2194.83       -4.35299200e-05        5.34614745e-06  88.9462  88.1360
0202-11-11_00:39:37.793000      2196.92       -5.27208800e-04        5.40508650e-06  88.9837  88.2009
0202-11-11_00:39:39.870000      2199.00       -3.94825300e-04        5.51801010e-06  88.9853  88.2153
0202-11-11_00:39:41.965000      2201.10       -4.30889600e-04        5.62424135e-06  88.9695  88.2327
0202-11-11_00:39:44.043000      2203.17       -4.76822100e-04        5.75529300e-06  89.0076  88.2495
0202-11-11_00:39:46.195000      2205.33       -3.42506500e-04        5.93732190e-06  89.0393  88.2710
0202-11-11_00:39:48.280000      2207.41       -1.92386600e-04        6.11742865e-06  89.0926  88.2892
0202-11-11_00:39:50.380000      2209.51       -2.05596400e-04        6.30754560e-06  89.0561  88.3070
0202-11-11_00:39:52.457000      2211.59        1.79131400e-05        6.50150720e-06  89.0998  88.3215
0202-11-11_00:39:54.625000      2213.76        5.93944700e-05        6.67898255e-06  89.1014  88.3311
0202-11-11_00:39:56.727000      2215.86       -2.92642300e-04        6.85363620e-06  89.1555  88.3522
0202-11-11_00:39:58.805000      2217.94        1.79461100e-04        6.99952685e-06  89.1411  88.3311
0202-11-11_00:40:00.890000      2220.02       -3.56833500e-04        7.13572525e-06  89.2157  88.3554
0202-11-11_00:40:02.973000      2222.10       -4.73913800e-05        7.28540175e-06  89.2087  88.3708
0202-11-11_00:40:05.050000      2224.18       -2.09012500e-04        7.39271435e-06  89.1791  88.3891
0202-11-11_00:40:07.180000      2226.31       -3.38652800e-04        7.51970752e-06  89.2271  88.4041
0202-11-11_00:40:09.273000      2228.41       -2.09458900e-04        7.62011160e-06  89.2324  88.4205
0202-11-11_00:40:11.350000      2230.48       -7.17017500e-06        7.72913389e-06  89.2366  88.4411
0202-11-11_00:40:13.445000      2232.58        1.12227600e-04        7.83799799e-06  89.3076  88.4576
0202-11-11_00:40:15.523000      2234.66        2.34817000e-04        7.96756320e-06  89.2946  88.4713
0202-11-11_00:40:17.650000      2236.78        3.73361200e-04        8.08808043e-06  89.2769  88.4933
0202-11-11_00:40:19.742000      2238.87        1.77900200e-04        8.19638670e-06  89.3252  88.5493
0202-11-11_00:40:21.824000      2240.96       -6.92836900e-05        8.30438479e-06  89.3648  88.5715
0202-11-11_00:40:23.926000      2243.06       -7.80402200e-05        8.39208295e-06  89.4019  88.5867
0202-11-11_00:40:26             2245.13       -1.88959300e-05        8.46989616e-06  89.4224  88.6050
0202-11-11_00:40:28.105000      2247.24       -3.07560000e-04        8.53487983e-06  89.3912  88.6231
0202-11-11_00:40:30.190000      2249.32       -2.72384100e-04        8.59069093e-06  89.4016  88.6364
0202-11-11_00:40:32.290000      2251.42       -3.40309900e-05        8.63887875e-06  89.4366  88.6572
0202-11-11_00:40:34.363000      2253.50       -6.57530300e-06        8.66884264e-06  89.4617  88.6723
0202-11-11_00:40:36.453000      2255.59       -2.10346400e-04        8.69323092e-06  89.4618  88.6849
0202-11-11_00:40:38.530000      2257.66        2.08180700e-04        8.72124492e-06  89.4631  88.7063
0202-11-11_00:40:40.700000      2259.83        1.93190400e-04        8.74008240e-06  89.5106  88.7187
0202-11-11_00:40:42.785000      2261.92       -2.30827100e-04        8.74659004e-06  89.5212  88.7070
0202-11-11_00:40:44.870000      2264.00        1.15420300e-04        8.76406484e-06  89.5250  88.7300
0202-11-11_00:40:46.950000      2266.08       -4.38979300e-04        8.76759849e-06  89.5164  88.7387
0202-11-11_00:40:49.043000      2268.17       -4.15160000e-04        8.78234920e-06  89.5589  88.7623
0202-11-11_00:40:51.200000      2270.33       -1.34138200e-04        8.79016357e-06  89.6225  88.7749
0202-11-11_00:40:53.290000      2272.42       -1.93354200e-04        8.79825019e-06  89.6349  88.7916
0202-11-11_00:40:55.390000      2274.52       -2.61478600e-04        8.80234076e-06  89.6008  88.8094
0202-11-11_00:40:57.470000      2276.60       -5.02279600e-04        8.80955711e-06  89.6531  88.8294
0202-11-11_00:40:59.620000      2278.75       -3.25369500e-04        8.81057974e-06  89.6492  88.8428
0202-11-11_00:41:01.715000      2280.84       -2.86781200e-04        8.82331570e-06  89.7305  88.9067
0202-11-11_00:41:03.810000      2282.94       -6.03941700e-04        8.82185644e-06  89.6912  88.9217
0202-11-11_00:41:05.887000      2285.02       -6.54328500e-04        8.83378718e-06  89.7437  88.9427
0202-11-11_00:41:07.973000      2287.10       -1.08812600e-05        8.82688151e-06  89.7869  88.9529
0202-11-11_00:41:10.060000      2289.19       -1.06461100e-04        8.82619866e-06  89.7553  88.9706
0202-11-11_00:41:12.180000      2291.31       -2.66969600e-04        8.83388386e-06  89.7695  88.9933
0202-11-11_00:41:14.273000      2293.40       -2.37509000e-04        8.84026123e-06  89.8177  89.0016
0202-11-11_00:41:16.370000      2295.50       -3.78205000e-04        8.83834183e-06  89.7952  89.0173
0202-11-11_00:41:18.470000      2297.60       -3.47185900e-04        8.84339307e-06  89.8113  89.0337
0202-11-11_00:41:20.610000      2299.74       -2.58360300e-04        8.85358445e-06  89.8382  89.0513
0202-11-11_00:41:22.734000      2301.86       -2.52780100e-05        8.85380154e-06  89.8424  89.0670
0202-11-11_00:41:24.820000      2303.95       -1.24394900e-05        8.85116806e-06  89.9065  89.0588
0202-11-11_00:41:26.914000      2306.05        1.10076500e-04        8.85482794e-06  89.8595  89.0766
0202-11-11_00:41:28.992000      2308.12       -1.89570100e-04        8.86105669e-06  89.8838  89.0890
0202-11-11_00:41:31.086000      2310.22       -2.74908600e-04        8.85525639e-06  89.9224  89.1099
0202-11-11_00:41:33.190000      2312.32       -2.53462700e-04        8.86793247e-06  89.9285  89.1237
0202-11-11_00:41:35.270000      2314.40       -7.71576500e-04        8.85755120e-06  89.9798  89.1470
0202-11-11_00:41:37.348000      2316.48       -7.02713400e-04        8.86489987e-06  89.9867  89.1611
0202-11-11_00:41:39.438000      2318.57       -4.69998900e-04        8.85987833e-06  90.0098  89.1701
0202-11-11_00:41:41.510000      2320.64       -4.16420700e-04        8.87056952e-06  90.0466  89.1960
0202-11-11_00:41:43.684000      2322.81       -6.42305000e-04        8.87038821e-06  90.0393  89.2093
0202-11-11_00:41:45.773000      2324.90       -4.79718600e-04        8.87534604e-06  90.0439  89.2715
0202-11-11_00:41:47.848000      2326.98       -4.95301800e-04        8.88399197e-06  90.0476  89.2869
0202-11-11_00:41:49.926000      2329.06       -4.52634500e-04        8.87256020e-06  90.1286  89.3070
0202-11-11_00:41:52.027000      2331.16       -1.44453000e-04        8.87717756e-06  90.0921  89.3212
0202-11-11_00:41:54.188000      2333.32       -4.00315600e-04        8.88959341e-06  90.1150  89.3350
0202-11-11_00:41:56.266000      2335.40       -3.12751200e-04        8.88919381e-06  90.1466  89.3312
0202-11-11_00:41:58.367000      2337.50       -4.67205600e-05        8.88504127e-06  90.1510  89.3721
0202-11-11_00:42:00.453000      2339.58       -1.51724100e-04        8.88608815e-06  90.1831  89.3703
0202-11-11_00:42:02.540000      2341.67       -7.28412500e-05        8.89039767e-06  90.1765  89.4035
0202-11-11_00:42:04.700000      2343.83        4.82649700e-05        8.89668842e-06  90.2326  89.4239
0202-11-11_00:42:06.793000      2345.92        7.45236500e-06        8.90093222e-06  90.2013  89.4064
0202-11-11_00:42:08.870000      2348.00        3.68380700e-05        8.89733760e-06  90.2685  89.4253
0202-11-11_00:42:10.957000      2350.09       -1.50683500e-04        8.89557121e-06  90.2436  89.4374
0202-11-11_00:42:13.050000      2352.18       -7.58829500e-05        8.90072267e-06  90.2719  89.4620
0202-11-11_00:42:15.195000      2354.32       -4.13224800e-04        8.90385256e-06  90.2520  89.4827
0202-11-11_00:42:17.277000      2356.41       -3.10893100e-04        8.90832991e-06  90.2805  89.4889
0202-11-11_00:42:19.355000      2358.49        8.24007400e-05        8.90160191e-06  90.3176  89.5055
0202-11-11_00:42:21.445000      2360.58       -3.61077500e-05        8.91526802e-06  90.3024  89.5422
0202-11-11_00:42:23.547000      2362.68       -2.16578500e-04        8.91013309e-06  90.3308  89.5606
0202-11-11_00:42:25.688000      2364.82        2.52259600e-04        8.91635906e-06  90.3882  89.5726
0202-11-11_00:42:27.793000      2366.92       -1.29384500e-04        8.91285735e-06  90.4281  89.5976
0202-11-11_00:42:29.870000      2369.00       -1.23151100e-06        8.91685771e-06  90.4322  89.6171
0202-11-11_00:42:31.957000      2371.09       -3.76793800e-04        8.90762290e-06  90.4656  89.6332
0202-11-11_00:42:34.040000      2373.17       -2.63406100e-04        8.92116508e-06  90.4521  89.6474
0202-11-11_00:42:36.180000      2375.31       -1.35250600e-04        8.92171312e-06  90.4455  89.6656
0202-11-11_00:42:38.260000      2377.39       -1.67902100e-04        8.92704323e-06  90.4409  89.6811
0202-11-11_00:42:40.336000      2379.47       -2.32611200e-04        8.93060706e-06  90.4866  89.7020
0202-11-11_00:42:42.420000      2381.55       -3.05110400e-04        8.93175364e-06  90.5303  89.7107
0202-11-11_00:42:44.500000      2383.63        2.44687500e-04        8.92533894e-06  90.5692  89.7315
0202-11-11_00:42:46.656000      2385.79        9.33807300e-05        8.92972977e-06  90.5109  89.7483
0202-11-11_00:42:48.754000      2387.88       -1.20557700e-04        8.93149904e-06  90.5708  89.7656
0202-11-11_00:42:50.836000      2389.97       -2.34218900e-05        8.93115816e-06  90.6002  89.7934
0202-11-11_00:42:52.934000      2392.06       -2.77431100e-04        8.92960698e-06  90.6205  89.8073
0202-11-11_00:42:55.030000      2394.16       -3.26629300e-04        8.93843895e-06  90.6018  89.8185
0202-11-11_00:42:57.200000      2396.33        1.31003100e-04        8.93902775e-06  90.6578  89.8397
0202-11-11_00:42:59.285000      2398.42        2.71125600e-05        8.94379601e-06  90.7027  89.8595
0202-11-11_00:43:01.380000      2400.51       -2.91828500e-04        8.94450879e-06  90.6439  89.8748
0202-11-11_00:43:03.457000      2402.59        2.03057800e-04        8.94850435e-06  90.6868  89.8869
0202-11-11_00:43:05.633000      2404.76        1.40726000e-04        8.94453803e-06  90.7216  89.9079
0202-11-11_00:43:07.727000      2406.86       -5.14677600e-05        8.94859755e-06  90.7403  89.9211
0202-11-11_00:43:09.800000      2408.93       -3.46587900e-04        8.94556726e-06  90.7852  89.9501
0202-11-11_00:43:11.887000      2411.02        2.32816500e-04        8.95263073e-06  90.7588  89.9622
0202-11-11_00:43:13.973000      2413.10        9.83538400e-05        8.95715511e-06  90.7998  89.9785
0202-11-11_00:43:16.050000      2415.18        1.77756200e-04        8.95796376e-06  90.7991  89.9960
0202-11-11_00:43:18.188000      2417.32       -1.39198300e-05        8.95446181e-06  90.8028  90.0168
0202-11-11_00:43:20.270000      2419.40        8.27702500e-05        8.95948202e-06  90.8180  90.0339
0202-11-11_00:43:22.348000      2421.48        2.76744500e-04        8.96788057e-06  90.8374  90.0455
0202-11-11_00:43:24.445000      2423.58       -1.87568500e-04        8.96143487e-06  90.8556  90.0628
0202-11-11_00:43:26.543000      2425.67       -6.80207000e-05        8.96372872e-06  90.8917  90.0777
0202-11-11_00:43:28.684000      2427.81       -2.23334800e-04        8.96853199e-06  90.9214  90.0988
0202-11-11_00:43:30.780000      2429.91        2.99338900e-05        8.97841748e-06  90.9543  90.1185
0202-11-11_00:43:32.863000      2432.00       -1.30872900e-04        8.96063121e-06  90.9257  90.1324
0202-11-11_00:43:34.953000      2434.08       -8.79809700e-05        8.97395603e-06  90.9724  90.1543
0202-11-11_00:43:37.035000      2436.17        1.36791500e-04        8.97538151e-06  90.9804  90.1750
0202-11-11_00:43:39.168000      2438.30        1.03325100e-04        8.97234686e-06  91.0266  90.1860
0202-11-11_00:43:41.260000      2440.39       -1.74875600e-04        8.97780073e-06  91.0310  90.2071
0202-11-11_00:43:43.340000      2442.47       -2.70563700e-05        8.97250163e-06  91.0313  90.2237
0202-11-11_00:43:45.438000      2444.57       -2.83738000e-04        8.98257309e-06  91.0711  90.2379
0202-11-11_00:43:47.510000      2446.64       -4.31632500e-04        8.98353375e-06  91.0387  90.2556
0202-11-11_00:43:49.670000      2448.80       -3.12011700e-04        8.98927032e-06  91.0594  90.2725
0202-11-11_00:43:51.754000      2450.89       -2.01220700e-04        8.99100525e-06  91.1234  90.2980
0202-11-11_00:43:53.848000      2452.98       -3.31378500e-04        8.99032352e-06  91.1300  90.3158
0202-11-11_00:43:55.934000      2455.06       -2.41587500e-04        8.99013323e-06  91.1443  90.3328
0202-11-11_00:43:58.030000      2457.16       -2.30085800e-04        8.99180795e-06  91.1879  90.3450
0202-11-11_00:44:00.200000      2459.33       -2.33351100e-04        8.98533125e-06  91.1666  90.3606
0202-11-11_00:44:02.280000      2461.41       -2.63404000e-04        8.99106547e-06  91.1777  90.3789
0202-11-11_00:44:04.383000      2463.51       -5.38118000e-04        8.99946336e-06  91.1925  90.3987
0202-11-11_00:44:06.457000      2465.59       -3.02659000e-04        9.00457652e-06  91.2148  90.4100
0202-11-11_00:44:08.570000      2467.70       -4.27623400e-04        9.00125900e-06  91.2427  90.4296
0202-11-11_00:44:10.727000      2469.86       -4.91740700e-04        9.00336626e-06  91.2824  90.4417
0202-11-11_00:44:12.800000      2471.93       -2.76170100e-04        8.99840677e-06  91.3321  90.4696
0202-11-11_00:44:14.875000      2474.01       -7.34364700e-05        9.00801351e-06  91.3278  90.4869
0202-11-11_00:44:16.965000      2476.10       -6.59670100e-04        9.01734118e-06  91.2855  90.5011